# "ClusterAnalysis.largest_size"
67 
66 
181 
192 
183 
267 
256 
424 
508 
883 
904 
1039 
1117 
1184 
1295 
1244 
1404 
1375 
1527 
1657 
1739 
1782 
1878 
1985 
2051 
2115 
2122 
2264 
2305 
2403 
2549 
2592 
2599 
2669 
2719 
2750 
2771 
2888 
2917 
2931 
2987 
2985 
3065 
3133 
3180 
3226 
3275 
3285 
3367 
3409 
3449 
3481 
3500 
3575 
3605 
3629 
3684 
3732 
3763 
3822 
3858 
3871 
3927 
3967 
3998 
4015 
4084 
4110 
4126 
4176 
4205 
4178 
4263 
4244 
4308 
4327 
4419 
4419 
4440 
4416 
4458 
4492 
4523 
4567 
4596 
4584 
4642 
4646 
4681 
4716 
4781 
4744 
4775 
4822 
4823 
4854 
4871 
4903 
4921 
4920 
4940 
