# "ClusterAnalysis.largest_size"
430 
434 
416 
420 
402 
410 
414 
407 
397 
399 
398 
379 
380 
354 
362 
386 
373 
369 
360 
359 
373 
362 
366 
363 
375 
358 
359 
347 
321 
338 
307 
317 
300 
307 
293 
278 
274 
275 
253 
264 
249 
244 
234 
238 
236 
219 
220 
216 
215 
207 
178 
189 
183 
169 
170 
168 
168 
165 
158 
157 
149 
139 
149 
125 
131 
125 
109 
118 
111 
97 
105 
98 
90 
98 
91 
99 
96 
97 
90 
105 
94 
98 
98 
98 
98 
90 
93 
90 
97 
94 
89 
81 
90 
89 
89 
88 
89 
87 
89 
94 
91 
