# "ClusterAnalysis.largest_size"
667 
733 
794 
799 
820 
821 
813 
861 
872 
914 
934 
959 
1043 
1067 
1133 
1153 
1251 
1287 
1284 
1353 
1401 
1411 
1494 
1534 
1579 
1561 
1624 
1647 
1717 
1743 
1790 
1807 
1852 
1912 
1919 
1938 
1972 
2013 
2001 
2067 
2053 
2092 
2120 
2130 
2182 
2197 
2257 
2254 
2275 
2317 
2321 
2344 
2397 
2437 
2470 
2499 
2487 
2540 
2568 
2602 
2603 
2638 
2651 
2675 
2716 
2747 
2753 
2786 
2774 
2800 
2804 
2836 
2803 
2823 
2809 
2853 
2878 
2869 
2872 
2912 
2925 
2918 
2933 
2936 
2953 
2953 
2991 
2944 
2999 
3027 
3042 
3065 
3056 
3087 
3068 
3081 
3103 
3115 
3084 
3133 
3143 
