# "ClusterAnalysis.largest_size"
193 
193 
229 
271 
361 
374 
384 
476 
486 
823 
881 
916 
995 
1048 
1151 
1280 
1380 
1432 
1570 
1654 
1704 
1724 
1781 
1901 
1947 
1973 
2042 
2131 
2144 
2251 
2259 
2377 
2370 
2455 
2517 
2578 
2630 
2728 
2795 
2851 
2880 
2951 
2957 
2992 
3109 
3113 
3171 
3177 
3225 
3285 
3381 
3403 
3480 
3475 
3536 
3595 
3606 
3682 
3650 
3688 
3763 
3802 
3828 
3892 
3869 
3977 
3949 
4011 
4034 
4071 
4075 
4108 
4166 
4204 
4220 
4195 
4266 
4296 
4338 
4363 
4382 
4400 
4414 
4455 
4427 
4458 
4504 
4504 
4534 
4561 
4556 
4576 
4612 
4623 
4650 
4726 
4706 
4755 
4752 
4790 
4798 
