# "ClusterAnalysis.largest_size"
101 
141 
122 
163 
151 
187 
266 
256 
277 
334 
393 
780 
442 
966 
1024 
1079 
1170 
1251 
1296 
1298 
1362 
1456 
1533 
1617 
1715 
1795 
1835 
1902 
1920 
1982 
2076 
2090 
2169 
2218 
2276 
2360 
2393 
2410 
2480 
2522 
2549 
2593 
2641 
2663 
2713 
2783 
2814 
2885 
2920 
2977 
3011 
3094 
3156 
3261 
3323 
3321 
3380 
3454 
3464 
3500 
3497 
3511 
3490 
3526 
3526 
3580 
3537 
3544 
3616 
3625 
3625 
3625 
3620 
3651 
3613 
3620 
3603 
3670 
3645 
3632 
3638 
3674 
3664 
3647 
3679 
3681 
3709 
3701 
3731 
3696 
3664 
3697 
3696 
3707 
3679 
3704 
3677 
3684 
3689 
3732 
3708 
