# "ClusterAnalysis.largest_size"
243 
213 
355 
273 
278 
261 
300 
274 
353 
327 
305 
275 
355 
352 
287 
313 
281 
307 
285 
223 
311 
297 
321 
343 
268 
282 
296 
271 
300 
346 
367 
398 
361 
389 
320 
355 
347 
312 
325 
325 
309 
346 
284 
313 
382 
329 
396 
351 
323 
343 
343 
415 
335 
314 
348 
360 
300 
307 
262 
316 
286 
307 
269 
306 
261 
296 
324 
356 
314 
279 
307 
273 
204 
253 
242 
279 
236 
218 
252 
294 
257 
209 
184 
235 
205 
149 
181 
109 
214 
195 
207 
232 
238 
227 
298 
276 
288 
261 
268 
232 
232 
