# "ClusterAnalysis.largest_size"
158 
157 
164 
163 
161 
159 
160 
163 
155 
161 
149 
157 
158 
156 
145 
159 
143 
154 
152 
144 
148 
151 
150 
151 
157 
143 
157 
149 
152 
143 
155 
151 
156 
160 
155 
156 
139 
148 
146 
141 
144 
154 
148 
157 
157 
140 
142 
154 
149 
152 
147 
145 
152 
146 
149 
140 
144 
151 
149 
137 
143 
153 
151 
146 
150 
147 
146 
153 
149 
155 
144 
145 
151 
151 
141 
136 
147 
147 
143 
149 
145 
145 
152 
148 
145 
146 
141 
145 
145 
149 
144 
150 
151 
144 
151 
149 
151 
156 
159 
147 
146 
