# "ClusterAnalysis.largest_size"
366 
354 
315 
309 
257 
235 
197 
180 
184 
195 
179 
170 
172 
169 
166 
181 
174 
180 
165 
164 
177 
161 
168 
160 
162 
155 
146 
171 
164 
175 
169 
162 
168 
153 
154 
177 
158 
171 
164 
171 
146 
164 
156 
170 
152 
174 
164 
163 
159 
163 
151 
164 
163 
167 
158 
173 
156 
157 
149 
157 
146 
170 
160 
159 
156 
157 
167 
162 
149 
161 
163 
153 
159 
164 
160 
164 
162 
157 
164 
162 
155 
163 
153 
154 
146 
153 
155 
163 
163 
154 
158 
168 
163 
155 
151 
155 
165 
163 
163 
167 
154 
