# "ClusterAnalysis.largest_size"
35 
81 
117 
101 
50 
176 
86 
90 
91 
163 
214 
214 
332 
363 
391 
362 
342 
380 
370 
378 
351 
348 
330 
370 
374 
335 
362 
361 
396 
418 
406 
402 
402 
476 
398 
410 
444 
462 
488 
484 
475 
513 
486 
597 
576 
514 
514 
646 
991 
980 
945 
962 
912 
994 
1152 
1095 
1236 
1223 
1173 
1266 
1338 
1385 
1516 
1563 
1587 
1640 
1676 
1739 
1817 
1884 
1962 
2049 
2096 
2140 
2174 
2237 
2251 
2357 
2460 
2402 
2477 
2546 
2589 
2673 
2669 
2713 
2813 
2816 
2848 
2895 
2946 
2949 
2952 
2953 
2994 
3002 
3021 
3029 
3097 
3080 
3119 
