# "ClusterAnalysis.largest_size"
176 
212 
257 
257 
271 
223 
324 
261 
317 
328 
335 
375 
520 
423 
463 
467 
472 
429 
472 
392 
443 
401 
473 
477 
527 
437 
577 
608 
543 
597 
654 
683 
721 
767 
778 
861 
914 
930 
1005 
1083 
1099 
1170 
1173 
1257 
1299 
1365 
1398 
1441 
1553 
1611 
1621 
1624 
1685 
1716 
1786 
1899 
1854 
1880 
1942 
1992 
2021 
2023 
2019 
2102 
2131 
2121 
2131 
2187 
2181 
2204 
2269 
2298 
2254 
2307 
2361 
2294 
2314 
2314 
2355 
2406 
2399 
2374 
2389 
2423 
2412 
2409 
2510 
2507 
2469 
2474 
2511 
2503 
2564 
2562 
2598 
2622 
2615 
2663 
2671 
2708 
2665 
