# "ClusterAnalysis.largest_size"
75 
93 
90 
65 
104 
110 
67 
81 
108 
115 
95 
106 
216 
284 
274 
217 
243 
264 
220 
229 
285 
297 
290 
250 
274 
319 
215 
251 
199 
231 
208 
283 
344 
669 
731 
557 
566 
605 
533 
764 
683 
723 
778 
728 
688 
674 
656 
757 
770 
776 
804 
763 
841 
751 
810 
772 
729 
642 
686 
707 
780 
754 
720 
788 
764 
800 
837 
897 
873 
983 
1006 
974 
944 
974 
1020 
975 
1036 
1129 
1122 
1094 
1081 
1155 
1181 
1130 
1109 
983 
1071 
1085 
1056 
1073 
1124 
1029 
1038 
1101 
1049 
1135 
1107 
1045 
1073 
1060 
1161 
