# "ClusterAnalysis.largest_size"
96 
130 
181 
129 
120 
143 
173 
108 
139 
157 
158 
159 
152 
136 
98 
121 
203 
225 
222 
330 
338 
355 
312 
342 
330 
325 
318 
336 
354 
662 
269 
367 
344 
325 
383 
345 
379 
352 
364 
394 
434 
461 
446 
475 
528 
515 
509 
539 
599 
568 
552 
498 
467 
555 
487 
519 
525 
526 
493 
518 
549 
647 
766 
541 
576 
744 
780 
682 
688 
668 
654 
524 
617 
633 
571 
611 
620 
584 
568 
640 
622 
647 
712 
692 
666 
689 
696 
698 
714 
746 
771 
869 
776 
786 
779 
787 
849 
902 
903 
886 
951 
