# "ClusterAnalysis.largest_size"
290 
238 
297 
240 
228 
247 
233 
230 
239 
235 
230 
238 
231 
228 
235 
233 
233 
228 
222 
234 
222 
237 
231 
232 
223 
235 
234 
230 
229 
215 
228 
231 
237 
238 
229 
233 
234 
222 
231 
229 
224 
233 
224 
240 
227 
230 
233 
233 
227 
232 
236 
224 
230 
233 
236 
226 
233 
229 
226 
232 
205 
227 
233 
236 
224 
228 
225 
212 
226 
221 
225 
223 
229 
232 
209 
221 
224 
217 
226 
232 
222 
218 
222 
223 
206 
211 
215 
225 
218 
228 
223 
223 
226 
224 
226 
224 
229 
218 
226 
224 
231 
