# "ClusterAnalysis.largest_size"
311 
328 
291 
241 
355 
399 
392 
401 
381 
270 
327 
358 
306 
358 
318 
318 
339 
369 
364 
292 
308 
291 
305 
221 
367 
364 
369 
376 
421 
365 
347 
339 
359 
379 
338 
364 
329 
396 
392 
357 
420 
468 
412 
416 
434 
433 
384 
428 
446 
455 
463 
520 
515 
513 
552 
520 
555 
535 
544 
520 
498 
505 
543 
537 
537 
520 
466 
520 
526 
566 
567 
562 
526 
545 
469 
460 
503 
506 
492 
499 
421 
463 
493 
479 
466 
458 
432 
394 
412 
483 
433 
448 
522 
478 
506 
502 
539 
550 
562 
530 
510 
