# "ClusterAnalysis.largest_size"
344 
331 
306 
292 
306 
289 
268 
268 
235 
204 
241 
233 
239 
222 
232 
215 
206 
206 
220 
218 
220 
217 
160 
196 
189 
176 
200 
169 
122 
156 
153 
178 
132 
179 
164 
131 
134 
109 
128 
135 
140 
125 
129 
131 
131 
119 
118 
117 
111 
110 
118 
90 
128 
106 
119 
116 
113 
96 
113 
108 
117 
119 
83 
95 
121 
98 
88 
108 
102 
114 
97 
84 
83 
96 
79 
66 
71 
63 
86 
95 
57 
92 
75 
65 
51 
72 
68 
72 
86 
81 
57 
75 
80 
69 
64 
76 
81 
79 
58 
87 
58 
