0 83970.96545458805
1 91145.99037600192
2 91720.99680129453
3 91663.76470999325
4 91414.25051754074
5 91461.28477425984
6 91602.22031844141
7 91878.10021807523
8 91858.89633367793
9 91500.4549252681
10 91588.34045032426
11 91535.79619708996
12 91825.42325701016
13 91687.27455986131
14 91642.26547106805
15 91722.59925262057
16 91729.98538665725
17 91986.82119373072
18 91583.3031908587
19 91502.8033888721
20 91691.5603178032
21 91612.14630115463
22 91589.8839429432
23 91738.43101222694
24 91482.09851459826
25 91450.04595576033
26 91733.0628867655
27 91947.9167061245
28 91753.21620550677
29 91598.47251694741
30 91747.68199415534
31 91664.96654498421
32 91709.35556220636
33 91474.35920398202
34 91829.55398658676
35 92227.86979481835
36 91779.99986603046
37 91926.60976440096
38 91879.74921273705
39 91848.3044606633
40 91596.91478631836
41 91649.93347953174
42 91743.42027822799
43 92078.78750532275
44 91823.08110426638
45 91525.06074731382
46 91879.2379621844
47 92003.12478323476
48 91865.72210016013
49 91892.30125240172
50 91794.91977174005
51 91635.39702547445
52 91996.52256526718
53 91682.58396743979
54 91799.69564673558
55 91857.11333231642
56 91676.87311358485
57 91791.56420327582
58 91919.3727169581
59 91733.7062154625
60 91555.77675821583
61 92086.22650738565
62 91755.85194140642
63 91816.0302950075
64 91747.78514602759
65 91821.96475292738
66 91853.10861785848
67 91858.26655495237
68 91875.19228797303
69 91767.82753838236
70 91563.12487052525
71 91791.99212778972
72 91886.77848391102
73 91716.7894678517
74 91625.77352242978
75 91714.74350679245
76 91897.61039113623
77 91734.37805051457
78 91786.46604850345
79 92127.3513794827
80 91866.77700057918
81 91925.41926538378
82 92226.13087269379
83 91777.88906407637
84 91791.44992333821
85 91683.36584955198
86 92072.77231087202
87 92129.57867054905
88 92151.82960807151
89 92030.49219017867
90 91843.1346916081
91 91611.6466278811
92 91955.15610377945
93 91883.57979609461
94 91802.4203497517
95 91870.77039452645
96 91894.00977526659
97 91730.49527517101
98 91885.15144686836
99 91706.14249690893
100 91950.75091032861
101 91893.55880750662
102 91915.90557441636
103 91918.438916186
104 91885.25172982739
105 91684.53195235318
106 92135.16249623256
107 92084.65971316997
108 91559.07810772074
109 91962.4116575695
110 92066.77619497332
111 91816.77041548741
112 91986.57778999596
113 91861.89187730495
114 91823.36538981821
115 92287.45021162245
116 91989.70292056506
117 91673.67222717572
118 91968.71858290346
119 91836.24840550715
120 92083.70865426293
121 92246.44434963849
122 92119.89557008477
123 91779.47537126481
124 91738.82230025172
125 91967.22445462583
126 92199.08807855668
127 91882.28466402259
128 91874.25406230416
129 92122.16950769082
130 91534.36960300112
131 91896.62872625022
132 91793.38656226876
133 91975.00909861756
134 92044.36874544749
135 91903.49487020691
136 91761.59303512014
137 91975.27064040583
138 91993.07527796079
139 91953.11127031583
140 92004.58357169476
141 92176.18577868662
142 91784.266531902
143 91735.74664834912
144 92364.97864293223
145 91992.43354089337
146 91752.74750593478
147 91915.80803399647
148 91933.66167544515
149 92004.83395299554
150 91812.94337760004
151 91907.72506087321
152 91914.76014941071
153 91744.61492503052
154 91978.69666776822
155 91865.542621786
156 92361.39591036539
157 91761.07738913476
158 91847.97998429593
159 91721.47177749156
160 91969.82798113335
161 91994.25177793227
162 92108.1690631011
163 92214.99880284174
164 91915.52995391164
165 91708.6199651989
166 91750.60588747905
167 91930.77794939569
168 91895.9573344416
169 92171.17880246347
170 91651.70134777132
171 92165.37975128191
172 92152.54267357112
173 91767.34933763565
174 91906.43937812114
175 92189.10967187045
176 91923.6355629188
177 91969.7295980447
178 92153.34444707402
179 92268.53953978175
180 91735.29677171151
181 91784.51245970857
182 92100.73737496579
183 91823.7822498858
184 91579.17193145519
185 91962.68823466825
186 92041.26388703303
187 92150.57266996313
188 91876.91410610639
189 91673.30971271466
190 91887.30101779841
191 91977.41665080134
192 92004.24287466354
193 91570.09742126107
194 91735.16366255993
195 91896.92950138416
196 91645.7806623591
197 91788.9649673648
198 91914.1971859521
199 91915.05322374326
200 91824.3792110635
201 91972.66286602919
202 92046.16438391933
203 91877.56588711476
204 91649.77142068015
205 91991.50167785684
206 91962.22047379782
207 91484.93599004133
208 91802.52450149924
209 91930.82776961214
210 91951.84190249376
211 91958.91318017071
212 91841.09651840122
213 91662.8221361049
214 91777.58696476347
215 91982.9012223673
216 91943.8639340394
217 91568.93249092842
218 91584.69729068321
219 91743.6174798838
220 91419.62827675116
221 91827.91305976077
222 92137.47406656339
223 91829.52379375469
224 91863.00155011914
225 92041.10311802322
226 92268.0281543737
227 91981.64268290409
228 91842.33258143446
229 91664.54458774668
230 91888.43286537587
231 91732.55586722595
232 92018.19219332398
233 91664.1867088497
234 91677.10210937992
235 91904.13435791252
236 91929.14282862828
237 91778.05431956057
238 91808.86331176638
239 91723.72494699474
240 91569.41990200752
241 91757.61972562347
242 91765.33933842444
243 91765.35459323261
244 91705.84046068646
245 91785.35398185262
246 91914.28789127406
247 92073.02339303201
248 91984.64506553579
249 91780.65935695563
250 91784.27989343628
251 92117.41529597451
252 91877.03944758259
253 91834.5776352145
254 92142.76439169495
255 91836.71685179499
256 92015.25998157206
257 91573.83039896151
258 91917.43101783343
259 91832.46206586914
260 91801.01039078008
261 92408.76719818206
262 91895.37486110967
263 91925.16545379433
264 91875.9280753696
265 92124.19051591131
266 91878.002362057
267 91775.08206410523
268 91897.66076700886
269 91898.05307018504
270 92019.14023833367
271 91690.14100784838
272 91919.50026641501
273 92233.13413328574
274 91776.06978617873
275 91800.90862868507
276 91817.43826909145
277 91961.17228218312
278 92025.55793986356
279 91940.01217479861
280 92327.43193885301
281 91983.03842971682
282 91768.97519346989
283 91701.03716623444
284 91822.05874953503
285 92271.17096430353
286 91932.37199473978
287 91733.41954621984
288 91969.19330832148
289 92112.22663960351
290 92025.82302071752
291 91824.19499769539
292 92160.76240926502
293 91943.42242091565
294 91906.74230792269
295 91719.22339915407
296 92164.19164102813
297 91941.17103437749
298 91433.27344822852
299 91791.20345059874
300 91924.96014714974
301 91783.73479258
302 91849.62155940734
303 92079.07698851127
304 92024.68462599152
305 91777.30641764778
306 91873.3787069094
307 91881.52787107094
308 92163.3263749976
309 91526.40403455253
310 91941.91604638805
311 92238.67783397426
312 91985.09124065543
313 91409.24304514873
314 91684.89981928634
315 91754.43843007137
316 91426.1477418967
317 92020.7891868198
318 91971.78426987324
319 91545.88865033281
320 91840.4981939746
321 92161.0026933952
322 91669.51101090357
323 91970.3843179598
324 92015.26900600857
325 91711.1521060878
326 92114.93720403299
327 92247.28078618614
328 91998.88070816039
329 91672.9320668157
330 91690.85602582071
331 92089.83609299384
332 92364.38482686169
333 91992.29846379935
334 91958.91130451823
335 91723.9125114484
336 91951.00272814617
337 92159.22063163796
338 92339.2354217073
339 91675.87437204689
340 91969.35815608736
341 92017.85374030918
342 92345.33543155392
343 91682.10215490134
344 91797.22602490461
345 92151.58213192159
346 92172.50914212891
347 91960.83152127061
348 92030.38392301052
349 91885.36380595894
350 91991.31277922748
351 92110.85704922947
352 91685.0670128529
353 91866.30130878092
354 91698.38037161298
355 92026.54205120541
356 92003.79112763166
357 92039.46943660102
358 92181.28859262352
359 91726.82777592752
360 91630.34430671723
361 91850.3073009722
362 91792.6943421107
363 92188.07096671034
364 92111.02297927032
365 91981.54984249994
366 91937.372953446
367 91788.9871078013
368 91902.83613834642
369 92202.4441912124
370 91836.61197377842
371 91792.37221725471
372 92055.86165209938
373 92049.94431287047
374 92175.84455113507
375 91512.81589908128
376 92042.36603067028
377 92003.45383265227
378 92079.31424256685
379 91898.86564695046
380 92022.24964537752
381 92168.67152848313
382 92207.9514156675
383 91936.30618075274
384 91763.74012488477
385 91991.50404786564
386 92154.36145099475
387 91678.26385491304
388 91968.95703128821
389 92098.96231564567
390 92026.23922486571
391 91871.58326101821
392 92003.28879956489
393 91887.06444566412
394 92357.96778484099
395 91844.40492380624
396 91746.42366434191
397 91920.88367825188
398 91800.64438341625
399 92209.38826181249
400 91834.93213800523
401 91552.68147206916
402 92004.21438504301
403 91917.87111254712
404 91506.28502854556
405 91824.77666693351
406 92051.53780651641
407 92082.09937927696
408 91609.18786019944
409 91679.96130447033
410 91750.5417940937
411 92134.4680711257
412 91947.01510912189
413 92119.17009155481
414 92031.06308963727
415 91819.48950854944
416 91900.24964433655
417 91954.71079019335
418 92135.06346264794
419 92096.58479520863
420 92153.5849153683
421 91768.3202991434
422 91966.61036537653
423 91884.72361107668
424 91794.19549975016
425 91846.64507881306
426 92211.17449600092
427 92152.82300813646
428 92441.83685450007
429 92063.91827791497
430 91821.02487182127
431 91982.81532719298
432 91913.76325644375
433 92293.96976509124
434 92006.38413422454
435 92105.67793923091
436 92211.174031199
437 91991.43148613295
438 91839.04216682278
439 92013.41798669523
440 92230.29204579766
441 91813.37813044128
442 91957.85914763418
443 91888.04731042073
444 92480.50053181312
445 91822.20776543391
446 91882.29445024588
447 92084.61900946868
448 92012.22458801692
449 92259.10044944056
450 91942.54941226055
451 91401.67235480943
452 91926.36466773793
453 91890.90811348999
454 92303.18921633584
455 91805.70452888594
456 92239.51654230259
457 92024.6978006355
458 91843.54056726287
459 92158.41245964018
460 92040.06535126551
461 91933.31227682592
462 91928.53733186888
463 91878.86965487775
464 92433.1532712997
465 92175.31256676764
466 92203.73202524008
467 92303.18770366696
468 92502.62684539265
469 92215.21376266718
470 92160.41380573374
471 92731.32043664597
472 92212.41683874046
473 92292.67657940766
474 92238.83919516602
475 92517.74168622549
476 92310.0541009606
477 92240.54479425742
478 92526.52843480937
479 92807.85345245249
480 92546.29239976502
481 92955.96802703604
482 93203.48814562192
483 92838.51234307865
484 93136.23711368859
485 93522.1236993137
486 93684.8053176884
487 93644.0654621099
488 94380.61254969118
489 94655.80117256235
490 95669.12837456132
491 96101.37206368931
492 97600.68839931837
493 99668.61175828864
494 104513.88440430166
495 113850.7093024761
496 124643.08482648511
497 133643.30045792795
498 139030.6566690031
499 143793.27446652474
500 146941.00112475775
501 147915.4616626464
502 146347.10908300788
503 145065.3290994121
504 146177.97838351285
505 146743.1915507399
506 148250.13531645766
507 147175.69116362443
508 146432.27158336205
509 149714.11624725128
510 149116.49628319894
511 146727.5523251622
512 147940.29734606497
513 147379.0297419789
514 146261.383322014
515 144622.56665193776
516 147544.76819346557
517 149429.7169025535
518 148882.3654155853
519 149732.66322210725
520 149860.85528556004
521 150195.46302158377
522 147043.0273408231
523 145725.67211563612
524 146088.68681685554
525 147826.23805430075
526 145728.99529295022
527 148370.94048417694
528 149023.8883566359
529 149271.1600272212
530 146914.98839752306
531 145049.91672654336
532 146873.8883245596
533 144343.05124794508
534 147768.80515610892
535 148572.6169470483
536 149420.97895191424
537 147716.5628625899
538 146332.7735734278
539 150067.00311910783
540 148492.2993913955
541 148552.9787308319
542 147244.35058573983
543 145196.76415218203
544 148170.69438210485
545 149378.07991347305
546 148446.91634503182
547 148224.1246107418
548 148215.9698772748
549 150038.0778894355
550 152850.8438984906
551 150040.25646158075
552 149973.7575997993
553 152331.4756272706
554 149496.26740688228
555 147549.1361847898
556 148340.3883232662
557 148090.30168328882
558 148570.82622354073
559 148101.21337152217
560 150515.03596487595
561 149948.23541401824
562 150499.61135229265
563 149830.9622199646
564 150135.52769498227
565 149954.14700129323
566 152837.96471702657
567 150552.92504845536
568 151182.85088297806
569 151125.25196480227
570 148900.7203450241
571 151546.1842006886
572 151570.02719041513
573 149357.44921679952
574 149405.50442173
575 148759.72774489084
576 149566.17117315225
577 152058.70442971037
578 150536.8810997084
579 151759.0994178816
580 151413.58045964735
581 152529.3612813193
582 148706.7060059271
583 149752.45181946515
584 152597.1966525287
585 149926.33459915617
586 148871.74118754495
587 149619.42828579477
588 150054.20501266414
589 150207.19880996703
590 151595.58124905272
591 154187.59860178566
592 150959.7259661664
593 150720.97125140228
594 150153.58286728093
595 152391.85558794418
596 148943.09801027947
597 148692.24793281287
598 150258.26864365273
599 150279.5675847074
600 152970.63994842465
601 152947.74222841574
602 151095.9887274475
603 150704.43954271625
604 150625.8326361306
605 151948.0491839278
606 151644.51732132363
607 152274.18966857964
608 150176.29493376613
609 151380.33816873105
610 151247.11267182688
611 147977.42098967225
612 150661.15535129022
613 150641.2411877149
614 150139.45811938093
615 151873.75713029303
616 153049.49654136502
617 151569.80805412936
618 148319.42672927614
619 149661.63670214618
620 151778.47031758406
621 150066.35968133414
622 150573.10936898543
623 154586.40494850447
624 151875.3623786266
625 152561.7499465605
626 151901.9848883466
627 153361.8906667782
628 151210.59946401438
629 149804.49402357324
630 152607.10850802768
631 151832.71519714923
632 150750.4231798329
633 154590.91112752
634 155303.59018762156
635 153778.54556753213
636 155166.9096964453
637 151981.71056070417
638 152192.17537876885
639 152041.07056258808
640 153301.90392565783
641 151971.90765813098
642 151489.59373197443
643 151640.02689326563
644 152085.43498662423
645 152071.7777912024
646 149705.50721190724
647 153588.9998832497
648 155845.5380938367
649 158781.99187042392
650 155224.85466314104
651 154082.39679315832
652 156141.49855590003
653 155307.78396140595
654 155476.14625187014
655 157724.2490947493
656 154928.7262751966
657 155423.93629671133
658 152702.19472537126
659 154189.7033665145
660 155454.39476386897
661 155990.79020005045
662 153724.13964720193
663 154298.3024303688
664 153725.19794908428
665 151732.47844629525
666 153299.3217696238
667 153330.66977504088
668 154741.8024093832
669 156650.38211593268
670 156475.34038542057
671 154229.01721818335
672 153100.40146466676
673 154202.7451684859
674 152778.25108911115
675 154648.885804115
676 157468.3619373108
677 153821.5101087715
678 153616.17334527423
679 155947.6829555104
680 154688.43086230053
681 154207.3903975944
682 154690.3468369447
683 152248.29002221822
684 156715.17309376886
685 155996.95986609027
686 154146.44845067756
687 155844.08066061526
688 157716.23423245686
689 155708.84076362083
690 156129.67801999475
691 155676.4216365203
692 153278.52892510497
693 153861.60969520276
694 155954.6021946499
695 153696.67678996903
696 154594.92704057097
697 157628.05757522394
698 156243.91871886863
699 155924.8578827598
700 154370.65884169695
701 157119.69516332552
702 157703.50753781988
703 155935.83930924375
704 157088.4190670204
705 153915.03776357652
706 155141.5614792719
707 156187.25120813647
708 154526.34500080583
709 154874.23106882698
710 153515.74582674293
711 156230.90000648896
712 155369.53801896615
713 154318.1509262374
714 154496.81355416213
715 152810.64917850433
716 155758.49536235424
717 156193.0603021052
718 156795.03162235906
719 155153.7034007087
720 152785.66441987597
721 154105.71728080223
722 155326.71330159728
723 156863.56587295656
724 158501.41054800444
725 161745.13349014302
726 164459.57171030217
727 161063.13421548106
728 158288.75158654104
729 155246.26210289946
730 157116.6486614989
731 159407.42995586366
732 155175.8871749659
733 156088.62198015873
734 157272.51478957056
735 158126.12016704466
736 158224.0770157567
737 155576.4227684235
738 156497.61127530813
739 156235.85999962734
740 153573.7295675264
741 153770.55191836445
742 156385.27442371228
743 154165.68098089966
744 157124.52271705616
745 156509.1355836508
746 158950.3283013782
747 158886.27391539028
748 155816.5653453987
749 155568.28914241403
750 156252.19853857782
751 155812.3844184244
752 156061.81278644528
753 156279.75889908418
754 154800.15096417695
755 159603.6610488532
756 156666.16574400937
757 156790.3762300416
758 155511.95301864663
759 155490.738367684
760 156427.00908938234
761 155839.53017479458
762 156253.18639784338
763 157181.73468921
764 157077.01895675922
765 157288.59525258414
766 157644.8762741519
767 159082.4358612958
768 157207.94889158735
769 154352.24229344825
770 156254.91606901324
771 158136.83944784765
772 159248.32730437943
773 157222.71429507207
774 159781.90001472476
775 162061.98866981253
776 156761.649160634
777 157814.75941014724
778 156156.5415784679
779 155031.21266342967
780 157465.1003298401
781 158966.5970809912
782 157367.79360209475
783 154847.8266168901
784 159053.33966474608
785 159190.2763809059
786 156984.5123174185
787 157280.87181053078
788 160748.95911743212
789 160114.99057862558
790 157857.95915093643
791 158028.29970133532
792 159632.61595026436
793 157091.79156838643
794 157025.14774231645
795 157568.31844206533
796 157487.39261531204
797 160599.41235157222
798 158538.13980530362
799 159776.38170235849
800 158380.4137839769
801 158003.88270219995
802 157234.33387337867
803 157473.1121416951
804 156198.32050174937
805 157416.59846974834
806 160265.45469364643
807 161031.3719879732
808 160217.95583496185
809 159714.12574420957
810 158260.01003157173
811 157151.28204843524
812 156001.3283980972
813 158476.94061189337
814 160372.22263825266
815 156346.7729661265
816 157785.2673782119
817 159330.75532533618
818 161364.6792865867
819 160680.4233167534
820 159119.96943644536
821 160617.78813325378
822 159933.5612193192
823 158450.67703351233
824 160682.81773291106
825 157233.93808313084
826 159804.24644346794
827 160883.8277167169
828 158776.00801254436
829 157988.7879871742
830 160115.8421323314
831 162230.0806476276
832 157864.7479563635
833 159623.85796178406
834 159945.29951591615
835 159906.02158576032
836 158431.72649575185
837 157679.21812701368
838 156180.5553432446
839 155634.67375664812
840 160045.48969605472
841 159009.0828411968
842 158236.834498396
843 159777.8568101556
844 160201.5343803484
845 161446.37155449743
846 159959.362872769
847 159386.38006494415
848 162117.14458970304
849 164623.06998098682
850 162184.8334440259
851 156962.96785899453
852 157878.3637222638
853 162344.53544257837
854 161272.1072379735
855 161366.57862408843
856 159547.83319779887
857 160884.39617601846
858 161755.35223602768
859 160875.52932959556
860 158522.49359278704
861 160795.10852436043
862 160970.8986139023
863 160301.58899904785
864 162232.02392830388
865 161588.41588001637
866 162361.87926995498
867 162167.9514219518
868 162398.66206448403
869 160329.60103171048
870 163231.66617652803
871 161333.9432899879
872 160614.37487056304
873 163057.23789405669
874 161751.65786475193
875 163991.5403406725
876 162621.10059751297
877 162391.3721618219
878 164484.7188697763
879 163466.62707029047
880 162603.23207425722
881 163924.033258968
882 161544.21241123247
883 164522.56849012096
884 163044.74354931858
885 163007.18486160543
886 162293.58614808336
887 160629.9641439695
888 161045.07136546553
889 160401.39551909425
890 160513.89223484392
891 162306.95945569157
892 159371.52611464536
893 163442.40635127123
894 163016.88794546225
895 160128.43879472496
896 159531.9142966784
897 161544.11382598113
898 162833.66137036704
899 160994.45557574302
900 162573.08699391826
901 162996.5118023294
902 161442.93739049323
903 161757.89064985132
904 162922.77475959188
905 161854.91226842668
906 162461.46974407247
907 165227.83316444588
908 164374.87748058143
909 160336.54281864295
910 162467.9451495779
911 163922.95034631138
912 166318.4577688163
913 163997.16972518936
914 163190.22150602672
915 161827.8275160688
916 161287.0371244137
917 162443.2742550042
918 162743.43181058674
919 165842.3830050725
920 164685.1083677806
921 163433.2568038598
922 164216.16415251244
923 164550.4664538382
924 167526.1223597982
925 165766.0274146602
926 166362.34459156342
927 165059.0176844404
928 166824.83005757898
929 163230.01001343466
930 159811.21686432563
931 164051.69834038505
932 164478.92409628746
933 163962.6794798623
934 162154.1238410124
935 163128.26032792206
936 165068.81275536606
937 165197.23007492977
938 162875.75129296642
939 160529.0012449842
940 163077.49534673162
941 165018.49670284486
942 164752.2438967499
943 161744.91254439575
944 162847.94359202034
945 163031.6449036268
946 163436.93345606775
947 164891.73745008738
948 166443.91886323248
949 165099.51057331104
950 166931.64979440332
951 163767.87562464396
952 165415.74854253387
953 163663.22019277
954 164821.7452111365
955 164149.2274333215
956 165951.57718714167
957 164212.9449176591
958 166235.71962531956
959 165935.05637563966
960 163273.68110008092
961 165379.45208363535
962 166001.63202636183
963 166842.91740558797
964 163800.73731710858
965 162984.67420561027
966 162588.0018108569
967 165795.0810136792
968 164263.69878976076
969 164828.39583968816
970 164343.85337745218
971 164810.93778024687
972 167698.7945886297
973 166163.95975382993
974 164987.65410563303
975 162820.9764163349
976 164863.15429433697
977 164773.46330196536
978 167195.06108946525
979 167828.31978630947
980 167889.39191899807
981 166293.69871444945
982 164916.78793243677
983 164663.3943894273
984 168288.6828842227
985 167956.82104788648
986 166710.78905531485
987 170505.74242715602
988 168992.8730915956
989 168068.894944588
990 167093.62377694936
991 166285.99023624053
992 165344.2148500565
993 164832.42475702567
994 165525.63106632576
995 168318.75117315655
996 167763.79550119693
997 167254.15906718664
998 166388.97360465478
999 169503.78155844004
1000 170086.70677796274