# "ClusterAnalysis.largest_size"
2174 
2189 
2196 
2227 
2224 
2273 
2250 
2274 
2303 
2298 
2341 
2325 
2341 
2396 
2380 
2395 
2353 
2358 
2371 
2398 
2374 
2377 
2363 
2363 
2364 
2357 
2409 
2400 
2461 
2478 
2443 
2419 
2425 
2457 
2417 
2458 
2424 
2414 
2459 
2455 
2442 
2434 
2476 
2477 
2496 
2488 
2466 
2483 
2504 
2517 
2528 
2534 
2549 
2553 
2516 
2533 
2509 
2523 
2516 
2511 
2507 
2511 
2504 
2430 
2476 
2523 
2508 
2486 
2491 
2499 
2548 
2514 
2578 
2538 
2538 
2543 
2584 
2581 
2568 
2564 
2566 
2567 
2556 
2542 
2601 
2652 
2630 
2626 
2611 
2595 
2595 
2600 
2619 
2638 
2611 
2618 
2618 
2640 
2661 
2666 
2654 
