# "ClusterAnalysis.largest_size"
85 
76 
110 
90 
146 
120 
137 
97 
99 
68 
50 
172 
79 
97 
90 
112 
134 
85 
122 
100 
128 
131 
140 
154 
106 
81 
92 
127 
79 
102 
143 
98 
142 
95 
99 
84 
104 
120 
131 
140 
208 
119 
122 
166 
152 
229 
196 
274 
196 
342 
218 
147 
178 
228 
201 
348 
177 
187 
92 
85 
77 
307 
178 
228 
96 
116 
92 
87 
148 
184 
86 
94 
109 
81 
83 
130 
167 
153 
110 
200 
319 
339 
270 
392 
310 
245 
247 
180 
211 
173 
139 
94 
144 
152 
125 
102 
130 
154 
258 
145 
180 
