# "ClusterAnalysis.largest_size"
977 
1089 
1015 
967 
953 
994 
959 
1020 
1026 
1017 
976 
982 
1088 
1018 
1059 
1006 
984 
958 
1034 
922 
840 
790 
898 
892 
969 
839 
900 
930 
941 
992 
1071 
1008 
968 
984 
999 
1002 
983 
1003 
1114 
974 
1115 
1101 
1140 
1095 
1015 
1148 
1101 
1113 
1145 
1023 
1080 
1200 
1135 
1092 
1175 
1081 
1116 
1085 
1190 
1154 
1111 
1101 
1073 
1005 
1056 
1061 
1020 
1026 
964 
953 
1042 
1023 
1063 
1144 
1089 
1098 
1096 
1037 
1066 
973 
999 
970 
945 
1013 
1046 
1084 
1076 
1074 
1089 
1050 
1034 
974 
1007 
1034 
959 
884 
988 
972 
952 
1004 
1020 
