# "ClusterAnalysis.largest_size"
2654 
2642 
2602 
2596 
2580 
2568 
2542 
2587 
2571 
2553 
2601 
2632 
2636 
2667 
2628 
2656 
2666 
2643 
2702 
2684 
2681 
2680 
2661 
2660 
2660 
2657 
2656 
2654 
2697 
2651 
2664 
2698 
2708 
2681 
2770 
2762 
2761 
2767 
2755 
2779 
2785 
2777 
2786 
2780 
2807 
2769 
2796 
2761 
2773 
2777 
2772 
2828 
2805 
2817 
2821 
2836 
2875 
2857 
2879 
2867 
2897 
2869 
2875 
2910 
2921 
2868 
2947 
2972 
2951 
2944 
2975 
2966 
3000 
2988 
2987 
2961 
2992 
3006 
3030 
3050 
3044 
3020 
3059 
3051 
3063 
3046 
3089 
3096 
3124 
3093 
3085 
3106 
3112 
3162 
3159 
3154 
3144 
3153 
3150 
3153 
3163 
