# "ClusterAnalysis.largest_size"
1020 
1050 
1082 
967 
1025 
1014 
1001 
1139 
1082 
1142 
1042 
1058 
1067 
1130 
1101 
1058 
1083 
1096 
1145 
1135 
1187 
1142 
1139 
1112 
1204 
1201 
1154 
1118 
1177 
1200 
1159 
1143 
1188 
1139 
1152 
1259 
1216 
1301 
1246 
1221 
1234 
1204 
1234 
1184 
1176 
1160 
1178 
1173 
1133 
1159 
1182 
1197 
1217 
1305 
1199 
1152 
1207 
1212 
1248 
1227 
1285 
1286 
1304 
1417 
1411 
1411 
1372 
1428 
1454 
1446 
1480 
1432 
1521 
1515 
1586 
1604 
1656 
1654 
1651 
1715 
1787 
1773 
1808 
1821 
1857 
1838 
1837 
1864 
1862 
1954 
1952 
2006 
2030 
2069 
2122 
2153 
2153 
2183 
2167 
2173 
2174 
