# "ClusterAnalysis.largest_size"
3163 
3190 
3182 
3185 
3204 
3178 
3195 
3198 
3206 
3254 
3218 
3232 
3221 
3232 
3241 
3228 
3248 
3212 
3224 
3247 
3258 
3266 
3257 
3256 
3283 
3349 
3337 
3313 
3317 
3318 
3324 
3320 
3300 
3296 
3329 
3319 
3308 
3293 
3303 
3280 
3320 
3299 
3302 
3257 
3283 
3276 
3280 
3292 
3298 
3279 
3292 
3282 
3297 
3313 
3273 
3286 
3261 
3274 
3263 
3286 
3247 
3267 
3287 
3296 
3313 
3319 
3328 
3306 
3302 
3310 
3316 
3328 
3319 
3328 
3320 
3307 
3314 
3328 
3297 
3330 
3284 
3281 
3304 
3287 
3330 
3295 
3296 
3319 
3332 
3331 
3305 
3337 
3314 
3301 
3299 
3315 
3320 
3271 
3287 
3323 
3324 
