# "ClusterAnalysis.largest_size"
897 
867 
712 
907 
870 
794 
650 
610 
508 
604 
690 
612 
723 
740 
765 
647 
708 
588 
651 
717 
744 
668 
676 
742 
806 
748 
785 
843 
854 
829 
894 
881 
907 
886 
860 
759 
879 
945 
863 
803 
768 
946 
898 
870 
809 
919 
939 
1019 
1004 
983 
970 
1046 
1038 
1073 
1084 
1002 
1096 
1025 
1012 
1026 
1082 
966 
1108 
1011 
904 
911 
991 
977 
1031 
892 
828 
1005 
1016 
961 
799 
735 
871 
823 
943 
885 
863 
853 
959 
963 
849 
994 
924 
968 
975 
1009 
1022 
999 
1052 
1031 
965 
1059 
1011 
873 
983 
1022 
977 
