# "ClusterAnalysis.largest_size"
180 
132 
78 
119 
123 
160 
103 
193 
194 
244 
207 
167 
145 
134 
141 
138 
166 
96 
142 
154 
241 
466 
249 
223 
273 
328 
374 
304 
306 
406 
468 
556 
561 
266 
323 
331 
244 
373 
164 
136 
236 
287 
289 
187 
329 
161 
159 
95 
151 
161 
149 
312 
210 
277 
275 
112 
223 
286 
212 
188 
162 
182 
110 
169 
247 
127 
151 
252 
191 
153 
164 
218 
119 
159 
103 
192 
257 
132 
112 
148 
123 
93 
112 
142 
195 
135 
247 
155 
120 
191 
262 
166 
262 
243 
237 
220 
200 
203 
186 
144 
254 
