# "ClusterAnalysis.largest_size"
3324 
3337 
3347 
3344 
3361 
3356 
3328 
3326 
3305 
3336 
3348 
3327 
3315 
3315 
3319 
3342 
3357 
3344 
3350 
3353 
3339 
3371 
3370 
3374 
3385 
3387 
3369 
3353 
3337 
3388 
3348 
3352 
3376 
3386 
3376 
3395 
3397 
3402 
3413 
3428 
3399 
3405 
3389 
3399 
3407 
3393 
3376 
3400 
3439 
3401 
3431 
3421 
3441 
3424 
3436 
3449 
3453 
3447 
3424 
3484 
3482 
3476 
3496 
3465 
3458 
3469 
3468 
3474 
3481 
3465 
3490 
3526 
3524 
3518 
3521 
3522 
3550 
3533 
3504 
3506 
3516 
3521 
3540 
3576 
3546 
3551 
3546 
3554 
3566 
3582 
3572 
3580 
3577 
3575 
3594 
3608 
3584 
3607 
3633 
3620 
3623 
