# "ClusterAnalysis.largest_size"
254 
245 
307 
225 
408 
479 
480 
466 
361 
478 
492 
365 
426 
474 
414 
459 
414 
427 
455 
490 
409 
485 
543 
385 
378 
554 
431 
480 
584 
409 
221 
410 
422 
351 
312 
274 
258 
252 
245 
261 
265 
273 
295 
438 
401 
423 
500 
153 
241 
226 
272 
318 
317 
253 
502 
432 
403 
346 
401 
367 
324 
336 
519 
369 
440 
402 
439 
441 
538 
565 
507 
356 
600 
469 
451 
641 
551 
571 
604 
653 
620 
408 
739 
347 
820 
442 
420 
389 
378 
409 
696 
433 
773 
591 
482 
475 
436 
640 
803 
820 
897 
