# "ClusterAnalysis.largest_size"
3700 
3701 
3684 
3686 
3681 
3692 
3697 
3679 
3686 
3679 
3693 
3697 
3670 
3681 
3669 
3670 
3665 
3649 
3671 
3692 
3683 
3686 
3679 
3688 
3698 
3684 
3686 
3709 
3695 
3700 
3677 
3691 
3674 
3675 
3671 
3675 
3667 
3662 
3675 
3651 
3652 
3654 
3650 
3641 
3652 
3642 
3654 
3646 
3661 
3670 
3649 
3644 
3658 
3658 
3647 
3641 
3637 
3640 
3637 
3614 
3614 
3626 
3624 
3634 
3641 
3643 
3623 
3644 
3655 
3624 
3626 
3617 
3606 
3623 
3595 
3600 
3576 
3611 
3598 
3580 
3565 
3573 
3559 
3564 
3558 
3532 
3532 
3542 
3536 
3548 
3522 
3518 
3526 
3537 
3541 
3527 
3531 
3522 
3530 
3537 
3561 
