# "ClusterAnalysis.largest_size"
3561 
3518 
3537 
3530 
3549 
3519 
3542 
3555 
3532 
3537 
3521 
3517 
3535 
3528 
3532 
3547 
3534 
3558 
3556 
3547 
3568 
3556 
3542 
3513 
3537 
3523 
3514 
3525 
3543 
3537 
3512 
3524 
3518 
3509 
3514 
3513 
3508 
3521 
3524 
3529 
3512 
3508 
3527 
3525 
3523 
3533 
3544 
3503 
3516 
3513 
3498 
3521 
3497 
3500 
3510 
3492 
3499 
3488 
3473 
3484 
3486 
3474 
3484 
3490 
3513 
3516 
3478 
3489 
3497 
3506 
3506 
3516 
3520 
3530 
3525 
3578 
3535 
3515 
3517 
3532 
3512 
3526 
3494 
3508 
3491 
3488 
3516 
3523 
3549 
3502 
3517 
3510 
3508 
3503 
3476 
3470 
3468 
3468 
3461 
3440 
3415 
