# "ClusterAnalysis.largest_size"
1699 
1719 
1716 
1710 
1682 
1649 
1675 
1684 
1599 
1616 
1590 
1593 
1605 
1676 
1605 
1600 
1608 
1561 
1646 
1623 
1640 
1689 
1711 
1675 
1714 
1698 
1652 
1623 
1645 
1631 
1655 
1659 
1646 
1593 
1625 
1651 
1613 
1601 
1556 
1584 
1587 
1658 
1660 
1639 
1602 
1615 
1622 
1638 
1610 
1625 
1600 
1592 
1643 
1630 
1608 
1666 
1627 
1670 
1685 
1645 
1666 
1608 
1639 
1586 
1614 
1626 
1597 
1632 
1623 
1647 
1631 
1607 
1585 
1601 
1580 
1563 
1575 
1598 
1576 
1602 
1592 
1612 
1675 
1672 
1602 
1614 
1626 
1683 
1667 
1731 
1692 
1709 
1711 
1732 
1706 
1683 
1639 
1594 
1647 
1630 
1600 
