# "ClusterAnalysis.largest_size"
2396 
2396 
2382 
2396 
2417 
2378 
2395 
2429 
2395 
2364 
2395 
2418 
2395 
2394 
2397 
2391 
2357 
2383 
2353 
2354 
2371 
2318 
2282 
2296 
2287 
2275 
2268 
2296 
2233 
2252 
2230 
2278 
2257 
2236 
2269 
2133 
2114 
2113 
2085 
2120 
2037 
2102 
2062 
2089 
2096 
2056 
2112 
2118 
2114 
2115 
2098 
2068 
2066 
2043 
2053 
2076 
1975 
2019 
1952 
1976 
1911 
1902 
1898 
1896 
1925 
1945 
1965 
1914 
1940 
1962 
1931 
1909 
1925 
1925 
1906 
1870 
1811 
1827 
1807 
1862 
1831 
1781 
1832 
1771 
1834 
1785 
1807 
1793 
1828 
1793 
1735 
1709 
1696 
1704 
1684 
1612 
1675 
1661 
1617 
1680 
1699 
