# "ClusterAnalysis.largest_size"
2835 
2848 
2857 
2844 
2835 
2819 
2856 
2851 
2854 
2881 
2870 
2868 
2842 
2878 
2869 
2869 
2882 
2871 
2892 
2889 
2913 
2905 
2902 
2866 
2884 
2869 
2882 
2907 
2874 
2899 
2870 
2859 
2874 
2874 
2859 
2837 
2844 
2850 
2811 
2824 
2813 
2815 
2805 
2810 
2817 
2797 
2788 
2770 
2743 
2769 
2769 
2753 
2769 
2770 
2750 
2746 
2740 
2741 
2697 
2732 
2744 
2766 
2765 
2774 
2691 
2731 
2742 
2717 
2696 
2657 
2705 
2686 
2722 
2722 
2687 
2699 
2675 
2700 
2704 
2659 
2667 
2668 
2668 
2662 
2665 
2608 
2661 
2708 
2669 
2686 
2639 
2691 
2642 
2686 
2660 
2606 
2675 
2695 
2661 
2658 
2673 
