# "ClusterAnalysis.largest_size"
1600 
1621 
1559 
1645 
1593 
1565 
1609 
1571 
1597 
1601 
1665 
1602 
1602 
1605 
1576 
1548 
1608 
1585 
1611 
1595 
1589 
1622 
1604 
1669 
1640 
1588 
1613 
1578 
1643 
1635 
1657 
1555 
1635 
1616 
1582 
1584 
1561 
1582 
1532 
1533 
1585 
1522 
1542 
1585 
1564 
1605 
1570 
1532 
1562 
1532 
1485 
1529 
1560 
1468 
1436 
1362 
1324 
1310 
1370 
1387 
1413 
1365 
1380 
1426 
1430 
1295 
1298 
1283 
1291 
1316 
1304 
1290 
1308 
1284 
1253 
1259 
1250 
1211 
1210 
1208 
1233 
1246 
1215 
1241 
1273 
1156 
1240 
1211 
1098 
1058 
1037 
1002 
965 
888 
937 
791 
717 
738 
685 
592 
530 
