# "ClusterAnalysis.largest_size"
2673 
2648 
2634 
2654 
2623 
2669 
2618 
2577 
2574 
2571 
2563 
2564 
2591 
2631 
2604 
2608 
2597 
2604 
2579 
2558 
2531 
2594 
2566 
2543 
2573 
2545 
2556 
2558 
2555 
2561 
2527 
2543 
2537 
2533 
2556 
2556 
2551 
2556 
2533 
2527 
2520 
2488 
2540 
2482 
2506 
2513 
2537 
2525 
2516 
2534 
2556 
2552 
2533 
2560 
2516 
2542 
2541 
2533 
2519 
2530 
2534 
2519 
2538 
2535 
2479 
2535 
2496 
2502 
2421 
2462 
2474 
2456 
2467 
2484 
2495 
2470 
2491 
2473 
2476 
2511 
2463 
2489 
2446 
2476 
2455 
2432 
2458 
2428 
2399 
2402 
2366 
2378 
2401 
2386 
2381 
2382 
2371 
2374 
2382 
2396 
2396 
