# "ClusterAnalysis.largest_size"
3128 
3163 
3175 
3151 
3143 
3167 
3135 
3145 
3107 
3128 
3121 
3139 
3114 
3091 
3106 
3115 
3118 
3111 
3061 
3089 
3103 
3088 
3089 
3076 
3065 
3048 
3057 
3055 
3032 
3035 
3085 
3075 
3082 
3095 
3100 
3075 
3081 
3093 
3056 
3067 
3076 
3062 
3058 
3054 
3050 
3010 
3071 
3034 
3057 
3072 
3085 
3052 
3054 
3016 
3031 
3004 
2998 
3008 
2992 
3003 
3005 
2977 
3020 
2978 
2976 
3015 
2970 
2973 
2989 
2978 
2977 
2974 
2996 
2995 
2995 
3003 
3006 
2983 
2951 
2960 
2973 
2987 
2998 
2989 
2972 
2958 
2981 
3011 
2992 
3017 
2976 
2962 
2930 
2941 
2940 
2934 
2941 
2961 
2986 
2950 
2991 
