# "ClusterAnalysis.largest_size"
3623 
3613 
3621 
3621 
3617 
3617 
3624 
3637 
3631 
3631 
3607 
3601 
3592 
3584 
3578 
3597 
3600 
3605 
3608 
3601 
3605 
3612 
3613 
3579 
3591 
3590 
3592 
3595 
3628 
3616 
3629 
3635 
3626 
3624 
3640 
3631 
3613 
3629 
3628 
3624 
3628 
3638 
3643 
3647 
3640 
3645 
3630 
3644 
3639 
3633 
3633 
3635 
3643 
3635 
3635 
3633 
3636 
3648 
3656 
3640 
3638 
3623 
3647 
3643 
3670 
3645 
3655 
3629 
3656 
3650 
3645 
3643 
3648 
3648 
3660 
3661 
3670 
3663 
3677 
3680 
3681 
3691 
3685 
3684 
3697 
3700 
3678 
3682 
3681 
3694 
3691 
3677 
3680 
3691 
3671 
3674 
3684 
3679 
3684 
3709 
3700 
