# "ClusterAnalysis.largest_size"
3218 
3202 
3216 
3203 
3183 
3152 
3168 
3130 
3133 
3157 
3137 
3140 
3158 
3136 
3130 
3125 
3134 
3110 
3103 
3088 
3096 
3075 
3075 
3107 
3099 
3119 
3113 
3104 
3125 
3094 
3127 
3100 
3136 
3132 
3149 
3145 
3169 
3153 
3152 
3124 
3104 
3102 
3105 
3110 
3143 
3143 
3146 
3134 
3125 
3115 
3112 
3155 
3128 
3158 
3146 
3155 
3142 
3145 
3121 
3143 
3176 
3145 
3162 
3148 
3196 
3148 
3139 
3130 
3136 
3115 
3110 
3144 
3108 
3123 
3124 
3136 
3150 
3106 
3149 
3117 
3115 
3118 
3118 
3125 
3117 
3107 
3116 
3111 
3111 
3132 
3123 
3150 
3143 
3136 
3126 
3102 
3143 
3126 
3103 
3106 
3128 
