# "ClusterAnalysis.largest_size"
2991 
2974 
2959 
2957 
2952 
2946 
2914 
2935 
2905 
2940 
2940 
2933 
2950 
2933 
2920 
2933 
2947 
2936 
2930 
2921 
2909 
2884 
2928 
2923 
2940 
2913 
2951 
2926 
2938 
2924 
2920 
2902 
2931 
2957 
2896 
2904 
2906 
2911 
2899 
2880 
2868 
2876 
2848 
2874 
2901 
2891 
2906 
2907 
2900 
2911 
2893 
2900 
2909 
2894 
2909 
2917 
2904 
2921 
2890 
2877 
2857 
2854 
2899 
2894 
2846 
2846 
2863 
2877 
2893 
2873 
2875 
2908 
2913 
2871 
2867 
2879 
2876 
2872 
2833 
2830 
2842 
2868 
2861 
2874 
2894 
2862 
2893 
2885 
2894 
2890 
2873 
2869 
2874 
2888 
2866 
2863 
2851 
2869 
2871 
2841 
2835 
