# "ClusterAnalysis.largest_size"
3415 
3413 
3453 
3453 
3459 
3469 
3451 
3466 
3490 
3479 
3464 
3479 
3479 
3470 
3464 
3437 
3459 
3473 
3457 
3453 
3437 
3443 
3439 
3406 
3422 
3430 
3442 
3423 
3420 
3414 
3408 
3395 
3382 
3381 
3379 
3362 
3370 
3355 
3383 
3378 
3366 
3409 
3379 
3376 
3405 
3397 
3392 
3387 
3393 
3365 
3326 
3350 
3377 
3332 
3356 
3368 
3379 
3343 
3333 
3363 
3369 
3362 
3361 
3357 
3353 
3319 
3348 
3317 
3320 
3306 
3310 
3304 
3296 
3299 
3291 
3294 
3287 
3303 
3330 
3295 
3299 
3289 
3302 
3312 
3288 
3281 
3274 
3267 
3266 
3276 
3271 
3267 
3232 
3211 
3251 
3251 
3229 
3223 
3255 
3228 
3218 
