4.320580274189913439e+01 -0.000000000000000000e+00 0.000000000000000000e+00 0.000000000000000000e+00 4.320580274189913439e+01 0.000000000000000000e+00 0.000000000000000000e+00 0.000000000000000000e+00 4.320580274189913439e+01
4.325588132569373556e+01 -0.000000000000000000e+00 0.000000000000000000e+00 0.000000000000000000e+00 4.325588132569373556e+01 0.000000000000000000e+00 0.000000000000000000e+00 0.000000000000000000e+00 4.325588132569373556e+01
4.324657166055332169e+01 -0.000000000000000000e+00 0.000000000000000000e+00 0.000000000000000000e+00 4.324657166055332169e+01 0.000000000000000000e+00 0.000000000000000000e+00 0.000000000000000000e+00 4.324657166055332169e+01
4.321629831066375971e+01 -0.000000000000000000e+00 0.000000000000000000e+00 0.000000000000000000e+00 4.321629831066375971e+01 0.000000000000000000e+00 0.000000000000000000e+00 0.000000000000000000e+00 4.321629831066375971e+01
4.320951322516253157e+01 -0.000000000000000000e+00 0.000000000000000000e+00 0.000000000000000000e+00 4.320951322516253157e+01 0.000000000000000000e+00 0.000000000000000000e+00 0.000000000000000000e+00 4.320951322516253157e+01
4.316949962146728126e+01 -0.000000000000000000e+00 0.000000000000000000e+00 0.000000000000000000e+00 4.316949962146728126e+01 0.000000000000000000e+00 0.000000000000000000e+00 0.000000000000000000e+00 4.316949962146728126e+01
4.318318180326784272e+01 -0.000000000000000000e+00 0.000000000000000000e+00 0.000000000000000000e+00 4.318318180326784272e+01 0.000000000000000000e+00 0.000000000000000000e+00 0.000000000000000000e+00 4.318318180326784272e+01
4.318617096213399975e+01 -0.000000000000000000e+00 0.000000000000000000e+00 0.000000000000000000e+00 4.318617096213399975e+01 0.000000000000000000e+00 0.000000000000000000e+00 0.000000000000000000e+00 4.318617096213399975e+01
4.322135031305354858e+01 -0.000000000000000000e+00 0.000000000000000000e+00 0.000000000000000000e+00 4.322135031305354858e+01 0.000000000000000000e+00 0.000000000000000000e+00 0.000000000000000000e+00 4.322135031305354858e+01
4.321142750909209695e+01 -0.000000000000000000e+00 0.000000000000000000e+00 0.000000000000000000e+00 4.321142750909209695e+01 0.000000000000000000e+00 0.000000000000000000e+00 0.000000000000000000e+00 4.321142750909209695e+01
4.325243966291091624e+01 -0.000000000000000000e+00 0.000000000000000000e+00 0.000000000000000000e+00 4.325243966291091624e+01 0.000000000000000000e+00 0.000000000000000000e+00 0.000000000000000000e+00 4.325243966291091624e+01
4.320595922343488837e+01 -0.000000000000000000e+00 0.000000000000000000e+00 0.000000000000000000e+00 4.320595922343488837e+01 0.000000000000000000e+00 0.000000000000000000e+00 0.000000000000000000e+00 4.320595922343488837e+01
4.321161085137769930e+01 -0.000000000000000000e+00 0.000000000000000000e+00 0.000000000000000000e+00 4.321161085137769930e+01 0.000000000000000000e+00 0.000000000000000000e+00 0.000000000000000000e+00 4.321161085137769930e+01
4.317001523084418579e+01 -0.000000000000000000e+00 0.000000000000000000e+00 0.000000000000000000e+00 4.317001523084418579e+01 0.000000000000000000e+00 0.000000000000000000e+00 0.000000000000000000e+00 4.317001523084418579e+01
4.321434249876458722e+01 -0.000000000000000000e+00 0.000000000000000000e+00 0.000000000000000000e+00 4.321434249876458722e+01 0.000000000000000000e+00 0.000000000000000000e+00 0.000000000000000000e+00 4.321434249876458722e+01
4.321998326116676736e+01 -0.000000000000000000e+00 0.000000000000000000e+00 0.000000000000000000e+00 4.321998326116676736e+01 0.000000000000000000e+00 0.000000000000000000e+00 0.000000000000000000e+00 4.321998326116676736e+01
4.318589563991663738e+01 -0.000000000000000000e+00 0.000000000000000000e+00 0.000000000000000000e+00 4.318589563991663738e+01 0.000000000000000000e+00 0.000000000000000000e+00 0.000000000000000000e+00 4.318589563991663738e+01
4.321743723750998356e+01 -0.000000000000000000e+00 0.000000000000000000e+00 0.000000000000000000e+00 4.321743723750998356e+01 0.000000000000000000e+00 0.000000000000000000e+00 0.000000000000000000e+00 4.321743723750998356e+01
4.316658890082923961e+01 -0.000000000000000000e+00 0.000000000000000000e+00 0.000000000000000000e+00 4.316658890082923961e+01 0.000000000000000000e+00 0.000000000000000000e+00 0.000000000000000000e+00 4.316658890082923961e+01
4.318712651785180867e+01 -0.000000000000000000e+00 0.000000000000000000e+00 0.000000000000000000e+00 4.318712651785180867e+01 0.000000000000000000e+00 0.000000000000000000e+00 0.000000000000000000e+00 4.318712651785180867e+01
4.321251651829128093e+01 -0.000000000000000000e+00 0.000000000000000000e+00 0.000000000000000000e+00 4.321251651829128093e+01 0.000000000000000000e+00 0.000000000000000000e+00 0.000000000000000000e+00 4.321251651829128093e+01
4.318962851461817820e+01 -0.000000000000000000e+00 0.000000000000000000e+00 0.000000000000000000e+00 4.318962851461817820e+01 0.000000000000000000e+00 0.000000000000000000e+00 0.000000000000000000e+00 4.318962851461817820e+01
4.318814972659448870e+01 -0.000000000000000000e+00 0.000000000000000000e+00 0.000000000000000000e+00 4.318814972659448870e+01 0.000000000000000000e+00 0.000000000000000000e+00 0.000000000000000000e+00 4.318814972659448870e+01
4.324507983339189821e+01 -0.000000000000000000e+00 0.000000000000000000e+00 0.000000000000000000e+00 4.324507983339189821e+01 0.000000000000000000e+00 0.000000000000000000e+00 0.000000000000000000e+00 4.324507983339189821e+01
4.314185133397015903e+01 -0.000000000000000000e+00 0.000000000000000000e+00 0.000000000000000000e+00 4.314185133397015903e+01 0.000000000000000000e+00 0.000000000000000000e+00 0.000000000000000000e+00 4.314185133397015903e+01
4.320807021134996262e+01 -0.000000000000000000e+00 0.000000000000000000e+00 0.000000000000000000e+00 4.320807021134996262e+01 0.000000000000000000e+00 0.000000000000000000e+00 0.000000000000000000e+00 4.320807021134996262e+01
4.321585724811109941e+01 -0.000000000000000000e+00 0.000000000000000000e+00 0.000000000000000000e+00 4.321585724811109941e+01 0.000000000000000000e+00 0.000000000000000000e+00 0.000000000000000000e+00 4.321585724811109941e+01
4.318314480176324821e+01 -0.000000000000000000e+00 0.000000000000000000e+00 0.000000000000000000e+00 4.318314480176324821e+01 0.000000000000000000e+00 0.000000000000000000e+00 0.000000000000000000e+00 4.318314480176324821e+01
4.318827924754943126e+01 -0.000000000000000000e+00 0.000000000000000000e+00 0.000000000000000000e+00 4.318827924754943126e+01 0.000000000000000000e+00 0.000000000000000000e+00 0.000000000000000000e+00 4.318827924754943126e+01
4.315620385630986533e+01 -0.000000000000000000e+00 0.000000000000000000e+00 0.000000000000000000e+00 4.315620385630986533e+01 0.000000000000000000e+00 0.000000000000000000e+00 0.000000000000000000e+00 4.315620385630986533e+01
4.321231645171714320e+01 -0.000000000000000000e+00 0.000000000000000000e+00 0.000000000000000000e+00 4.321231645171714320e+01 0.000000000000000000e+00 0.000000000000000000e+00 0.000000000000000000e+00 4.321231645171714320e+01
4.317212430587001393e+01 -0.000000000000000000e+00 0.000000000000000000e+00 0.000000000000000000e+00 4.317212430587001393e+01 0.000000000000000000e+00 0.000000000000000000e+00 0.000000000000000000e+00 4.317212430587001393e+01
4.321056200849621121e+01 -0.000000000000000000e+00 0.000000000000000000e+00 0.000000000000000000e+00 4.321056200849621121e+01 0.000000000000000000e+00 0.000000000000000000e+00 0.000000000000000000e+00 4.321056200849621121e+01
4.315635009657988519e+01 -0.000000000000000000e+00 0.000000000000000000e+00 0.000000000000000000e+00 4.315635009657988519e+01 0.000000000000000000e+00 0.000000000000000000e+00 0.000000000000000000e+00 4.315635009657988519e+01
4.322083031719176915e+01 -0.000000000000000000e+00 0.000000000000000000e+00 0.000000000000000000e+00 4.322083031719176915e+01 0.000000000000000000e+00 0.000000000000000000e+00 0.000000000000000000e+00 4.322083031719176915e+01
4.318772569087852986e+01 -0.000000000000000000e+00 0.000000000000000000e+00 0.000000000000000000e+00 4.318772569087852986e+01 0.000000000000000000e+00 0.000000000000000000e+00 0.000000000000000000e+00 4.318772569087852986e+01
4.318530921528771671e+01 -0.000000000000000000e+00 0.000000000000000000e+00 0.000000000000000000e+00 4.318530921528771671e+01 0.000000000000000000e+00 0.000000000000000000e+00 0.000000000000000000e+00 4.318530921528771671e+01
4.321141872334270317e+01 -0.000000000000000000e+00 0.000000000000000000e+00 0.000000000000000000e+00 4.321141872334270317e+01 0.000000000000000000e+00 0.000000000000000000e+00 0.000000000000000000e+00 4.321141872334270317e+01
4.325376630301160219e+01 -0.000000000000000000e+00 0.000000000000000000e+00 0.000000000000000000e+00 4.325376630301160219e+01 0.000000000000000000e+00 0.000000000000000000e+00 0.000000000000000000e+00 4.325376630301160219e+01
4.324595596654050667e+01 -0.000000000000000000e+00 0.000000000000000000e+00 0.000000000000000000e+00 4.324595596654050667e+01 0.000000000000000000e+00 0.000000000000000000e+00 0.000000000000000000e+00 4.324595596654050667e+01
4.327035321557524128e+01 -0.000000000000000000e+00 0.000000000000000000e+00 0.000000000000000000e+00 4.327035321557524128e+01 0.000000000000000000e+00 0.000000000000000000e+00 0.000000000000000000e+00 4.327035321557524128e+01
4.329064839831679024e+01 -0.000000000000000000e+00 0.000000000000000000e+00 0.000000000000000000e+00 4.329064839831679024e+01 0.000000000000000000e+00 0.000000000000000000e+00 0.000000000000000000e+00 4.329064839831679024e+01
4.327382191713540749e+01 -0.000000000000000000e+00 0.000000000000000000e+00 0.000000000000000000e+00 4.327382191713540749e+01 0.000000000000000000e+00 0.000000000000000000e+00 0.000000000000000000e+00 4.327382191713540749e+01
4.331075623248931805e+01 -0.000000000000000000e+00 0.000000000000000000e+00 0.000000000000000000e+00 4.331075623248931805e+01 0.000000000000000000e+00 0.000000000000000000e+00 0.000000000000000000e+00 4.331075623248931805e+01
4.330056107391447284e+01 -0.000000000000000000e+00 0.000000000000000000e+00 0.000000000000000000e+00 4.330056107391447284e+01 0.000000000000000000e+00 0.000000000000000000e+00 0.000000000000000000e+00 4.330056107391447284e+01
4.333650122968736440e+01 -0.000000000000000000e+00 0.000000000000000000e+00 0.000000000000000000e+00 4.333650122968736440e+01 0.000000000000000000e+00 0.000000000000000000e+00 0.000000000000000000e+00 4.333650122968736440e+01
4.336974160776208009e+01 -0.000000000000000000e+00 0.000000000000000000e+00 0.000000000000000000e+00 4.336974160776208009e+01 0.000000000000000000e+00 0.000000000000000000e+00 0.000000000000000000e+00 4.336974160776208009e+01
4.335567932726654305e+01 -0.000000000000000000e+00 0.000000000000000000e+00 0.000000000000000000e+00 4.335567932726654305e+01 0.000000000000000000e+00 0.000000000000000000e+00 0.000000000000000000e+00 4.335567932726654305e+01
4.336061982642458190e+01 -0.000000000000000000e+00 0.000000000000000000e+00 0.000000000000000000e+00 4.336061982642458190e+01 0.000000000000000000e+00 0.000000000000000000e+00 0.000000000000000000e+00 4.336061982642458190e+01
4.336872466343061916e+01 -0.000000000000000000e+00 0.000000000000000000e+00 0.000000000000000000e+00 4.336872466343061916e+01 0.000000000000000000e+00 0.000000000000000000e+00 0.000000000000000000e+00 4.336872466343061916e+01
4.337652580832056515e+01 -0.000000000000000000e+00 0.000000000000000000e+00 0.000000000000000000e+00 4.337652580832056515e+01 0.000000000000000000e+00 0.000000000000000000e+00 0.000000000000000000e+00 4.337652580832056515e+01
