4.334596125015650614e+01 -0.000000000000000000e+00 0.000000000000000000e+00 0.000000000000000000e+00 4.334596125015650614e+01 0.000000000000000000e+00 0.000000000000000000e+00 0.000000000000000000e+00 4.334596125015650614e+01
4.341115921902645880e+01 -0.000000000000000000e+00 0.000000000000000000e+00 0.000000000000000000e+00 4.341115921902645880e+01 0.000000000000000000e+00 0.000000000000000000e+00 0.000000000000000000e+00 4.341115921902645880e+01
4.333835633242608765e+01 -0.000000000000000000e+00 0.000000000000000000e+00 0.000000000000000000e+00 4.333835633242608765e+01 0.000000000000000000e+00 0.000000000000000000e+00 0.000000000000000000e+00 4.333835633242608765e+01
4.334290702088702574e+01 -0.000000000000000000e+00 0.000000000000000000e+00 0.000000000000000000e+00 4.334290702088702574e+01 0.000000000000000000e+00 0.000000000000000000e+00 0.000000000000000000e+00 4.334290702088702574e+01
4.331809182574902906e+01 -0.000000000000000000e+00 0.000000000000000000e+00 0.000000000000000000e+00 4.331809182574902906e+01 0.000000000000000000e+00 0.000000000000000000e+00 0.000000000000000000e+00 4.331809182574902906e+01
4.333068363257747535e+01 -0.000000000000000000e+00 0.000000000000000000e+00 0.000000000000000000e+00 4.333068363257747535e+01 0.000000000000000000e+00 0.000000000000000000e+00 0.000000000000000000e+00 4.333068363257747535e+01
4.334725358374784321e+01 -0.000000000000000000e+00 0.000000000000000000e+00 0.000000000000000000e+00 4.334725358374784321e+01 0.000000000000000000e+00 0.000000000000000000e+00 0.000000000000000000e+00 4.334725358374784321e+01
4.335452536157616521e+01 -0.000000000000000000e+00 0.000000000000000000e+00 0.000000000000000000e+00 4.335452536157616521e+01 0.000000000000000000e+00 0.000000000000000000e+00 0.000000000000000000e+00 4.335452536157616521e+01
4.337391464891831561e+01 -0.000000000000000000e+00 0.000000000000000000e+00 0.000000000000000000e+00 4.337391464891831561e+01 0.000000000000000000e+00 0.000000000000000000e+00 0.000000000000000000e+00 4.337391464891831561e+01
4.331096680104658958e+01 -0.000000000000000000e+00 0.000000000000000000e+00 0.000000000000000000e+00 4.331096680104658958e+01 0.000000000000000000e+00 0.000000000000000000e+00 0.000000000000000000e+00 4.331096680104658958e+01
4.333694880578117647e+01 -0.000000000000000000e+00 0.000000000000000000e+00 0.000000000000000000e+00 4.333694880578117647e+01 0.000000000000000000e+00 0.000000000000000000e+00 0.000000000000000000e+00 4.333694880578117647e+01
4.332667368994799517e+01 -0.000000000000000000e+00 0.000000000000000000e+00 0.000000000000000000e+00 4.332667368994799517e+01 0.000000000000000000e+00 0.000000000000000000e+00 0.000000000000000000e+00 4.332667368994799517e+01
4.325990713411368915e+01 -0.000000000000000000e+00 0.000000000000000000e+00 0.000000000000000000e+00 4.325990713411368915e+01 0.000000000000000000e+00 0.000000000000000000e+00 0.000000000000000000e+00 4.325990713411368915e+01
4.331173230480118264e+01 -0.000000000000000000e+00 0.000000000000000000e+00 0.000000000000000000e+00 4.331173230480118264e+01 0.000000000000000000e+00 0.000000000000000000e+00 0.000000000000000000e+00 4.331173230480118264e+01
4.330430361807255935e+01 -0.000000000000000000e+00 0.000000000000000000e+00 0.000000000000000000e+00 4.330430361807255935e+01 0.000000000000000000e+00 0.000000000000000000e+00 0.000000000000000000e+00 4.330430361807255935e+01
4.331092294443606505e+01 -0.000000000000000000e+00 0.000000000000000000e+00 0.000000000000000000e+00 4.331092294443606505e+01 0.000000000000000000e+00 0.000000000000000000e+00 0.000000000000000000e+00 4.331092294443606505e+01
4.329247123391138530e+01 -0.000000000000000000e+00 0.000000000000000000e+00 0.000000000000000000e+00 4.329247123391138530e+01 0.000000000000000000e+00 0.000000000000000000e+00 0.000000000000000000e+00 4.329247123391138530e+01
4.330718472891355475e+01 -0.000000000000000000e+00 0.000000000000000000e+00 0.000000000000000000e+00 4.330718472891355475e+01 0.000000000000000000e+00 0.000000000000000000e+00 0.000000000000000000e+00 4.330718472891355475e+01
4.329665498078222186e+01 -0.000000000000000000e+00 0.000000000000000000e+00 0.000000000000000000e+00 4.329665498078222186e+01 0.000000000000000000e+00 0.000000000000000000e+00 0.000000000000000000e+00 4.329665498078222186e+01
4.328946425089734618e+01 -0.000000000000000000e+00 0.000000000000000000e+00 0.000000000000000000e+00 4.328946425089734618e+01 0.000000000000000000e+00 0.000000000000000000e+00 0.000000000000000000e+00 4.328946425089734618e+01
4.330554604108367300e+01 -0.000000000000000000e+00 0.000000000000000000e+00 0.000000000000000000e+00 4.330554604108367300e+01 0.000000000000000000e+00 0.000000000000000000e+00 0.000000000000000000e+00 4.330554604108367300e+01
4.333185646900648891e+01 -0.000000000000000000e+00 0.000000000000000000e+00 0.000000000000000000e+00 4.333185646900648891e+01 0.000000000000000000e+00 0.000000000000000000e+00 0.000000000000000000e+00 4.333185646900648891e+01
4.332888826634119539e+01 -0.000000000000000000e+00 0.000000000000000000e+00 0.000000000000000000e+00 4.332888826634119539e+01 0.000000000000000000e+00 0.000000000000000000e+00 0.000000000000000000e+00 4.332888826634119539e+01
4.333874064581327445e+01 -0.000000000000000000e+00 0.000000000000000000e+00 0.000000000000000000e+00 4.333874064581327445e+01 0.000000000000000000e+00 0.000000000000000000e+00 0.000000000000000000e+00 4.333874064581327445e+01
4.333559011143229611e+01 -0.000000000000000000e+00 0.000000000000000000e+00 0.000000000000000000e+00 4.333559011143229611e+01 0.000000000000000000e+00 0.000000000000000000e+00 0.000000000000000000e+00 4.333559011143229611e+01
4.330657878222736201e+01 -0.000000000000000000e+00 0.000000000000000000e+00 0.000000000000000000e+00 4.330657878222736201e+01 0.000000000000000000e+00 0.000000000000000000e+00 0.000000000000000000e+00 4.330657878222736201e+01
4.334354993273385048e+01 -0.000000000000000000e+00 0.000000000000000000e+00 0.000000000000000000e+00 4.334354993273385048e+01 0.000000000000000000e+00 0.000000000000000000e+00 0.000000000000000000e+00 4.334354993273385048e+01
4.332958037205053614e+01 -0.000000000000000000e+00 0.000000000000000000e+00 0.000000000000000000e+00 4.332958037205053614e+01 0.000000000000000000e+00 0.000000000000000000e+00 0.000000000000000000e+00 4.332958037205053614e+01
4.331305771881451250e+01 -0.000000000000000000e+00 0.000000000000000000e+00 0.000000000000000000e+00 4.331305771881451250e+01 0.000000000000000000e+00 0.000000000000000000e+00 0.000000000000000000e+00 4.331305771881451250e+01
4.333456632007183629e+01 -0.000000000000000000e+00 0.000000000000000000e+00 0.000000000000000000e+00 4.333456632007183629e+01 0.000000000000000000e+00 0.000000000000000000e+00 0.000000000000000000e+00 4.333456632007183629e+01
4.328620104356247111e+01 -0.000000000000000000e+00 0.000000000000000000e+00 0.000000000000000000e+00 4.328620104356247111e+01 0.000000000000000000e+00 0.000000000000000000e+00 0.000000000000000000e+00 4.328620104356247111e+01
4.326833318195529898e+01 -0.000000000000000000e+00 0.000000000000000000e+00 0.000000000000000000e+00 4.326833318195529898e+01 0.000000000000000000e+00 0.000000000000000000e+00 0.000000000000000000e+00 4.326833318195529898e+01
4.330459655866156510e+01 -0.000000000000000000e+00 0.000000000000000000e+00 0.000000000000000000e+00 4.330459655866156510e+01 0.000000000000000000e+00 0.000000000000000000e+00 0.000000000000000000e+00 4.330459655866156510e+01
4.331221761315725871e+01 -0.000000000000000000e+00 0.000000000000000000e+00 0.000000000000000000e+00 4.331221761315725871e+01 0.000000000000000000e+00 0.000000000000000000e+00 0.000000000000000000e+00 4.331221761315725871e+01
4.334396624769136963e+01 -0.000000000000000000e+00 0.000000000000000000e+00 0.000000000000000000e+00 4.334396624769136963e+01 0.000000000000000000e+00 0.000000000000000000e+00 0.000000000000000000e+00 4.334396624769136963e+01
4.333742101471515440e+01 -0.000000000000000000e+00 0.000000000000000000e+00 0.000000000000000000e+00 4.333742101471515440e+01 0.000000000000000000e+00 0.000000000000000000e+00 0.000000000000000000e+00 4.333742101471515440e+01
4.327888772184451938e+01 -0.000000000000000000e+00 0.000000000000000000e+00 0.000000000000000000e+00 4.327888772184451938e+01 0.000000000000000000e+00 0.000000000000000000e+00 0.000000000000000000e+00 4.327888772184451938e+01
4.335552588620626580e+01 -0.000000000000000000e+00 0.000000000000000000e+00 0.000000000000000000e+00 4.335552588620626580e+01 0.000000000000000000e+00 0.000000000000000000e+00 0.000000000000000000e+00 4.335552588620626580e+01
4.331998611379792408e+01 -0.000000000000000000e+00 0.000000000000000000e+00 0.000000000000000000e+00 4.331998611379792408e+01 0.000000000000000000e+00 0.000000000000000000e+00 0.000000000000000000e+00 4.331998611379792408e+01
4.329071974778403131e+01 -0.000000000000000000e+00 0.000000000000000000e+00 0.000000000000000000e+00 4.329071974778403131e+01 0.000000000000000000e+00 0.000000000000000000e+00 0.000000000000000000e+00 4.329071974778403131e+01
4.329673719902531559e+01 -0.000000000000000000e+00 0.000000000000000000e+00 0.000000000000000000e+00 4.329673719902531559e+01 0.000000000000000000e+00 0.000000000000000000e+00 0.000000000000000000e+00 4.329673719902531559e+01
4.331207316446356259e+01 -0.000000000000000000e+00 0.000000000000000000e+00 0.000000000000000000e+00 4.331207316446356259e+01 0.000000000000000000e+00 0.000000000000000000e+00 0.000000000000000000e+00 4.331207316446356259e+01
4.331340028904646999e+01 -0.000000000000000000e+00 0.000000000000000000e+00 0.000000000000000000e+00 4.331340028904646999e+01 0.000000000000000000e+00 0.000000000000000000e+00 0.000000000000000000e+00 4.331340028904646999e+01
4.332233679014137095e+01 -0.000000000000000000e+00 0.000000000000000000e+00 0.000000000000000000e+00 4.332233679014137095e+01 0.000000000000000000e+00 0.000000000000000000e+00 0.000000000000000000e+00 4.332233679014137095e+01
4.331734900761058782e+01 -0.000000000000000000e+00 0.000000000000000000e+00 0.000000000000000000e+00 4.331734900761058782e+01 0.000000000000000000e+00 0.000000000000000000e+00 0.000000000000000000e+00 4.331734900761058782e+01
4.329550277852819562e+01 -0.000000000000000000e+00 0.000000000000000000e+00 0.000000000000000000e+00 4.329550277852819562e+01 0.000000000000000000e+00 0.000000000000000000e+00 0.000000000000000000e+00 4.329550277852819562e+01
4.332541680783630511e+01 -0.000000000000000000e+00 0.000000000000000000e+00 0.000000000000000000e+00 4.332541680783630511e+01 0.000000000000000000e+00 0.000000000000000000e+00 0.000000000000000000e+00 4.332541680783630511e+01
4.330830795092651897e+01 -0.000000000000000000e+00 0.000000000000000000e+00 0.000000000000000000e+00 4.330830795092651897e+01 0.000000000000000000e+00 0.000000000000000000e+00 0.000000000000000000e+00 4.330830795092651897e+01
4.326444622954110741e+01 -0.000000000000000000e+00 0.000000000000000000e+00 0.000000000000000000e+00 4.326444622954110741e+01 0.000000000000000000e+00 0.000000000000000000e+00 0.000000000000000000e+00 4.326444622954110741e+01
4.330704784963167242e+01 -0.000000000000000000e+00 0.000000000000000000e+00 0.000000000000000000e+00 4.330704784963167242e+01 0.000000000000000000e+00 0.000000000000000000e+00 0.000000000000000000e+00 4.330704784963167242e+01
4.329461272546153339e+01 -0.000000000000000000e+00 0.000000000000000000e+00 0.000000000000000000e+00 4.329461272546153339e+01 0.000000000000000000e+00 0.000000000000000000e+00 0.000000000000000000e+00 4.329461272546153339e+01
