4.337652580832056515e+01 -0.000000000000000000e+00 0.000000000000000000e+00 0.000000000000000000e+00 4.337652580832056515e+01 0.000000000000000000e+00 0.000000000000000000e+00 0.000000000000000000e+00 4.337652580832056515e+01
4.338198076736898656e+01 -0.000000000000000000e+00 0.000000000000000000e+00 0.000000000000000000e+00 4.338198076736898656e+01 0.000000000000000000e+00 0.000000000000000000e+00 0.000000000000000000e+00 4.338198076736898656e+01
4.342630601955801239e+01 -0.000000000000000000e+00 0.000000000000000000e+00 0.000000000000000000e+00 4.342630601955801239e+01 0.000000000000000000e+00 0.000000000000000000e+00 0.000000000000000000e+00 4.342630601955801239e+01
4.339288420509722499e+01 -0.000000000000000000e+00 0.000000000000000000e+00 0.000000000000000000e+00 4.339288420509722499e+01 0.000000000000000000e+00 0.000000000000000000e+00 0.000000000000000000e+00 4.339288420509722499e+01
4.336666399378792391e+01 -0.000000000000000000e+00 0.000000000000000000e+00 0.000000000000000000e+00 4.336666399378792391e+01 0.000000000000000000e+00 0.000000000000000000e+00 0.000000000000000000e+00 4.336666399378792391e+01
4.343574056990236443e+01 -0.000000000000000000e+00 0.000000000000000000e+00 0.000000000000000000e+00 4.343574056990236443e+01 0.000000000000000000e+00 0.000000000000000000e+00 0.000000000000000000e+00 4.343574056990236443e+01
4.337241677250899841e+01 -0.000000000000000000e+00 0.000000000000000000e+00 0.000000000000000000e+00 4.337241677250899841e+01 0.000000000000000000e+00 0.000000000000000000e+00 0.000000000000000000e+00 4.337241677250899841e+01
4.338144861460041568e+01 -0.000000000000000000e+00 0.000000000000000000e+00 0.000000000000000000e+00 4.338144861460041568e+01 0.000000000000000000e+00 0.000000000000000000e+00 0.000000000000000000e+00 4.338144861460041568e+01
4.340024364223081932e+01 -0.000000000000000000e+00 0.000000000000000000e+00 0.000000000000000000e+00 4.340024364223081932e+01 0.000000000000000000e+00 0.000000000000000000e+00 0.000000000000000000e+00 4.340024364223081932e+01
4.343325220009212728e+01 -0.000000000000000000e+00 0.000000000000000000e+00 0.000000000000000000e+00 4.343325220009212728e+01 0.000000000000000000e+00 0.000000000000000000e+00 0.000000000000000000e+00 4.343325220009212728e+01
4.335596390220969454e+01 -0.000000000000000000e+00 0.000000000000000000e+00 0.000000000000000000e+00 4.335596390220969454e+01 0.000000000000000000e+00 0.000000000000000000e+00 0.000000000000000000e+00 4.335596390220969454e+01
4.339336349066287113e+01 -0.000000000000000000e+00 0.000000000000000000e+00 0.000000000000000000e+00 4.339336349066287113e+01 0.000000000000000000e+00 0.000000000000000000e+00 0.000000000000000000e+00 4.339336349066287113e+01
4.340293650275491188e+01 -0.000000000000000000e+00 0.000000000000000000e+00 0.000000000000000000e+00 4.340293650275491188e+01 0.000000000000000000e+00 0.000000000000000000e+00 0.000000000000000000e+00 4.340293650275491188e+01
4.343309757038691998e+01 -0.000000000000000000e+00 0.000000000000000000e+00 0.000000000000000000e+00 4.343309757038691998e+01 0.000000000000000000e+00 0.000000000000000000e+00 0.000000000000000000e+00 4.343309757038691998e+01
4.336859777233053137e+01 -0.000000000000000000e+00 0.000000000000000000e+00 0.000000000000000000e+00 4.336859777233053137e+01 0.000000000000000000e+00 0.000000000000000000e+00 0.000000000000000000e+00 4.336859777233053137e+01
4.341074577885844121e+01 -0.000000000000000000e+00 0.000000000000000000e+00 0.000000000000000000e+00 4.341074577885844121e+01 0.000000000000000000e+00 0.000000000000000000e+00 0.000000000000000000e+00 4.341074577885844121e+01
4.339708161860574620e+01 -0.000000000000000000e+00 0.000000000000000000e+00 0.000000000000000000e+00 4.339708161860574620e+01 0.000000000000000000e+00 0.000000000000000000e+00 0.000000000000000000e+00 4.339708161860574620e+01
4.343076411181607455e+01 -0.000000000000000000e+00 0.000000000000000000e+00 0.000000000000000000e+00 4.343076411181607455e+01 0.000000000000000000e+00 0.000000000000000000e+00 0.000000000000000000e+00 4.343076411181607455e+01
4.338925860221394259e+01 -0.000000000000000000e+00 0.000000000000000000e+00 0.000000000000000000e+00 4.338925860221394259e+01 0.000000000000000000e+00 0.000000000000000000e+00 0.000000000000000000e+00 4.338925860221394259e+01
4.336541700243259356e+01 -0.000000000000000000e+00 0.000000000000000000e+00 0.000000000000000000e+00 4.336541700243259356e+01 0.000000000000000000e+00 0.000000000000000000e+00 0.000000000000000000e+00 4.336541700243259356e+01
4.339249675656259342e+01 -0.000000000000000000e+00 0.000000000000000000e+00 0.000000000000000000e+00 4.339249675656259342e+01 0.000000000000000000e+00 0.000000000000000000e+00 0.000000000000000000e+00 4.339249675656259342e+01
4.347407305687545431e+01 -0.000000000000000000e+00 0.000000000000000000e+00 0.000000000000000000e+00 4.347407305687545431e+01 0.000000000000000000e+00 0.000000000000000000e+00 0.000000000000000000e+00 4.347407305687545431e+01
4.343521969317973230e+01 -0.000000000000000000e+00 0.000000000000000000e+00 0.000000000000000000e+00 4.343521969317973230e+01 0.000000000000000000e+00 0.000000000000000000e+00 0.000000000000000000e+00 4.343521969317973230e+01
4.340562277407408942e+01 -0.000000000000000000e+00 0.000000000000000000e+00 0.000000000000000000e+00 4.340562277407408942e+01 0.000000000000000000e+00 0.000000000000000000e+00 0.000000000000000000e+00 4.340562277407408942e+01
4.342981623358397769e+01 -0.000000000000000000e+00 0.000000000000000000e+00 0.000000000000000000e+00 4.342981623358397769e+01 0.000000000000000000e+00 0.000000000000000000e+00 0.000000000000000000e+00 4.342981623358397769e+01
4.338710197660144274e+01 -0.000000000000000000e+00 0.000000000000000000e+00 0.000000000000000000e+00 4.338710197660144274e+01 0.000000000000000000e+00 0.000000000000000000e+00 0.000000000000000000e+00 4.338710197660144274e+01
4.338969813635372930e+01 -0.000000000000000000e+00 0.000000000000000000e+00 0.000000000000000000e+00 4.338969813635372930e+01 0.000000000000000000e+00 0.000000000000000000e+00 0.000000000000000000e+00 4.338969813635372930e+01
4.340007797174610005e+01 -0.000000000000000000e+00 0.000000000000000000e+00 0.000000000000000000e+00 4.340007797174610005e+01 0.000000000000000000e+00 0.000000000000000000e+00 0.000000000000000000e+00 4.340007797174610005e+01
4.341002586335281421e+01 -0.000000000000000000e+00 0.000000000000000000e+00 0.000000000000000000e+00 4.341002586335281421e+01 0.000000000000000000e+00 0.000000000000000000e+00 0.000000000000000000e+00 4.341002586335281421e+01
4.335622667200203750e+01 -0.000000000000000000e+00 0.000000000000000000e+00 0.000000000000000000e+00 4.335622667200203750e+01 0.000000000000000000e+00 0.000000000000000000e+00 0.000000000000000000e+00 4.335622667200203750e+01
4.342072083826046480e+01 -0.000000000000000000e+00 0.000000000000000000e+00 0.000000000000000000e+00 4.342072083826046480e+01 0.000000000000000000e+00 0.000000000000000000e+00 0.000000000000000000e+00 4.342072083826046480e+01
4.341646348178453962e+01 -0.000000000000000000e+00 0.000000000000000000e+00 0.000000000000000000e+00 4.341646348178453962e+01 0.000000000000000000e+00 0.000000000000000000e+00 0.000000000000000000e+00 4.341646348178453962e+01
4.339411706327734919e+01 -0.000000000000000000e+00 0.000000000000000000e+00 0.000000000000000000e+00 4.339411706327734919e+01 0.000000000000000000e+00 0.000000000000000000e+00 0.000000000000000000e+00 4.339411706327734919e+01
4.344614461570378694e+01 -0.000000000000000000e+00 0.000000000000000000e+00 0.000000000000000000e+00 4.344614461570378694e+01 0.000000000000000000e+00 0.000000000000000000e+00 0.000000000000000000e+00 4.344614461570378694e+01
4.335924355764845473e+01 -0.000000000000000000e+00 0.000000000000000000e+00 0.000000000000000000e+00 4.335924355764845473e+01 0.000000000000000000e+00 0.000000000000000000e+00 0.000000000000000000e+00 4.335924355764845473e+01
4.336239344644440763e+01 -0.000000000000000000e+00 0.000000000000000000e+00 0.000000000000000000e+00 4.336239344644440763e+01 0.000000000000000000e+00 0.000000000000000000e+00 0.000000000000000000e+00 4.336239344644440763e+01
4.343173239791845219e+01 -0.000000000000000000e+00 0.000000000000000000e+00 0.000000000000000000e+00 4.343173239791845219e+01 0.000000000000000000e+00 0.000000000000000000e+00 0.000000000000000000e+00 4.343173239791845219e+01
4.340961835109942513e+01 -0.000000000000000000e+00 0.000000000000000000e+00 0.000000000000000000e+00 4.340961835109942513e+01 0.000000000000000000e+00 0.000000000000000000e+00 0.000000000000000000e+00 4.340961835109942513e+01
4.339084493654326025e+01 -0.000000000000000000e+00 0.000000000000000000e+00 0.000000000000000000e+00 4.339084493654326025e+01 0.000000000000000000e+00 0.000000000000000000e+00 0.000000000000000000e+00 4.339084493654326025e+01
4.336500826267101161e+01 -0.000000000000000000e+00 0.000000000000000000e+00 0.000000000000000000e+00 4.336500826267101161e+01 0.000000000000000000e+00 0.000000000000000000e+00 0.000000000000000000e+00 4.336500826267101161e+01
4.340379747329918558e+01 -0.000000000000000000e+00 0.000000000000000000e+00 0.000000000000000000e+00 4.340379747329918558e+01 0.000000000000000000e+00 0.000000000000000000e+00 0.000000000000000000e+00 4.340379747329918558e+01
4.338539386425876643e+01 -0.000000000000000000e+00 0.000000000000000000e+00 0.000000000000000000e+00 4.338539386425876643e+01 0.000000000000000000e+00 0.000000000000000000e+00 0.000000000000000000e+00 4.338539386425876643e+01
4.338257537879986359e+01 -0.000000000000000000e+00 0.000000000000000000e+00 0.000000000000000000e+00 4.338257537879986359e+01 0.000000000000000000e+00 0.000000000000000000e+00 0.000000000000000000e+00 4.338257537879986359e+01
4.339515882366707444e+01 -0.000000000000000000e+00 0.000000000000000000e+00 0.000000000000000000e+00 4.339515882366707444e+01 0.000000000000000000e+00 0.000000000000000000e+00 0.000000000000000000e+00 4.339515882366707444e+01
4.342704503258974569e+01 -0.000000000000000000e+00 0.000000000000000000e+00 0.000000000000000000e+00 4.342704503258974569e+01 0.000000000000000000e+00 0.000000000000000000e+00 0.000000000000000000e+00 4.342704503258974569e+01
4.338821600501955800e+01 -0.000000000000000000e+00 0.000000000000000000e+00 0.000000000000000000e+00 4.338821600501955800e+01 0.000000000000000000e+00 0.000000000000000000e+00 0.000000000000000000e+00 4.338821600501955800e+01
4.344745054467423984e+01 -0.000000000000000000e+00 0.000000000000000000e+00 0.000000000000000000e+00 4.344745054467423984e+01 0.000000000000000000e+00 0.000000000000000000e+00 0.000000000000000000e+00 4.344745054467423984e+01
4.347358800825101355e+01 -0.000000000000000000e+00 0.000000000000000000e+00 0.000000000000000000e+00 4.347358800825101355e+01 0.000000000000000000e+00 0.000000000000000000e+00 0.000000000000000000e+00 4.347358800825101355e+01
4.342469046785086562e+01 -0.000000000000000000e+00 0.000000000000000000e+00 0.000000000000000000e+00 4.342469046785086562e+01 0.000000000000000000e+00 0.000000000000000000e+00 0.000000000000000000e+00 4.342469046785086562e+01
4.341537439269666265e+01 -0.000000000000000000e+00 0.000000000000000000e+00 0.000000000000000000e+00 4.341537439269666265e+01 0.000000000000000000e+00 0.000000000000000000e+00 0.000000000000000000e+00 4.341537439269666265e+01
4.339266478295305518e+01 -0.000000000000000000e+00 0.000000000000000000e+00 0.000000000000000000e+00 4.339266478295305518e+01 0.000000000000000000e+00 0.000000000000000000e+00 0.000000000000000000e+00 4.339266478295305518e+01
