4.339266478295305518e+01 -0.000000000000000000e+00 0.000000000000000000e+00 0.000000000000000000e+00 4.339266478295305518e+01 0.000000000000000000e+00 0.000000000000000000e+00 0.000000000000000000e+00 4.339266478295305518e+01
4.341693005916426529e+01 -0.000000000000000000e+00 0.000000000000000000e+00 0.000000000000000000e+00 4.341693005916426529e+01 0.000000000000000000e+00 0.000000000000000000e+00 0.000000000000000000e+00 4.341693005916426529e+01
4.339679959048321223e+01 -0.000000000000000000e+00 0.000000000000000000e+00 0.000000000000000000e+00 4.339679959048321223e+01 0.000000000000000000e+00 0.000000000000000000e+00 0.000000000000000000e+00 4.339679959048321223e+01
4.340531625496324608e+01 -0.000000000000000000e+00 0.000000000000000000e+00 0.000000000000000000e+00 4.340531625496324608e+01 0.000000000000000000e+00 0.000000000000000000e+00 0.000000000000000000e+00 4.340531625496324608e+01
4.340353703395197726e+01 -0.000000000000000000e+00 0.000000000000000000e+00 0.000000000000000000e+00 4.340353703395197726e+01 0.000000000000000000e+00 0.000000000000000000e+00 0.000000000000000000e+00 4.340353703395197726e+01
4.340910181454557204e+01 -0.000000000000000000e+00 0.000000000000000000e+00 0.000000000000000000e+00 4.340910181454557204e+01 0.000000000000000000e+00 0.000000000000000000e+00 0.000000000000000000e+00 4.340910181454557204e+01
4.340937583434811131e+01 -0.000000000000000000e+00 0.000000000000000000e+00 0.000000000000000000e+00 4.340937583434811131e+01 0.000000000000000000e+00 0.000000000000000000e+00 0.000000000000000000e+00 4.340937583434811131e+01
4.340986098142972338e+01 -0.000000000000000000e+00 0.000000000000000000e+00 0.000000000000000000e+00 4.340986098142972338e+01 0.000000000000000000e+00 0.000000000000000000e+00 0.000000000000000000e+00 4.340986098142972338e+01
4.342244291218678143e+01 -0.000000000000000000e+00 0.000000000000000000e+00 0.000000000000000000e+00 4.342244291218678143e+01 0.000000000000000000e+00 0.000000000000000000e+00 0.000000000000000000e+00 4.342244291218678143e+01
4.335442169047666994e+01 -0.000000000000000000e+00 0.000000000000000000e+00 0.000000000000000000e+00 4.335442169047666994e+01 0.000000000000000000e+00 0.000000000000000000e+00 0.000000000000000000e+00 4.335442169047666994e+01
4.339549235394547821e+01 -0.000000000000000000e+00 0.000000000000000000e+00 0.000000000000000000e+00 4.339549235394547821e+01 0.000000000000000000e+00 0.000000000000000000e+00 0.000000000000000000e+00 4.339549235394547821e+01
4.336595084330501493e+01 -0.000000000000000000e+00 0.000000000000000000e+00 0.000000000000000000e+00 4.336595084330501493e+01 0.000000000000000000e+00 0.000000000000000000e+00 0.000000000000000000e+00 4.336595084330501493e+01
4.338330638532255534e+01 -0.000000000000000000e+00 0.000000000000000000e+00 0.000000000000000000e+00 4.338330638532255534e+01 0.000000000000000000e+00 0.000000000000000000e+00 0.000000000000000000e+00 4.338330638532255534e+01
4.335113628549807885e+01 -0.000000000000000000e+00 0.000000000000000000e+00 0.000000000000000000e+00 4.335113628549807885e+01 0.000000000000000000e+00 0.000000000000000000e+00 0.000000000000000000e+00 4.335113628549807885e+01
4.338623164896361573e+01 -0.000000000000000000e+00 0.000000000000000000e+00 0.000000000000000000e+00 4.338623164896361573e+01 0.000000000000000000e+00 0.000000000000000000e+00 0.000000000000000000e+00 4.338623164896361573e+01
4.337276076458783791e+01 -0.000000000000000000e+00 0.000000000000000000e+00 0.000000000000000000e+00 4.337276076458783791e+01 0.000000000000000000e+00 0.000000000000000000e+00 0.000000000000000000e+00 4.337276076458783791e+01
4.340768625459089947e+01 -0.000000000000000000e+00 0.000000000000000000e+00 0.000000000000000000e+00 4.340768625459089947e+01 0.000000000000000000e+00 0.000000000000000000e+00 0.000000000000000000e+00 4.340768625459089947e+01
4.345422755267903625e+01 -0.000000000000000000e+00 0.000000000000000000e+00 0.000000000000000000e+00 4.345422755267903625e+01 0.000000000000000000e+00 0.000000000000000000e+00 0.000000000000000000e+00 4.345422755267903625e+01
4.339825888870198867e+01 -0.000000000000000000e+00 0.000000000000000000e+00 0.000000000000000000e+00 4.339825888870198867e+01 0.000000000000000000e+00 0.000000000000000000e+00 0.000000000000000000e+00 4.339825888870198867e+01
4.340964348369415404e+01 -0.000000000000000000e+00 0.000000000000000000e+00 0.000000000000000000e+00 4.340964348369415404e+01 0.000000000000000000e+00 0.000000000000000000e+00 0.000000000000000000e+00 4.340964348369415404e+01
4.342494693363401836e+01 -0.000000000000000000e+00 0.000000000000000000e+00 0.000000000000000000e+00 4.342494693363401836e+01 0.000000000000000000e+00 0.000000000000000000e+00 0.000000000000000000e+00 4.342494693363401836e+01
4.339620714906602927e+01 -0.000000000000000000e+00 0.000000000000000000e+00 0.000000000000000000e+00 4.339620714906602927e+01 0.000000000000000000e+00 0.000000000000000000e+00 0.000000000000000000e+00 4.339620714906602927e+01
4.339260658370795909e+01 -0.000000000000000000e+00 0.000000000000000000e+00 0.000000000000000000e+00 4.339260658370795909e+01 0.000000000000000000e+00 0.000000000000000000e+00 0.000000000000000000e+00 4.339260658370795909e+01
4.341661141191471529e+01 -0.000000000000000000e+00 0.000000000000000000e+00 0.000000000000000000e+00 4.341661141191471529e+01 0.000000000000000000e+00 0.000000000000000000e+00 0.000000000000000000e+00 4.341661141191471529e+01
4.337684866444719489e+01 -0.000000000000000000e+00 0.000000000000000000e+00 0.000000000000000000e+00 4.337684866444719489e+01 0.000000000000000000e+00 0.000000000000000000e+00 0.000000000000000000e+00 4.337684866444719489e+01
4.342114746256143576e+01 -0.000000000000000000e+00 0.000000000000000000e+00 0.000000000000000000e+00 4.342114746256143576e+01 0.000000000000000000e+00 0.000000000000000000e+00 0.000000000000000000e+00 4.342114746256143576e+01
4.331989464694011360e+01 -0.000000000000000000e+00 0.000000000000000000e+00 0.000000000000000000e+00 4.331989464694011360e+01 0.000000000000000000e+00 0.000000000000000000e+00 0.000000000000000000e+00 4.331989464694011360e+01
4.337756985333044213e+01 -0.000000000000000000e+00 0.000000000000000000e+00 0.000000000000000000e+00 4.337756985333044213e+01 0.000000000000000000e+00 0.000000000000000000e+00 0.000000000000000000e+00 4.337756985333044213e+01
4.339188198637161520e+01 -0.000000000000000000e+00 0.000000000000000000e+00 0.000000000000000000e+00 4.339188198637161520e+01 0.000000000000000000e+00 0.000000000000000000e+00 0.000000000000000000e+00 4.339188198637161520e+01
4.344512004273761363e+01 -0.000000000000000000e+00 0.000000000000000000e+00 0.000000000000000000e+00 4.344512004273761363e+01 0.000000000000000000e+00 0.000000000000000000e+00 0.000000000000000000e+00 4.344512004273761363e+01
4.335897969225239024e+01 -0.000000000000000000e+00 0.000000000000000000e+00 0.000000000000000000e+00 4.335897969225239024e+01 0.000000000000000000e+00 0.000000000000000000e+00 0.000000000000000000e+00 4.335897969225239024e+01
4.332627515988299649e+01 -0.000000000000000000e+00 0.000000000000000000e+00 0.000000000000000000e+00 4.332627515988299649e+01 0.000000000000000000e+00 0.000000000000000000e+00 0.000000000000000000e+00 4.332627515988299649e+01
4.336839266188815145e+01 -0.000000000000000000e+00 0.000000000000000000e+00 0.000000000000000000e+00 4.336839266188815145e+01 0.000000000000000000e+00 0.000000000000000000e+00 0.000000000000000000e+00 4.336839266188815145e+01
4.336020185834566121e+01 -0.000000000000000000e+00 0.000000000000000000e+00 0.000000000000000000e+00 4.336020185834566121e+01 0.000000000000000000e+00 0.000000000000000000e+00 0.000000000000000000e+00 4.336020185834566121e+01
4.338432469597347563e+01 -0.000000000000000000e+00 0.000000000000000000e+00 0.000000000000000000e+00 4.338432469597347563e+01 0.000000000000000000e+00 0.000000000000000000e+00 0.000000000000000000e+00 4.338432469597347563e+01
4.341784933077013875e+01 -0.000000000000000000e+00 0.000000000000000000e+00 0.000000000000000000e+00 4.341784933077013875e+01 0.000000000000000000e+00 0.000000000000000000e+00 0.000000000000000000e+00 4.341784933077013875e+01
4.340283026654740439e+01 -0.000000000000000000e+00 0.000000000000000000e+00 0.000000000000000000e+00 4.340283026654740439e+01 0.000000000000000000e+00 0.000000000000000000e+00 0.000000000000000000e+00 4.340283026654740439e+01
4.337089932725746166e+01 -0.000000000000000000e+00 0.000000000000000000e+00 0.000000000000000000e+00 4.337089932725746166e+01 0.000000000000000000e+00 0.000000000000000000e+00 0.000000000000000000e+00 4.337089932725746166e+01
4.340907684926802546e+01 -0.000000000000000000e+00 0.000000000000000000e+00 0.000000000000000000e+00 4.340907684926802546e+01 0.000000000000000000e+00 0.000000000000000000e+00 0.000000000000000000e+00 4.340907684926802546e+01
4.332786080969307818e+01 -0.000000000000000000e+00 0.000000000000000000e+00 0.000000000000000000e+00 4.332786080969307818e+01 0.000000000000000000e+00 0.000000000000000000e+00 0.000000000000000000e+00 4.332786080969307818e+01
4.336049654434869183e+01 -0.000000000000000000e+00 0.000000000000000000e+00 0.000000000000000000e+00 4.336049654434869183e+01 0.000000000000000000e+00 0.000000000000000000e+00 0.000000000000000000e+00 4.336049654434869183e+01
4.339556225943624668e+01 -0.000000000000000000e+00 0.000000000000000000e+00 0.000000000000000000e+00 4.339556225943624668e+01 0.000000000000000000e+00 0.000000000000000000e+00 0.000000000000000000e+00 4.339556225943624668e+01
4.336790767089090082e+01 -0.000000000000000000e+00 0.000000000000000000e+00 0.000000000000000000e+00 4.336790767089090082e+01 0.000000000000000000e+00 0.000000000000000000e+00 0.000000000000000000e+00 4.336790767089090082e+01
4.335098529809893364e+01 -0.000000000000000000e+00 0.000000000000000000e+00 0.000000000000000000e+00 4.335098529809893364e+01 0.000000000000000000e+00 0.000000000000000000e+00 0.000000000000000000e+00 4.335098529809893364e+01
4.343036767932035502e+01 -0.000000000000000000e+00 0.000000000000000000e+00 0.000000000000000000e+00 4.343036767932035502e+01 0.000000000000000000e+00 0.000000000000000000e+00 0.000000000000000000e+00 4.343036767932035502e+01
4.341823821159425734e+01 -0.000000000000000000e+00 0.000000000000000000e+00 0.000000000000000000e+00 4.341823821159425734e+01 0.000000000000000000e+00 0.000000000000000000e+00 0.000000000000000000e+00 4.341823821159425734e+01
4.339694307004084806e+01 -0.000000000000000000e+00 0.000000000000000000e+00 0.000000000000000000e+00 4.339694307004084806e+01 0.000000000000000000e+00 0.000000000000000000e+00 0.000000000000000000e+00 4.339694307004084806e+01
4.336448933119159221e+01 -0.000000000000000000e+00 0.000000000000000000e+00 0.000000000000000000e+00 4.336448933119159221e+01 0.000000000000000000e+00 0.000000000000000000e+00 0.000000000000000000e+00 4.336448933119159221e+01
4.337685169936071361e+01 -0.000000000000000000e+00 0.000000000000000000e+00 0.000000000000000000e+00 4.337685169936071361e+01 0.000000000000000000e+00 0.000000000000000000e+00 0.000000000000000000e+00 4.337685169936071361e+01
4.338241194080723773e+01 -0.000000000000000000e+00 0.000000000000000000e+00 0.000000000000000000e+00 4.338241194080723773e+01 0.000000000000000000e+00 0.000000000000000000e+00 0.000000000000000000e+00 4.338241194080723773e+01
4.337205344569488830e+01 -0.000000000000000000e+00 0.000000000000000000e+00 0.000000000000000000e+00 4.337205344569488830e+01 0.000000000000000000e+00 0.000000000000000000e+00 0.000000000000000000e+00 4.337205344569488830e+01
