4.339893208981618500e+01 -0.000000000000000000e+00 0.000000000000000000e+00 0.000000000000000000e+00 4.339893208981618500e+01 0.000000000000000000e+00 0.000000000000000000e+00 0.000000000000000000e+00 4.339893208981618500e+01
4.334324253049378228e+01 -0.000000000000000000e+00 0.000000000000000000e+00 0.000000000000000000e+00 4.334324253049378228e+01 0.000000000000000000e+00 0.000000000000000000e+00 0.000000000000000000e+00 4.334324253049378228e+01
4.339627411943305901e+01 -0.000000000000000000e+00 0.000000000000000000e+00 0.000000000000000000e+00 4.339627411943305901e+01 0.000000000000000000e+00 0.000000000000000000e+00 0.000000000000000000e+00 4.339627411943305901e+01
4.339905708495233227e+01 -0.000000000000000000e+00 0.000000000000000000e+00 0.000000000000000000e+00 4.339905708495233227e+01 0.000000000000000000e+00 0.000000000000000000e+00 0.000000000000000000e+00 4.339905708495233227e+01
4.337555994019162142e+01 -0.000000000000000000e+00 0.000000000000000000e+00 0.000000000000000000e+00 4.337555994019162142e+01 0.000000000000000000e+00 0.000000000000000000e+00 0.000000000000000000e+00 4.337555994019162142e+01
4.339644582615412105e+01 -0.000000000000000000e+00 0.000000000000000000e+00 0.000000000000000000e+00 4.339644582615412105e+01 0.000000000000000000e+00 0.000000000000000000e+00 0.000000000000000000e+00 4.339644582615412105e+01
4.337849456248180502e+01 -0.000000000000000000e+00 0.000000000000000000e+00 0.000000000000000000e+00 4.337849456248180502e+01 0.000000000000000000e+00 0.000000000000000000e+00 0.000000000000000000e+00 4.337849456248180502e+01
4.342562164716234463e+01 -0.000000000000000000e+00 0.000000000000000000e+00 0.000000000000000000e+00 4.342562164716234463e+01 0.000000000000000000e+00 0.000000000000000000e+00 0.000000000000000000e+00 4.342562164716234463e+01
4.343140068247657837e+01 -0.000000000000000000e+00 0.000000000000000000e+00 0.000000000000000000e+00 4.343140068247657837e+01 0.000000000000000000e+00 0.000000000000000000e+00 0.000000000000000000e+00 4.343140068247657837e+01
4.341106749579918045e+01 -0.000000000000000000e+00 0.000000000000000000e+00 0.000000000000000000e+00 4.341106749579918045e+01 0.000000000000000000e+00 0.000000000000000000e+00 0.000000000000000000e+00 4.341106749579918045e+01
4.340004346688012049e+01 -0.000000000000000000e+00 0.000000000000000000e+00 0.000000000000000000e+00 4.340004346688012049e+01 0.000000000000000000e+00 0.000000000000000000e+00 0.000000000000000000e+00 4.340004346688012049e+01
4.338322023449409670e+01 -0.000000000000000000e+00 0.000000000000000000e+00 0.000000000000000000e+00 4.338322023449409670e+01 0.000000000000000000e+00 0.000000000000000000e+00 0.000000000000000000e+00 4.338322023449409670e+01
4.340050010771189193e+01 -0.000000000000000000e+00 0.000000000000000000e+00 0.000000000000000000e+00 4.340050010771189193e+01 0.000000000000000000e+00 0.000000000000000000e+00 0.000000000000000000e+00 4.340050010771189193e+01
4.335865762650154664e+01 -0.000000000000000000e+00 0.000000000000000000e+00 0.000000000000000000e+00 4.335865762650154664e+01 0.000000000000000000e+00 0.000000000000000000e+00 0.000000000000000000e+00 4.335865762650154664e+01
4.337378026587334290e+01 -0.000000000000000000e+00 0.000000000000000000e+00 0.000000000000000000e+00 4.337378026587334290e+01 0.000000000000000000e+00 0.000000000000000000e+00 0.000000000000000000e+00 4.337378026587334290e+01
4.337697364203901884e+01 -0.000000000000000000e+00 0.000000000000000000e+00 0.000000000000000000e+00 4.337697364203901884e+01 0.000000000000000000e+00 0.000000000000000000e+00 0.000000000000000000e+00 4.337697364203901884e+01
4.332894683881766440e+01 -0.000000000000000000e+00 0.000000000000000000e+00 0.000000000000000000e+00 4.332894683881766440e+01 0.000000000000000000e+00 0.000000000000000000e+00 0.000000000000000000e+00 4.332894683881766440e+01
4.337988762747320948e+01 -0.000000000000000000e+00 0.000000000000000000e+00 0.000000000000000000e+00 4.337988762747320948e+01 0.000000000000000000e+00 0.000000000000000000e+00 0.000000000000000000e+00 4.337988762747320948e+01
4.340851937561426155e+01 -0.000000000000000000e+00 0.000000000000000000e+00 0.000000000000000000e+00 4.340851937561426155e+01 0.000000000000000000e+00 0.000000000000000000e+00 0.000000000000000000e+00 4.340851937561426155e+01
4.339674609199228428e+01 -0.000000000000000000e+00 0.000000000000000000e+00 0.000000000000000000e+00 4.339674609199228428e+01 0.000000000000000000e+00 0.000000000000000000e+00 0.000000000000000000e+00 4.339674609199228428e+01
4.333866694240779083e+01 -0.000000000000000000e+00 0.000000000000000000e+00 0.000000000000000000e+00 4.333866694240779083e+01 0.000000000000000000e+00 0.000000000000000000e+00 0.000000000000000000e+00 4.333866694240779083e+01
4.337365501203666440e+01 -0.000000000000000000e+00 0.000000000000000000e+00 0.000000000000000000e+00 4.337365501203666440e+01 0.000000000000000000e+00 0.000000000000000000e+00 0.000000000000000000e+00 4.337365501203666440e+01
4.335780846063196492e+01 -0.000000000000000000e+00 0.000000000000000000e+00 0.000000000000000000e+00 4.335780846063196492e+01 0.000000000000000000e+00 0.000000000000000000e+00 0.000000000000000000e+00 4.335780846063196492e+01
4.338061974026179257e+01 -0.000000000000000000e+00 0.000000000000000000e+00 0.000000000000000000e+00 4.338061974026179257e+01 0.000000000000000000e+00 0.000000000000000000e+00 0.000000000000000000e+00 4.338061974026179257e+01
4.335258517707679715e+01 -0.000000000000000000e+00 0.000000000000000000e+00 0.000000000000000000e+00 4.335258517707679715e+01 0.000000000000000000e+00 0.000000000000000000e+00 0.000000000000000000e+00 4.335258517707679715e+01
4.333329166812850985e+01 -0.000000000000000000e+00 0.000000000000000000e+00 0.000000000000000000e+00 4.333329166812850985e+01 0.000000000000000000e+00 0.000000000000000000e+00 0.000000000000000000e+00 4.333329166812850985e+01
4.341304950312431288e+01 -0.000000000000000000e+00 0.000000000000000000e+00 0.000000000000000000e+00 4.341304950312431288e+01 0.000000000000000000e+00 0.000000000000000000e+00 0.000000000000000000e+00 4.341304950312431288e+01
4.338150159303451403e+01 -0.000000000000000000e+00 0.000000000000000000e+00 0.000000000000000000e+00 4.338150159303451403e+01 0.000000000000000000e+00 0.000000000000000000e+00 0.000000000000000000e+00 4.338150159303451403e+01
4.332588269270901549e+01 -0.000000000000000000e+00 0.000000000000000000e+00 0.000000000000000000e+00 4.332588269270901549e+01 0.000000000000000000e+00 0.000000000000000000e+00 0.000000000000000000e+00 4.332588269270901549e+01
4.331853751487649618e+01 -0.000000000000000000e+00 0.000000000000000000e+00 0.000000000000000000e+00 4.331853751487649618e+01 0.000000000000000000e+00 0.000000000000000000e+00 0.000000000000000000e+00 4.331853751487649618e+01
4.335771050307617713e+01 -0.000000000000000000e+00 0.000000000000000000e+00 0.000000000000000000e+00 4.335771050307617713e+01 0.000000000000000000e+00 0.000000000000000000e+00 0.000000000000000000e+00 4.335771050307617713e+01
4.335908679790102838e+01 -0.000000000000000000e+00 0.000000000000000000e+00 0.000000000000000000e+00 4.335908679790102838e+01 0.000000000000000000e+00 0.000000000000000000e+00 0.000000000000000000e+00 4.335908679790102838e+01
4.336377747015736617e+01 -0.000000000000000000e+00 0.000000000000000000e+00 0.000000000000000000e+00 4.336377747015736617e+01 0.000000000000000000e+00 0.000000000000000000e+00 0.000000000000000000e+00 4.336377747015736617e+01
4.335042436262949650e+01 -0.000000000000000000e+00 0.000000000000000000e+00 0.000000000000000000e+00 4.335042436262949650e+01 0.000000000000000000e+00 0.000000000000000000e+00 0.000000000000000000e+00 4.335042436262949650e+01
4.331156084801124706e+01 -0.000000000000000000e+00 0.000000000000000000e+00 0.000000000000000000e+00 4.331156084801124706e+01 0.000000000000000000e+00 0.000000000000000000e+00 0.000000000000000000e+00 4.331156084801124706e+01
4.335263624114781322e+01 -0.000000000000000000e+00 0.000000000000000000e+00 0.000000000000000000e+00 4.335263624114781322e+01 0.000000000000000000e+00 0.000000000000000000e+00 0.000000000000000000e+00 4.335263624114781322e+01
4.337515268615257469e+01 -0.000000000000000000e+00 0.000000000000000000e+00 0.000000000000000000e+00 4.337515268615257469e+01 0.000000000000000000e+00 0.000000000000000000e+00 0.000000000000000000e+00 4.337515268615257469e+01
4.335581477150800822e+01 -0.000000000000000000e+00 0.000000000000000000e+00 0.000000000000000000e+00 4.335581477150800822e+01 0.000000000000000000e+00 0.000000000000000000e+00 0.000000000000000000e+00 4.335581477150800822e+01
4.335049055019261743e+01 -0.000000000000000000e+00 0.000000000000000000e+00 0.000000000000000000e+00 4.335049055019261743e+01 0.000000000000000000e+00 0.000000000000000000e+00 0.000000000000000000e+00 4.335049055019261743e+01
4.334341488293303257e+01 -0.000000000000000000e+00 0.000000000000000000e+00 0.000000000000000000e+00 4.334341488293303257e+01 0.000000000000000000e+00 0.000000000000000000e+00 0.000000000000000000e+00 4.334341488293303257e+01
4.332626985799731756e+01 -0.000000000000000000e+00 0.000000000000000000e+00 0.000000000000000000e+00 4.332626985799731756e+01 0.000000000000000000e+00 0.000000000000000000e+00 0.000000000000000000e+00 4.332626985799731756e+01
4.330985661032272560e+01 -0.000000000000000000e+00 0.000000000000000000e+00 0.000000000000000000e+00 4.330985661032272560e+01 0.000000000000000000e+00 0.000000000000000000e+00 0.000000000000000000e+00 4.330985661032272560e+01
4.332488040537639051e+01 -0.000000000000000000e+00 0.000000000000000000e+00 0.000000000000000000e+00 4.332488040537639051e+01 0.000000000000000000e+00 0.000000000000000000e+00 0.000000000000000000e+00 4.332488040537639051e+01
4.336660895497676904e+01 -0.000000000000000000e+00 0.000000000000000000e+00 0.000000000000000000e+00 4.336660895497676904e+01 0.000000000000000000e+00 0.000000000000000000e+00 0.000000000000000000e+00 4.336660895497676904e+01
4.334493250222594440e+01 -0.000000000000000000e+00 0.000000000000000000e+00 0.000000000000000000e+00 4.334493250222594440e+01 0.000000000000000000e+00 0.000000000000000000e+00 0.000000000000000000e+00 4.334493250222594440e+01
4.336475974765912156e+01 -0.000000000000000000e+00 0.000000000000000000e+00 0.000000000000000000e+00 4.336475974765912156e+01 0.000000000000000000e+00 0.000000000000000000e+00 0.000000000000000000e+00 4.336475974765912156e+01
4.333962524875346389e+01 -0.000000000000000000e+00 0.000000000000000000e+00 0.000000000000000000e+00 4.333962524875346389e+01 0.000000000000000000e+00 0.000000000000000000e+00 0.000000000000000000e+00 4.333962524875346389e+01
4.334435248458155598e+01 -0.000000000000000000e+00 0.000000000000000000e+00 0.000000000000000000e+00 4.334435248458155598e+01 0.000000000000000000e+00 0.000000000000000000e+00 0.000000000000000000e+00 4.334435248458155598e+01
4.329985458578974544e+01 -0.000000000000000000e+00 0.000000000000000000e+00 0.000000000000000000e+00 4.329985458578974544e+01 0.000000000000000000e+00 0.000000000000000000e+00 0.000000000000000000e+00 4.329985458578974544e+01
4.328567039036060038e+01 -0.000000000000000000e+00 0.000000000000000000e+00 0.000000000000000000e+00 4.328567039036060038e+01 0.000000000000000000e+00 0.000000000000000000e+00 0.000000000000000000e+00 4.328567039036060038e+01
4.331277475079609474e+01 -0.000000000000000000e+00 0.000000000000000000e+00 0.000000000000000000e+00 4.331277475079609474e+01 0.000000000000000000e+00 0.000000000000000000e+00 0.000000000000000000e+00 4.331277475079609474e+01
