4.333040081043192515e+01 -0.000000000000000000e+00 0.000000000000000000e+00 0.000000000000000000e+00 4.333040081043192515e+01 0.000000000000000000e+00 0.000000000000000000e+00 0.000000000000000000e+00 4.333040081043192515e+01
4.329254573489572522e+01 -0.000000000000000000e+00 0.000000000000000000e+00 0.000000000000000000e+00 4.329254573489572522e+01 0.000000000000000000e+00 0.000000000000000000e+00 0.000000000000000000e+00 4.329254573489572522e+01
4.333550270578898278e+01 -0.000000000000000000e+00 0.000000000000000000e+00 0.000000000000000000e+00 4.333550270578898278e+01 0.000000000000000000e+00 0.000000000000000000e+00 0.000000000000000000e+00 4.333550270578898278e+01
4.330088221652216163e+01 -0.000000000000000000e+00 0.000000000000000000e+00 0.000000000000000000e+00 4.330088221652216163e+01 0.000000000000000000e+00 0.000000000000000000e+00 0.000000000000000000e+00 4.330088221652216163e+01
4.328704823540613233e+01 -0.000000000000000000e+00 0.000000000000000000e+00 0.000000000000000000e+00 4.328704823540613233e+01 0.000000000000000000e+00 0.000000000000000000e+00 0.000000000000000000e+00 4.328704823540613233e+01
4.326183731852582071e+01 -0.000000000000000000e+00 0.000000000000000000e+00 0.000000000000000000e+00 4.326183731852582071e+01 0.000000000000000000e+00 0.000000000000000000e+00 0.000000000000000000e+00 4.326183731852582071e+01
4.334527289725291155e+01 -0.000000000000000000e+00 0.000000000000000000e+00 0.000000000000000000e+00 4.334527289725291155e+01 0.000000000000000000e+00 0.000000000000000000e+00 0.000000000000000000e+00 4.334527289725291155e+01
4.333401807847434384e+01 -0.000000000000000000e+00 0.000000000000000000e+00 0.000000000000000000e+00 4.333401807847434384e+01 0.000000000000000000e+00 0.000000000000000000e+00 0.000000000000000000e+00 4.333401807847434384e+01
4.333563634464638881e+01 -0.000000000000000000e+00 0.000000000000000000e+00 0.000000000000000000e+00 4.333563634464638881e+01 0.000000000000000000e+00 0.000000000000000000e+00 0.000000000000000000e+00 4.333563634464638881e+01
4.326668768936833231e+01 -0.000000000000000000e+00 0.000000000000000000e+00 0.000000000000000000e+00 4.326668768936833231e+01 0.000000000000000000e+00 0.000000000000000000e+00 0.000000000000000000e+00 4.326668768936833231e+01
4.328459437185886571e+01 -0.000000000000000000e+00 0.000000000000000000e+00 0.000000000000000000e+00 4.328459437185886571e+01 0.000000000000000000e+00 0.000000000000000000e+00 0.000000000000000000e+00 4.328459437185886571e+01
4.330735724145588961e+01 -0.000000000000000000e+00 0.000000000000000000e+00 0.000000000000000000e+00 4.330735724145588961e+01 0.000000000000000000e+00 0.000000000000000000e+00 0.000000000000000000e+00 4.330735724145588961e+01
4.329356118598764169e+01 -0.000000000000000000e+00 0.000000000000000000e+00 0.000000000000000000e+00 4.329356118598764169e+01 0.000000000000000000e+00 0.000000000000000000e+00 0.000000000000000000e+00 4.329356118598764169e+01
4.327663637158037346e+01 -0.000000000000000000e+00 0.000000000000000000e+00 0.000000000000000000e+00 4.327663637158037346e+01 0.000000000000000000e+00 0.000000000000000000e+00 0.000000000000000000e+00 4.327663637158037346e+01
4.331856428902146661e+01 -0.000000000000000000e+00 0.000000000000000000e+00 0.000000000000000000e+00 4.331856428902146661e+01 0.000000000000000000e+00 0.000000000000000000e+00 0.000000000000000000e+00 4.331856428902146661e+01
4.329435910604273374e+01 -0.000000000000000000e+00 0.000000000000000000e+00 0.000000000000000000e+00 4.329435910604273374e+01 0.000000000000000000e+00 0.000000000000000000e+00 0.000000000000000000e+00 4.329435910604273374e+01
4.325865489311053125e+01 -0.000000000000000000e+00 0.000000000000000000e+00 0.000000000000000000e+00 4.325865489311053125e+01 0.000000000000000000e+00 0.000000000000000000e+00 0.000000000000000000e+00 4.325865489311053125e+01
4.329009723835398660e+01 -0.000000000000000000e+00 0.000000000000000000e+00 0.000000000000000000e+00 4.329009723835398660e+01 0.000000000000000000e+00 0.000000000000000000e+00 0.000000000000000000e+00 4.329009723835398660e+01
4.330791089052175380e+01 -0.000000000000000000e+00 0.000000000000000000e+00 0.000000000000000000e+00 4.330791089052175380e+01 0.000000000000000000e+00 0.000000000000000000e+00 0.000000000000000000e+00 4.330791089052175380e+01
4.330013991937883588e+01 -0.000000000000000000e+00 0.000000000000000000e+00 0.000000000000000000e+00 4.330013991937883588e+01 0.000000000000000000e+00 0.000000000000000000e+00 0.000000000000000000e+00 4.330013991937883588e+01
4.323766801817309613e+01 -0.000000000000000000e+00 0.000000000000000000e+00 0.000000000000000000e+00 4.323766801817309613e+01 0.000000000000000000e+00 0.000000000000000000e+00 0.000000000000000000e+00 4.323766801817309613e+01
4.334026176325927793e+01 -0.000000000000000000e+00 0.000000000000000000e+00 0.000000000000000000e+00 4.334026176325927793e+01 0.000000000000000000e+00 0.000000000000000000e+00 0.000000000000000000e+00 4.334026176325927793e+01
4.330167003891591548e+01 -0.000000000000000000e+00 0.000000000000000000e+00 0.000000000000000000e+00 4.330167003891591548e+01 0.000000000000000000e+00 0.000000000000000000e+00 0.000000000000000000e+00 4.330167003891591548e+01
4.326543397965807003e+01 -0.000000000000000000e+00 0.000000000000000000e+00 0.000000000000000000e+00 4.326543397965807003e+01 0.000000000000000000e+00 0.000000000000000000e+00 0.000000000000000000e+00 4.326543397965807003e+01
4.327284814230717558e+01 -0.000000000000000000e+00 0.000000000000000000e+00 0.000000000000000000e+00 4.327284814230717558e+01 0.000000000000000000e+00 0.000000000000000000e+00 0.000000000000000000e+00 4.327284814230717558e+01
4.331735442045157214e+01 -0.000000000000000000e+00 0.000000000000000000e+00 0.000000000000000000e+00 4.331735442045157214e+01 0.000000000000000000e+00 0.000000000000000000e+00 0.000000000000000000e+00 4.331735442045157214e+01
4.324907630754287169e+01 -0.000000000000000000e+00 0.000000000000000000e+00 0.000000000000000000e+00 4.324907630754287169e+01 0.000000000000000000e+00 0.000000000000000000e+00 0.000000000000000000e+00 4.324907630754287169e+01
4.327896910033793887e+01 -0.000000000000000000e+00 0.000000000000000000e+00 0.000000000000000000e+00 4.327896910033793887e+01 0.000000000000000000e+00 0.000000000000000000e+00 0.000000000000000000e+00 4.327896910033793887e+01
4.328523719118574320e+01 -0.000000000000000000e+00 0.000000000000000000e+00 0.000000000000000000e+00 4.328523719118574320e+01 0.000000000000000000e+00 0.000000000000000000e+00 0.000000000000000000e+00 4.328523719118574320e+01
4.326408397025555530e+01 -0.000000000000000000e+00 0.000000000000000000e+00 0.000000000000000000e+00 4.326408397025555530e+01 0.000000000000000000e+00 0.000000000000000000e+00 0.000000000000000000e+00 4.326408397025555530e+01
4.326453872066939255e+01 -0.000000000000000000e+00 0.000000000000000000e+00 0.000000000000000000e+00 4.326453872066939255e+01 0.000000000000000000e+00 0.000000000000000000e+00 0.000000000000000000e+00 4.326453872066939255e+01
4.328124348927760678e+01 -0.000000000000000000e+00 0.000000000000000000e+00 0.000000000000000000e+00 4.328124348927760678e+01 0.000000000000000000e+00 0.000000000000000000e+00 0.000000000000000000e+00 4.328124348927760678e+01
4.327266196936946585e+01 -0.000000000000000000e+00 0.000000000000000000e+00 0.000000000000000000e+00 4.327266196936946585e+01 0.000000000000000000e+00 0.000000000000000000e+00 0.000000000000000000e+00 4.327266196936946585e+01
4.318274117717464833e+01 -0.000000000000000000e+00 0.000000000000000000e+00 0.000000000000000000e+00 4.318274117717464833e+01 0.000000000000000000e+00 0.000000000000000000e+00 0.000000000000000000e+00 4.318274117717464833e+01
4.330288887125099251e+01 -0.000000000000000000e+00 0.000000000000000000e+00 0.000000000000000000e+00 4.330288887125099251e+01 0.000000000000000000e+00 0.000000000000000000e+00 0.000000000000000000e+00 4.330288887125099251e+01
4.325092402844336448e+01 -0.000000000000000000e+00 0.000000000000000000e+00 0.000000000000000000e+00 4.325092402844336448e+01 0.000000000000000000e+00 0.000000000000000000e+00 0.000000000000000000e+00 4.325092402844336448e+01
4.326451487638014726e+01 -0.000000000000000000e+00 0.000000000000000000e+00 0.000000000000000000e+00 4.326451487638014726e+01 0.000000000000000000e+00 0.000000000000000000e+00 0.000000000000000000e+00 4.326451487638014726e+01
4.325765294024196805e+01 -0.000000000000000000e+00 0.000000000000000000e+00 0.000000000000000000e+00 4.325765294024196805e+01 0.000000000000000000e+00 0.000000000000000000e+00 0.000000000000000000e+00 4.325765294024196805e+01
4.330044741464514146e+01 -0.000000000000000000e+00 0.000000000000000000e+00 0.000000000000000000e+00 4.330044741464514146e+01 0.000000000000000000e+00 0.000000000000000000e+00 0.000000000000000000e+00 4.330044741464514146e+01
4.321821206806473015e+01 -0.000000000000000000e+00 0.000000000000000000e+00 0.000000000000000000e+00 4.321821206806473015e+01 0.000000000000000000e+00 0.000000000000000000e+00 0.000000000000000000e+00 4.321821206806473015e+01
4.324489319431757650e+01 -0.000000000000000000e+00 0.000000000000000000e+00 0.000000000000000000e+00 4.324489319431757650e+01 0.000000000000000000e+00 0.000000000000000000e+00 0.000000000000000000e+00 4.324489319431757650e+01
4.320572442779541689e+01 -0.000000000000000000e+00 0.000000000000000000e+00 0.000000000000000000e+00 4.320572442779541689e+01 0.000000000000000000e+00 0.000000000000000000e+00 0.000000000000000000e+00 4.320572442779541689e+01
4.320794471763765898e+01 -0.000000000000000000e+00 0.000000000000000000e+00 0.000000000000000000e+00 4.320794471763765898e+01 0.000000000000000000e+00 0.000000000000000000e+00 0.000000000000000000e+00 4.320794471763765898e+01
4.327581241950996116e+01 -0.000000000000000000e+00 0.000000000000000000e+00 0.000000000000000000e+00 4.327581241950996116e+01 0.000000000000000000e+00 0.000000000000000000e+00 0.000000000000000000e+00 4.327581241950996116e+01
4.326260988142711028e+01 -0.000000000000000000e+00 0.000000000000000000e+00 0.000000000000000000e+00 4.326260988142711028e+01 0.000000000000000000e+00 0.000000000000000000e+00 0.000000000000000000e+00 4.326260988142711028e+01
4.325984106122772488e+01 -0.000000000000000000e+00 0.000000000000000000e+00 0.000000000000000000e+00 4.325984106122772488e+01 0.000000000000000000e+00 0.000000000000000000e+00 0.000000000000000000e+00 4.325984106122772488e+01
4.322935769753591018e+01 -0.000000000000000000e+00 0.000000000000000000e+00 0.000000000000000000e+00 4.322935769753591018e+01 0.000000000000000000e+00 0.000000000000000000e+00 0.000000000000000000e+00 4.322935769753591018e+01
4.332206867724910637e+01 -0.000000000000000000e+00 0.000000000000000000e+00 0.000000000000000000e+00 4.332206867724910637e+01 0.000000000000000000e+00 0.000000000000000000e+00 0.000000000000000000e+00 4.332206867724910637e+01
4.325885818628709956e+01 -0.000000000000000000e+00 0.000000000000000000e+00 0.000000000000000000e+00 4.325885818628709956e+01 0.000000000000000000e+00 0.000000000000000000e+00 0.000000000000000000e+00 4.325885818628709956e+01
4.328937626845988973e+01 -0.000000000000000000e+00 0.000000000000000000e+00 0.000000000000000000e+00 4.328937626845988973e+01 0.000000000000000000e+00 0.000000000000000000e+00 0.000000000000000000e+00 4.328937626845988973e+01
4.323061926167755331e+01 -0.000000000000000000e+00 0.000000000000000000e+00 0.000000000000000000e+00 4.323061926167755331e+01 0.000000000000000000e+00 0.000000000000000000e+00 0.000000000000000000e+00 4.323061926167755331e+01
