4.352706607684101670e+01 -0.000000000000000000e+00 0.000000000000000000e+00 0.000000000000000000e+00 4.352706607684101670e+01 0.000000000000000000e+00 0.000000000000000000e+00 0.000000000000000000e+00 4.352706607684101670e+01
4.348620111946399902e+01 -0.000000000000000000e+00 0.000000000000000000e+00 0.000000000000000000e+00 4.348620111946399902e+01 0.000000000000000000e+00 0.000000000000000000e+00 0.000000000000000000e+00 4.348620111946399902e+01
4.349613484422438603e+01 -0.000000000000000000e+00 0.000000000000000000e+00 0.000000000000000000e+00 4.349613484422438603e+01 0.000000000000000000e+00 0.000000000000000000e+00 0.000000000000000000e+00 4.349613484422438603e+01
4.353206451499989527e+01 -0.000000000000000000e+00 0.000000000000000000e+00 0.000000000000000000e+00 4.353206451499989527e+01 0.000000000000000000e+00 0.000000000000000000e+00 0.000000000000000000e+00 4.353206451499989527e+01
4.349473994175603764e+01 -0.000000000000000000e+00 0.000000000000000000e+00 0.000000000000000000e+00 4.349473994175603764e+01 0.000000000000000000e+00 0.000000000000000000e+00 0.000000000000000000e+00 4.349473994175603764e+01
4.348671557759928419e+01 -0.000000000000000000e+00 0.000000000000000000e+00 0.000000000000000000e+00 4.348671557759928419e+01 0.000000000000000000e+00 0.000000000000000000e+00 0.000000000000000000e+00 4.348671557759928419e+01
4.346127452885829001e+01 -0.000000000000000000e+00 0.000000000000000000e+00 0.000000000000000000e+00 4.346127452885829001e+01 0.000000000000000000e+00 0.000000000000000000e+00 0.000000000000000000e+00 4.346127452885829001e+01
4.343021994335279601e+01 -0.000000000000000000e+00 0.000000000000000000e+00 0.000000000000000000e+00 4.343021994335279601e+01 0.000000000000000000e+00 0.000000000000000000e+00 0.000000000000000000e+00 4.343021994335279601e+01
4.344532353342385989e+01 -0.000000000000000000e+00 0.000000000000000000e+00 0.000000000000000000e+00 4.344532353342385989e+01 0.000000000000000000e+00 0.000000000000000000e+00 0.000000000000000000e+00 4.344532353342385989e+01
4.341151875462729492e+01 -0.000000000000000000e+00 0.000000000000000000e+00 0.000000000000000000e+00 4.341151875462729492e+01 0.000000000000000000e+00 0.000000000000000000e+00 0.000000000000000000e+00 4.341151875462729492e+01
4.345988633249768895e+01 -0.000000000000000000e+00 0.000000000000000000e+00 0.000000000000000000e+00 4.345988633249768895e+01 0.000000000000000000e+00 0.000000000000000000e+00 0.000000000000000000e+00 4.345988633249768895e+01
4.346217478257105427e+01 -0.000000000000000000e+00 0.000000000000000000e+00 0.000000000000000000e+00 4.346217478257105427e+01 0.000000000000000000e+00 0.000000000000000000e+00 0.000000000000000000e+00 4.346217478257105427e+01
4.347597914022373544e+01 -0.000000000000000000e+00 0.000000000000000000e+00 0.000000000000000000e+00 4.347597914022373544e+01 0.000000000000000000e+00 0.000000000000000000e+00 0.000000000000000000e+00 4.347597914022373544e+01
4.341416694894207495e+01 -0.000000000000000000e+00 0.000000000000000000e+00 0.000000000000000000e+00 4.341416694894207495e+01 0.000000000000000000e+00 0.000000000000000000e+00 0.000000000000000000e+00 4.341416694894207495e+01
4.344959358794940840e+01 -0.000000000000000000e+00 0.000000000000000000e+00 0.000000000000000000e+00 4.344959358794940840e+01 0.000000000000000000e+00 0.000000000000000000e+00 0.000000000000000000e+00 4.344959358794940840e+01
4.343358540871354023e+01 -0.000000000000000000e+00 0.000000000000000000e+00 0.000000000000000000e+00 4.343358540871354023e+01 0.000000000000000000e+00 0.000000000000000000e+00 0.000000000000000000e+00 4.343358540871354023e+01
4.339565237474968740e+01 -0.000000000000000000e+00 0.000000000000000000e+00 0.000000000000000000e+00 4.339565237474968740e+01 0.000000000000000000e+00 0.000000000000000000e+00 0.000000000000000000e+00 4.339565237474968740e+01
4.343619009516388019e+01 -0.000000000000000000e+00 0.000000000000000000e+00 0.000000000000000000e+00 4.343619009516388019e+01 0.000000000000000000e+00 0.000000000000000000e+00 0.000000000000000000e+00 4.343619009516388019e+01
4.346262071212687061e+01 -0.000000000000000000e+00 0.000000000000000000e+00 0.000000000000000000e+00 4.346262071212687061e+01 0.000000000000000000e+00 0.000000000000000000e+00 0.000000000000000000e+00 4.346262071212687061e+01
4.347361862494983598e+01 -0.000000000000000000e+00 0.000000000000000000e+00 0.000000000000000000e+00 4.347361862494983598e+01 0.000000000000000000e+00 0.000000000000000000e+00 0.000000000000000000e+00 4.347361862494983598e+01
4.344043632744343597e+01 -0.000000000000000000e+00 0.000000000000000000e+00 0.000000000000000000e+00 4.344043632744343597e+01 0.000000000000000000e+00 0.000000000000000000e+00 0.000000000000000000e+00 4.344043632744343597e+01
4.348200374828641657e+01 -0.000000000000000000e+00 0.000000000000000000e+00 0.000000000000000000e+00 4.348200374828641657e+01 0.000000000000000000e+00 0.000000000000000000e+00 0.000000000000000000e+00 4.348200374828641657e+01
4.340233983175792787e+01 -0.000000000000000000e+00 0.000000000000000000e+00 0.000000000000000000e+00 4.340233983175792787e+01 0.000000000000000000e+00 0.000000000000000000e+00 0.000000000000000000e+00 4.340233983175792787e+01
4.347838119434038617e+01 -0.000000000000000000e+00 0.000000000000000000e+00 0.000000000000000000e+00 4.347838119434038617e+01 0.000000000000000000e+00 0.000000000000000000e+00 0.000000000000000000e+00 4.347838119434038617e+01
4.342269577091819599e+01 -0.000000000000000000e+00 0.000000000000000000e+00 0.000000000000000000e+00 4.342269577091819599e+01 0.000000000000000000e+00 0.000000000000000000e+00 0.000000000000000000e+00 4.342269577091819599e+01
4.347274919287339401e+01 -0.000000000000000000e+00 0.000000000000000000e+00 0.000000000000000000e+00 4.347274919287339401e+01 0.000000000000000000e+00 0.000000000000000000e+00 0.000000000000000000e+00 4.347274919287339401e+01
4.334470557402009661e+01 -0.000000000000000000e+00 0.000000000000000000e+00 0.000000000000000000e+00 4.334470557402009661e+01 0.000000000000000000e+00 0.000000000000000000e+00 0.000000000000000000e+00 4.334470557402009661e+01
4.344611643348082453e+01 -0.000000000000000000e+00 0.000000000000000000e+00 0.000000000000000000e+00 4.344611643348082453e+01 0.000000000000000000e+00 0.000000000000000000e+00 0.000000000000000000e+00 4.344611643348082453e+01
4.338712882833147688e+01 -0.000000000000000000e+00 0.000000000000000000e+00 0.000000000000000000e+00 4.338712882833147688e+01 0.000000000000000000e+00 0.000000000000000000e+00 0.000000000000000000e+00 4.338712882833147688e+01
4.341310576661042830e+01 -0.000000000000000000e+00 0.000000000000000000e+00 0.000000000000000000e+00 4.341310576661042830e+01 0.000000000000000000e+00 0.000000000000000000e+00 0.000000000000000000e+00 4.341310576661042830e+01
4.338923907388565482e+01 -0.000000000000000000e+00 0.000000000000000000e+00 0.000000000000000000e+00 4.338923907388565482e+01 0.000000000000000000e+00 0.000000000000000000e+00 0.000000000000000000e+00 4.338923907388565482e+01
4.349799492316483196e+01 -0.000000000000000000e+00 0.000000000000000000e+00 0.000000000000000000e+00 4.349799492316483196e+01 0.000000000000000000e+00 0.000000000000000000e+00 0.000000000000000000e+00 4.349799492316483196e+01
4.338170847706938105e+01 -0.000000000000000000e+00 0.000000000000000000e+00 0.000000000000000000e+00 4.338170847706938105e+01 0.000000000000000000e+00 0.000000000000000000e+00 0.000000000000000000e+00 4.338170847706938105e+01
4.344207445284803271e+01 -0.000000000000000000e+00 0.000000000000000000e+00 0.000000000000000000e+00 4.344207445284803271e+01 0.000000000000000000e+00 0.000000000000000000e+00 0.000000000000000000e+00 4.344207445284803271e+01
4.342279188980043614e+01 -0.000000000000000000e+00 0.000000000000000000e+00 0.000000000000000000e+00 4.342279188980043614e+01 0.000000000000000000e+00 0.000000000000000000e+00 0.000000000000000000e+00 4.342279188980043614e+01
4.342878020683617279e+01 -0.000000000000000000e+00 0.000000000000000000e+00 0.000000000000000000e+00 4.342878020683617279e+01 0.000000000000000000e+00 0.000000000000000000e+00 0.000000000000000000e+00 4.342878020683617279e+01
4.344648422001171184e+01 -0.000000000000000000e+00 0.000000000000000000e+00 0.000000000000000000e+00 4.344648422001171184e+01 0.000000000000000000e+00 0.000000000000000000e+00 0.000000000000000000e+00 4.344648422001171184e+01
4.345748127051849252e+01 -0.000000000000000000e+00 0.000000000000000000e+00 0.000000000000000000e+00 4.345748127051849252e+01 0.000000000000000000e+00 0.000000000000000000e+00 0.000000000000000000e+00 4.345748127051849252e+01
4.340914180966865388e+01 -0.000000000000000000e+00 0.000000000000000000e+00 0.000000000000000000e+00 4.340914180966865388e+01 0.000000000000000000e+00 0.000000000000000000e+00 0.000000000000000000e+00 4.340914180966865388e+01
4.343511250012127789e+01 -0.000000000000000000e+00 0.000000000000000000e+00 0.000000000000000000e+00 4.343511250012127789e+01 0.000000000000000000e+00 0.000000000000000000e+00 0.000000000000000000e+00 4.343511250012127789e+01
4.344397549173445583e+01 -0.000000000000000000e+00 0.000000000000000000e+00 0.000000000000000000e+00 4.344397549173445583e+01 0.000000000000000000e+00 0.000000000000000000e+00 0.000000000000000000e+00 4.344397549173445583e+01
4.344392596159892150e+01 -0.000000000000000000e+00 0.000000000000000000e+00 0.000000000000000000e+00 4.344392596159892150e+01 0.000000000000000000e+00 0.000000000000000000e+00 0.000000000000000000e+00 4.344392596159892150e+01
4.337925831813403477e+01 -0.000000000000000000e+00 0.000000000000000000e+00 0.000000000000000000e+00 4.337925831813403477e+01 0.000000000000000000e+00 0.000000000000000000e+00 0.000000000000000000e+00 4.337925831813403477e+01
4.337139957144194113e+01 -0.000000000000000000e+00 0.000000000000000000e+00 0.000000000000000000e+00 4.337139957144194113e+01 0.000000000000000000e+00 0.000000000000000000e+00 0.000000000000000000e+00 4.337139957144194113e+01
4.343898284623080031e+01 -0.000000000000000000e+00 0.000000000000000000e+00 0.000000000000000000e+00 4.343898284623080031e+01 0.000000000000000000e+00 0.000000000000000000e+00 0.000000000000000000e+00 4.343898284623080031e+01
4.336572948341300560e+01 -0.000000000000000000e+00 0.000000000000000000e+00 0.000000000000000000e+00 4.336572948341300560e+01 0.000000000000000000e+00 0.000000000000000000e+00 0.000000000000000000e+00 4.336572948341300560e+01
4.346602372774550815e+01 -0.000000000000000000e+00 0.000000000000000000e+00 0.000000000000000000e+00 4.346602372774550815e+01 0.000000000000000000e+00 0.000000000000000000e+00 0.000000000000000000e+00 4.346602372774550815e+01
4.340353511063050718e+01 -0.000000000000000000e+00 0.000000000000000000e+00 0.000000000000000000e+00 4.340353511063050718e+01 0.000000000000000000e+00 0.000000000000000000e+00 0.000000000000000000e+00 4.340353511063050718e+01
4.337824520465625255e+01 -0.000000000000000000e+00 0.000000000000000000e+00 0.000000000000000000e+00 4.337824520465625255e+01 0.000000000000000000e+00 0.000000000000000000e+00 0.000000000000000000e+00 4.337824520465625255e+01
4.339788240926332463e+01 -0.000000000000000000e+00 0.000000000000000000e+00 0.000000000000000000e+00 4.339788240926332463e+01 0.000000000000000000e+00 0.000000000000000000e+00 0.000000000000000000e+00 4.339788240926332463e+01
4.340522771741219543e+01 -0.000000000000000000e+00 0.000000000000000000e+00 0.000000000000000000e+00 4.340522771741219543e+01 0.000000000000000000e+00 0.000000000000000000e+00 0.000000000000000000e+00 4.340522771741219543e+01
