4.337205344569488830e+01 -0.000000000000000000e+00 0.000000000000000000e+00 0.000000000000000000e+00 4.337205344569488830e+01 0.000000000000000000e+00 0.000000000000000000e+00 0.000000000000000000e+00 4.337205344569488830e+01
4.344207830425162342e+01 -0.000000000000000000e+00 0.000000000000000000e+00 0.000000000000000000e+00 4.344207830425162342e+01 0.000000000000000000e+00 0.000000000000000000e+00 0.000000000000000000e+00 4.344207830425162342e+01
4.339928099805108275e+01 -0.000000000000000000e+00 0.000000000000000000e+00 0.000000000000000000e+00 4.339928099805108275e+01 0.000000000000000000e+00 0.000000000000000000e+00 0.000000000000000000e+00 4.339928099805108275e+01
4.336967967145467640e+01 -0.000000000000000000e+00 0.000000000000000000e+00 0.000000000000000000e+00 4.336967967145467640e+01 0.000000000000000000e+00 0.000000000000000000e+00 0.000000000000000000e+00 4.336967967145467640e+01
4.340065881076994714e+01 -0.000000000000000000e+00 0.000000000000000000e+00 0.000000000000000000e+00 4.340065881076994714e+01 0.000000000000000000e+00 0.000000000000000000e+00 0.000000000000000000e+00 4.340065881076994714e+01
4.338373258488289252e+01 -0.000000000000000000e+00 0.000000000000000000e+00 0.000000000000000000e+00 4.338373258488289252e+01 0.000000000000000000e+00 0.000000000000000000e+00 0.000000000000000000e+00 4.338373258488289252e+01
4.339529177984211117e+01 -0.000000000000000000e+00 0.000000000000000000e+00 0.000000000000000000e+00 4.339529177984211117e+01 0.000000000000000000e+00 0.000000000000000000e+00 0.000000000000000000e+00 4.339529177984211117e+01
4.334931565221769745e+01 -0.000000000000000000e+00 0.000000000000000000e+00 0.000000000000000000e+00 4.334931565221769745e+01 0.000000000000000000e+00 0.000000000000000000e+00 0.000000000000000000e+00 4.334931565221769745e+01
4.334390038627451958e+01 -0.000000000000000000e+00 0.000000000000000000e+00 0.000000000000000000e+00 4.334390038627451958e+01 0.000000000000000000e+00 0.000000000000000000e+00 0.000000000000000000e+00 4.334390038627451958e+01
4.341969161682654743e+01 -0.000000000000000000e+00 0.000000000000000000e+00 0.000000000000000000e+00 4.341969161682654743e+01 0.000000000000000000e+00 0.000000000000000000e+00 0.000000000000000000e+00 4.341969161682654743e+01
4.337569649866652099e+01 -0.000000000000000000e+00 0.000000000000000000e+00 0.000000000000000000e+00 4.337569649866652099e+01 0.000000000000000000e+00 0.000000000000000000e+00 0.000000000000000000e+00 4.337569649866652099e+01
4.338654567580975652e+01 -0.000000000000000000e+00 0.000000000000000000e+00 0.000000000000000000e+00 4.338654567580975652e+01 0.000000000000000000e+00 0.000000000000000000e+00 0.000000000000000000e+00 4.338654567580975652e+01
4.339404672589120082e+01 -0.000000000000000000e+00 0.000000000000000000e+00 0.000000000000000000e+00 4.339404672589120082e+01 0.000000000000000000e+00 0.000000000000000000e+00 0.000000000000000000e+00 4.339404672589120082e+01
4.339323300261706606e+01 -0.000000000000000000e+00 0.000000000000000000e+00 0.000000000000000000e+00 4.339323300261706606e+01 0.000000000000000000e+00 0.000000000000000000e+00 0.000000000000000000e+00 4.339323300261706606e+01
4.336004514942989374e+01 -0.000000000000000000e+00 0.000000000000000000e+00 0.000000000000000000e+00 4.336004514942989374e+01 0.000000000000000000e+00 0.000000000000000000e+00 0.000000000000000000e+00 4.336004514942989374e+01
4.341461423008325937e+01 -0.000000000000000000e+00 0.000000000000000000e+00 0.000000000000000000e+00 4.341461423008325937e+01 0.000000000000000000e+00 0.000000000000000000e+00 0.000000000000000000e+00 4.341461423008325937e+01
4.336197043332789747e+01 -0.000000000000000000e+00 0.000000000000000000e+00 0.000000000000000000e+00 4.336197043332789747e+01 0.000000000000000000e+00 0.000000000000000000e+00 0.000000000000000000e+00 4.336197043332789747e+01
4.339831437913470324e+01 -0.000000000000000000e+00 0.000000000000000000e+00 0.000000000000000000e+00 4.339831437913470324e+01 0.000000000000000000e+00 0.000000000000000000e+00 0.000000000000000000e+00 4.339831437913470324e+01
4.339748978951244851e+01 -0.000000000000000000e+00 0.000000000000000000e+00 0.000000000000000000e+00 4.339748978951244851e+01 0.000000000000000000e+00 0.000000000000000000e+00 0.000000000000000000e+00 4.339748978951244851e+01
4.333951769180018943e+01 -0.000000000000000000e+00 0.000000000000000000e+00 0.000000000000000000e+00 4.333951769180018943e+01 0.000000000000000000e+00 0.000000000000000000e+00 0.000000000000000000e+00 4.333951769180018943e+01
4.334159179100807080e+01 -0.000000000000000000e+00 0.000000000000000000e+00 0.000000000000000000e+00 4.334159179100807080e+01 0.000000000000000000e+00 0.000000000000000000e+00 0.000000000000000000e+00 4.334159179100807080e+01
4.334161622736462505e+01 -0.000000000000000000e+00 0.000000000000000000e+00 0.000000000000000000e+00 4.334161622736462505e+01 0.000000000000000000e+00 0.000000000000000000e+00 0.000000000000000000e+00 4.334161622736462505e+01
4.341857159455387460e+01 -0.000000000000000000e+00 0.000000000000000000e+00 0.000000000000000000e+00 4.341857159455387460e+01 0.000000000000000000e+00 0.000000000000000000e+00 0.000000000000000000e+00 4.341857159455387460e+01
4.334648965958765388e+01 -0.000000000000000000e+00 0.000000000000000000e+00 0.000000000000000000e+00 4.334648965958765388e+01 0.000000000000000000e+00 0.000000000000000000e+00 0.000000000000000000e+00 4.334648965958765388e+01
4.338925973013949999e+01 -0.000000000000000000e+00 0.000000000000000000e+00 0.000000000000000000e+00 4.338925973013949999e+01 0.000000000000000000e+00 0.000000000000000000e+00 0.000000000000000000e+00 4.338925973013949999e+01
4.335925045391910260e+01 -0.000000000000000000e+00 0.000000000000000000e+00 0.000000000000000000e+00 4.335925045391910260e+01 0.000000000000000000e+00 0.000000000000000000e+00 0.000000000000000000e+00 4.335925045391910260e+01
4.342428382390887265e+01 -0.000000000000000000e+00 0.000000000000000000e+00 0.000000000000000000e+00 4.342428382390887265e+01 0.000000000000000000e+00 0.000000000000000000e+00 0.000000000000000000e+00 4.342428382390887265e+01
4.341500156067971261e+01 -0.000000000000000000e+00 0.000000000000000000e+00 0.000000000000000000e+00 4.341500156067971261e+01 0.000000000000000000e+00 0.000000000000000000e+00 0.000000000000000000e+00 4.341500156067971261e+01
4.337188747291189372e+01 -0.000000000000000000e+00 0.000000000000000000e+00 0.000000000000000000e+00 4.337188747291189372e+01 0.000000000000000000e+00 0.000000000000000000e+00 0.000000000000000000e+00 4.337188747291189372e+01
4.337928657152496470e+01 -0.000000000000000000e+00 0.000000000000000000e+00 0.000000000000000000e+00 4.337928657152496470e+01 0.000000000000000000e+00 0.000000000000000000e+00 0.000000000000000000e+00 4.337928657152496470e+01
4.338773694512906332e+01 -0.000000000000000000e+00 0.000000000000000000e+00 0.000000000000000000e+00 4.338773694512906332e+01 0.000000000000000000e+00 0.000000000000000000e+00 0.000000000000000000e+00 4.338773694512906332e+01
4.340650023766208676e+01 -0.000000000000000000e+00 0.000000000000000000e+00 0.000000000000000000e+00 4.340650023766208676e+01 0.000000000000000000e+00 0.000000000000000000e+00 0.000000000000000000e+00 4.340650023766208676e+01
4.337203824658186591e+01 -0.000000000000000000e+00 0.000000000000000000e+00 0.000000000000000000e+00 4.337203824658186591e+01 0.000000000000000000e+00 0.000000000000000000e+00 0.000000000000000000e+00 4.337203824658186591e+01
4.336530763273964340e+01 -0.000000000000000000e+00 0.000000000000000000e+00 0.000000000000000000e+00 4.336530763273964340e+01 0.000000000000000000e+00 0.000000000000000000e+00 0.000000000000000000e+00 4.336530763273964340e+01
4.335207480087403553e+01 -0.000000000000000000e+00 0.000000000000000000e+00 0.000000000000000000e+00 4.335207480087403553e+01 0.000000000000000000e+00 0.000000000000000000e+00 0.000000000000000000e+00 4.335207480087403553e+01
4.342270647171349651e+01 -0.000000000000000000e+00 0.000000000000000000e+00 0.000000000000000000e+00 4.342270647171349651e+01 0.000000000000000000e+00 0.000000000000000000e+00 0.000000000000000000e+00 4.342270647171349651e+01
4.336966570328361570e+01 -0.000000000000000000e+00 0.000000000000000000e+00 0.000000000000000000e+00 4.336966570328361570e+01 0.000000000000000000e+00 0.000000000000000000e+00 0.000000000000000000e+00 4.336966570328361570e+01
4.338478091434541284e+01 -0.000000000000000000e+00 0.000000000000000000e+00 0.000000000000000000e+00 4.338478091434541284e+01 0.000000000000000000e+00 0.000000000000000000e+00 0.000000000000000000e+00 4.338478091434541284e+01
4.340084242345359655e+01 -0.000000000000000000e+00 0.000000000000000000e+00 0.000000000000000000e+00 4.340084242345359655e+01 0.000000000000000000e+00 0.000000000000000000e+00 0.000000000000000000e+00 4.340084242345359655e+01
4.341018179138676203e+01 -0.000000000000000000e+00 0.000000000000000000e+00 0.000000000000000000e+00 4.341018179138676203e+01 0.000000000000000000e+00 0.000000000000000000e+00 0.000000000000000000e+00 4.341018179138676203e+01
4.339619300467446550e+01 -0.000000000000000000e+00 0.000000000000000000e+00 0.000000000000000000e+00 4.339619300467446550e+01 0.000000000000000000e+00 0.000000000000000000e+00 0.000000000000000000e+00 4.339619300467446550e+01
4.335352176028754911e+01 -0.000000000000000000e+00 0.000000000000000000e+00 0.000000000000000000e+00 4.335352176028754911e+01 0.000000000000000000e+00 0.000000000000000000e+00 0.000000000000000000e+00 4.335352176028754911e+01
4.338059106249435359e+01 -0.000000000000000000e+00 0.000000000000000000e+00 0.000000000000000000e+00 4.338059106249435359e+01 0.000000000000000000e+00 0.000000000000000000e+00 0.000000000000000000e+00 4.338059106249435359e+01
4.334180955576987060e+01 -0.000000000000000000e+00 0.000000000000000000e+00 0.000000000000000000e+00 4.334180955576987060e+01 0.000000000000000000e+00 0.000000000000000000e+00 0.000000000000000000e+00 4.334180955576987060e+01
4.341003382109174424e+01 -0.000000000000000000e+00 0.000000000000000000e+00 0.000000000000000000e+00 4.341003382109174424e+01 0.000000000000000000e+00 0.000000000000000000e+00 0.000000000000000000e+00 4.341003382109174424e+01
4.339166489727599441e+01 -0.000000000000000000e+00 0.000000000000000000e+00 0.000000000000000000e+00 4.339166489727599441e+01 0.000000000000000000e+00 0.000000000000000000e+00 0.000000000000000000e+00 4.339166489727599441e+01
4.334901915245308146e+01 -0.000000000000000000e+00 0.000000000000000000e+00 0.000000000000000000e+00 4.334901915245308146e+01 0.000000000000000000e+00 0.000000000000000000e+00 0.000000000000000000e+00 4.334901915245308146e+01
4.338428959572756582e+01 -0.000000000000000000e+00 0.000000000000000000e+00 0.000000000000000000e+00 4.338428959572756582e+01 0.000000000000000000e+00 0.000000000000000000e+00 0.000000000000000000e+00 4.338428959572756582e+01
4.337660851262118911e+01 -0.000000000000000000e+00 0.000000000000000000e+00 0.000000000000000000e+00 4.337660851262118911e+01 0.000000000000000000e+00 0.000000000000000000e+00 0.000000000000000000e+00 4.337660851262118911e+01
4.335258470794148167e+01 -0.000000000000000000e+00 0.000000000000000000e+00 0.000000000000000000e+00 4.335258470794148167e+01 0.000000000000000000e+00 0.000000000000000000e+00 0.000000000000000000e+00 4.335258470794148167e+01
4.339795333976506697e+01 -0.000000000000000000e+00 0.000000000000000000e+00 0.000000000000000000e+00 4.339795333976506697e+01 0.000000000000000000e+00 0.000000000000000000e+00 0.000000000000000000e+00 4.339795333976506697e+01
