4.367654039472408556e+01 -0.000000000000000000e+00 0.000000000000000000e+00 0.000000000000000000e+00 4.367654039472408556e+01 0.000000000000000000e+00 0.000000000000000000e+00 0.000000000000000000e+00 4.367654039472408556e+01
4.372657899817399141e+01 -0.000000000000000000e+00 0.000000000000000000e+00 0.000000000000000000e+00 4.372657899817399141e+01 0.000000000000000000e+00 0.000000000000000000e+00 0.000000000000000000e+00 4.372657899817399141e+01
4.369884034416814700e+01 -0.000000000000000000e+00 0.000000000000000000e+00 0.000000000000000000e+00 4.369884034416814700e+01 0.000000000000000000e+00 0.000000000000000000e+00 0.000000000000000000e+00 4.369884034416814700e+01
4.373090119441431511e+01 -0.000000000000000000e+00 0.000000000000000000e+00 0.000000000000000000e+00 4.373090119441431511e+01 0.000000000000000000e+00 0.000000000000000000e+00 0.000000000000000000e+00 4.373090119441431511e+01
4.370996088814568736e+01 -0.000000000000000000e+00 0.000000000000000000e+00 0.000000000000000000e+00 4.370996088814568736e+01 0.000000000000000000e+00 0.000000000000000000e+00 0.000000000000000000e+00 4.370996088814568736e+01
4.370066924467259639e+01 -0.000000000000000000e+00 0.000000000000000000e+00 0.000000000000000000e+00 4.370066924467259639e+01 0.000000000000000000e+00 0.000000000000000000e+00 0.000000000000000000e+00 4.370066924467259639e+01
4.374857010056386031e+01 -0.000000000000000000e+00 0.000000000000000000e+00 0.000000000000000000e+00 4.374857010056386031e+01 0.000000000000000000e+00 0.000000000000000000e+00 0.000000000000000000e+00 4.374857010056386031e+01
4.376328506687126207e+01 -0.000000000000000000e+00 0.000000000000000000e+00 0.000000000000000000e+00 4.376328506687126207e+01 0.000000000000000000e+00 0.000000000000000000e+00 0.000000000000000000e+00 4.376328506687126207e+01
4.368777951026362416e+01 -0.000000000000000000e+00 0.000000000000000000e+00 0.000000000000000000e+00 4.368777951026362416e+01 0.000000000000000000e+00 0.000000000000000000e+00 0.000000000000000000e+00 4.368777951026362416e+01
4.371486864527002325e+01 -0.000000000000000000e+00 0.000000000000000000e+00 0.000000000000000000e+00 4.371486864527002325e+01 0.000000000000000000e+00 0.000000000000000000e+00 0.000000000000000000e+00 4.371486864527002325e+01
4.371514960982621290e+01 -0.000000000000000000e+00 0.000000000000000000e+00 0.000000000000000000e+00 4.371514960982621290e+01 0.000000000000000000e+00 0.000000000000000000e+00 0.000000000000000000e+00 4.371514960982621290e+01
4.368003236075641382e+01 -0.000000000000000000e+00 0.000000000000000000e+00 0.000000000000000000e+00 4.368003236075641382e+01 0.000000000000000000e+00 0.000000000000000000e+00 0.000000000000000000e+00 4.368003236075641382e+01
4.371133830984769730e+01 -0.000000000000000000e+00 0.000000000000000000e+00 0.000000000000000000e+00 4.371133830984769730e+01 0.000000000000000000e+00 0.000000000000000000e+00 0.000000000000000000e+00 4.371133830984769730e+01
4.367954354509866732e+01 -0.000000000000000000e+00 0.000000000000000000e+00 0.000000000000000000e+00 4.367954354509866732e+01 0.000000000000000000e+00 0.000000000000000000e+00 0.000000000000000000e+00 4.367954354509866732e+01
4.375916529682963585e+01 -0.000000000000000000e+00 0.000000000000000000e+00 0.000000000000000000e+00 4.375916529682963585e+01 0.000000000000000000e+00 0.000000000000000000e+00 0.000000000000000000e+00 4.375916529682963585e+01
4.365156899807462310e+01 -0.000000000000000000e+00 0.000000000000000000e+00 0.000000000000000000e+00 4.365156899807462310e+01 0.000000000000000000e+00 0.000000000000000000e+00 0.000000000000000000e+00 4.365156899807462310e+01
4.371865489208651923e+01 -0.000000000000000000e+00 0.000000000000000000e+00 0.000000000000000000e+00 4.371865489208651923e+01 0.000000000000000000e+00 0.000000000000000000e+00 0.000000000000000000e+00 4.371865489208651923e+01
4.372980825851536935e+01 -0.000000000000000000e+00 0.000000000000000000e+00 0.000000000000000000e+00 4.372980825851536935e+01 0.000000000000000000e+00 0.000000000000000000e+00 0.000000000000000000e+00 4.372980825851536935e+01
4.364078085351869163e+01 -0.000000000000000000e+00 0.000000000000000000e+00 0.000000000000000000e+00 4.364078085351869163e+01 0.000000000000000000e+00 0.000000000000000000e+00 0.000000000000000000e+00 4.364078085351869163e+01
4.371159960166754388e+01 -0.000000000000000000e+00 0.000000000000000000e+00 0.000000000000000000e+00 4.371159960166754388e+01 0.000000000000000000e+00 0.000000000000000000e+00 0.000000000000000000e+00 4.371159960166754388e+01
4.366798905978650680e+01 -0.000000000000000000e+00 0.000000000000000000e+00 0.000000000000000000e+00 4.366798905978650680e+01 0.000000000000000000e+00 0.000000000000000000e+00 0.000000000000000000e+00 4.366798905978650680e+01
4.371183706245449230e+01 -0.000000000000000000e+00 0.000000000000000000e+00 0.000000000000000000e+00 4.371183706245449230e+01 0.000000000000000000e+00 0.000000000000000000e+00 0.000000000000000000e+00 4.371183706245449230e+01
4.372187890117655229e+01 -0.000000000000000000e+00 0.000000000000000000e+00 0.000000000000000000e+00 4.372187890117655229e+01 0.000000000000000000e+00 0.000000000000000000e+00 0.000000000000000000e+00 4.372187890117655229e+01
4.366485795605858300e+01 -0.000000000000000000e+00 0.000000000000000000e+00 0.000000000000000000e+00 4.366485795605858300e+01 0.000000000000000000e+00 0.000000000000000000e+00 0.000000000000000000e+00 4.366485795605858300e+01
4.372754757198379139e+01 -0.000000000000000000e+00 0.000000000000000000e+00 0.000000000000000000e+00 4.372754757198379139e+01 0.000000000000000000e+00 0.000000000000000000e+00 0.000000000000000000e+00 4.372754757198379139e+01
4.365637692828239835e+01 -0.000000000000000000e+00 0.000000000000000000e+00 0.000000000000000000e+00 4.365637692828239835e+01 0.000000000000000000e+00 0.000000000000000000e+00 0.000000000000000000e+00 4.365637692828239835e+01
4.361567389978281994e+01 -0.000000000000000000e+00 0.000000000000000000e+00 0.000000000000000000e+00 4.361567389978281994e+01 0.000000000000000000e+00 0.000000000000000000e+00 0.000000000000000000e+00 4.361567389978281994e+01
4.366607107946538235e+01 -0.000000000000000000e+00 0.000000000000000000e+00 0.000000000000000000e+00 4.366607107946538235e+01 0.000000000000000000e+00 0.000000000000000000e+00 0.000000000000000000e+00 4.366607107946538235e+01
4.361467729879434785e+01 -0.000000000000000000e+00 0.000000000000000000e+00 0.000000000000000000e+00 4.361467729879434785e+01 0.000000000000000000e+00 0.000000000000000000e+00 0.000000000000000000e+00 4.361467729879434785e+01
4.362888620045492871e+01 -0.000000000000000000e+00 0.000000000000000000e+00 0.000000000000000000e+00 4.362888620045492871e+01 0.000000000000000000e+00 0.000000000000000000e+00 0.000000000000000000e+00 4.362888620045492871e+01
4.370048774702937067e+01 -0.000000000000000000e+00 0.000000000000000000e+00 0.000000000000000000e+00 4.370048774702937067e+01 0.000000000000000000e+00 0.000000000000000000e+00 0.000000000000000000e+00 4.370048774702937067e+01
4.374167211769876928e+01 -0.000000000000000000e+00 0.000000000000000000e+00 0.000000000000000000e+00 4.374167211769876928e+01 0.000000000000000000e+00 0.000000000000000000e+00 0.000000000000000000e+00 4.374167211769876928e+01
4.364498769879725160e+01 -0.000000000000000000e+00 0.000000000000000000e+00 0.000000000000000000e+00 4.364498769879725160e+01 0.000000000000000000e+00 0.000000000000000000e+00 0.000000000000000000e+00 4.364498769879725160e+01
4.365989156574839569e+01 -0.000000000000000000e+00 0.000000000000000000e+00 0.000000000000000000e+00 4.365989156574839569e+01 0.000000000000000000e+00 0.000000000000000000e+00 0.000000000000000000e+00 4.365989156574839569e+01
4.365541679618804949e+01 -0.000000000000000000e+00 0.000000000000000000e+00 0.000000000000000000e+00 4.365541679618804949e+01 0.000000000000000000e+00 0.000000000000000000e+00 0.000000000000000000e+00 4.365541679618804949e+01
4.368731765864605876e+01 -0.000000000000000000e+00 0.000000000000000000e+00 0.000000000000000000e+00 4.368731765864605876e+01 0.000000000000000000e+00 0.000000000000000000e+00 0.000000000000000000e+00 4.368731765864605876e+01
4.363733584693798662e+01 -0.000000000000000000e+00 0.000000000000000000e+00 0.000000000000000000e+00 4.363733584693798662e+01 0.000000000000000000e+00 0.000000000000000000e+00 0.000000000000000000e+00 4.363733584693798662e+01
4.364706857243009352e+01 -0.000000000000000000e+00 0.000000000000000000e+00 0.000000000000000000e+00 4.364706857243009352e+01 0.000000000000000000e+00 0.000000000000000000e+00 0.000000000000000000e+00 4.364706857243009352e+01
4.366969264547626040e+01 -0.000000000000000000e+00 0.000000000000000000e+00 0.000000000000000000e+00 4.366969264547626040e+01 0.000000000000000000e+00 0.000000000000000000e+00 0.000000000000000000e+00 4.366969264547626040e+01
4.362863257649013349e+01 -0.000000000000000000e+00 0.000000000000000000e+00 0.000000000000000000e+00 4.362863257649013349e+01 0.000000000000000000e+00 0.000000000000000000e+00 0.000000000000000000e+00 4.362863257649013349e+01
4.364750124149922073e+01 -0.000000000000000000e+00 0.000000000000000000e+00 0.000000000000000000e+00 4.364750124149922073e+01 0.000000000000000000e+00 0.000000000000000000e+00 0.000000000000000000e+00 4.364750124149922073e+01
4.365309433993036237e+01 -0.000000000000000000e+00 0.000000000000000000e+00 0.000000000000000000e+00 4.365309433993036237e+01 0.000000000000000000e+00 0.000000000000000000e+00 0.000000000000000000e+00 4.365309433993036237e+01
4.369900252843095245e+01 -0.000000000000000000e+00 0.000000000000000000e+00 0.000000000000000000e+00 4.369900252843095245e+01 0.000000000000000000e+00 0.000000000000000000e+00 0.000000000000000000e+00 4.369900252843095245e+01
4.359198425993297121e+01 -0.000000000000000000e+00 0.000000000000000000e+00 0.000000000000000000e+00 4.359198425993297121e+01 0.000000000000000000e+00 0.000000000000000000e+00 0.000000000000000000e+00 4.359198425993297121e+01
4.367173617176868561e+01 -0.000000000000000000e+00 0.000000000000000000e+00 0.000000000000000000e+00 4.367173617176868561e+01 0.000000000000000000e+00 0.000000000000000000e+00 0.000000000000000000e+00 4.367173617176868561e+01
4.370984786962576152e+01 -0.000000000000000000e+00 0.000000000000000000e+00 0.000000000000000000e+00 4.370984786962576152e+01 0.000000000000000000e+00 0.000000000000000000e+00 0.000000000000000000e+00 4.370984786962576152e+01
4.357497643299460321e+01 -0.000000000000000000e+00 0.000000000000000000e+00 0.000000000000000000e+00 4.357497643299460321e+01 0.000000000000000000e+00 0.000000000000000000e+00 0.000000000000000000e+00 4.357497643299460321e+01
4.368883662944572421e+01 -0.000000000000000000e+00 0.000000000000000000e+00 0.000000000000000000e+00 4.368883662944572421e+01 0.000000000000000000e+00 0.000000000000000000e+00 0.000000000000000000e+00 4.368883662944572421e+01
4.361762687447854603e+01 -0.000000000000000000e+00 0.000000000000000000e+00 0.000000000000000000e+00 4.361762687447854603e+01 0.000000000000000000e+00 0.000000000000000000e+00 0.000000000000000000e+00 4.361762687447854603e+01
4.362438285529353266e+01 -0.000000000000000000e+00 0.000000000000000000e+00 0.000000000000000000e+00 4.362438285529353266e+01 0.000000000000000000e+00 0.000000000000000000e+00 0.000000000000000000e+00 4.362438285529353266e+01
4.363882923267390623e+01 -0.000000000000000000e+00 0.000000000000000000e+00 0.000000000000000000e+00 4.363882923267390623e+01 0.000000000000000000e+00 0.000000000000000000e+00 0.000000000000000000e+00 4.363882923267390623e+01
