4.363882923267390623e+01 -0.000000000000000000e+00 0.000000000000000000e+00 0.000000000000000000e+00 4.363882923267390623e+01 0.000000000000000000e+00 0.000000000000000000e+00 0.000000000000000000e+00 4.363882923267390623e+01
4.365486997585725248e+01 -0.000000000000000000e+00 0.000000000000000000e+00 0.000000000000000000e+00 4.365486997585725248e+01 0.000000000000000000e+00 0.000000000000000000e+00 0.000000000000000000e+00 4.365486997585725248e+01
4.365605579183726093e+01 -0.000000000000000000e+00 0.000000000000000000e+00 0.000000000000000000e+00 4.365605579183726093e+01 0.000000000000000000e+00 0.000000000000000000e+00 0.000000000000000000e+00 4.365605579183726093e+01
4.366361632421151029e+01 -0.000000000000000000e+00 0.000000000000000000e+00 0.000000000000000000e+00 4.366361632421151029e+01 0.000000000000000000e+00 0.000000000000000000e+00 0.000000000000000000e+00 4.366361632421151029e+01
4.360998598505328516e+01 -0.000000000000000000e+00 0.000000000000000000e+00 0.000000000000000000e+00 4.360998598505328516e+01 0.000000000000000000e+00 0.000000000000000000e+00 0.000000000000000000e+00 4.360998598505328516e+01
4.369125342979730675e+01 -0.000000000000000000e+00 0.000000000000000000e+00 0.000000000000000000e+00 4.369125342979730675e+01 0.000000000000000000e+00 0.000000000000000000e+00 0.000000000000000000e+00 4.369125342979730675e+01
4.362685208307202345e+01 -0.000000000000000000e+00 0.000000000000000000e+00 0.000000000000000000e+00 4.362685208307202345e+01 0.000000000000000000e+00 0.000000000000000000e+00 0.000000000000000000e+00 4.362685208307202345e+01
4.365027722208598959e+01 -0.000000000000000000e+00 0.000000000000000000e+00 0.000000000000000000e+00 4.365027722208598959e+01 0.000000000000000000e+00 0.000000000000000000e+00 0.000000000000000000e+00 4.365027722208598959e+01
4.364521639591229984e+01 -0.000000000000000000e+00 0.000000000000000000e+00 0.000000000000000000e+00 4.364521639591229984e+01 0.000000000000000000e+00 0.000000000000000000e+00 0.000000000000000000e+00 4.364521639591229984e+01
4.363389694576211753e+01 -0.000000000000000000e+00 0.000000000000000000e+00 0.000000000000000000e+00 4.363389694576211753e+01 0.000000000000000000e+00 0.000000000000000000e+00 0.000000000000000000e+00 4.363389694576211753e+01
4.364499946447462264e+01 -0.000000000000000000e+00 0.000000000000000000e+00 0.000000000000000000e+00 4.364499946447462264e+01 0.000000000000000000e+00 0.000000000000000000e+00 0.000000000000000000e+00 4.364499946447462264e+01
4.364569224289884630e+01 -0.000000000000000000e+00 0.000000000000000000e+00 0.000000000000000000e+00 4.364569224289884630e+01 0.000000000000000000e+00 0.000000000000000000e+00 0.000000000000000000e+00 4.364569224289884630e+01
4.365474889026610583e+01 -0.000000000000000000e+00 0.000000000000000000e+00 0.000000000000000000e+00 4.365474889026610583e+01 0.000000000000000000e+00 0.000000000000000000e+00 0.000000000000000000e+00 4.365474889026610583e+01
4.366275955040158152e+01 -0.000000000000000000e+00 0.000000000000000000e+00 0.000000000000000000e+00 4.366275955040158152e+01 0.000000000000000000e+00 0.000000000000000000e+00 0.000000000000000000e+00 4.366275955040158152e+01
4.361624843742738733e+01 -0.000000000000000000e+00 0.000000000000000000e+00 0.000000000000000000e+00 4.361624843742738733e+01 0.000000000000000000e+00 0.000000000000000000e+00 0.000000000000000000e+00 4.361624843742738733e+01
4.357899610057210538e+01 -0.000000000000000000e+00 0.000000000000000000e+00 0.000000000000000000e+00 4.357899610057210538e+01 0.000000000000000000e+00 0.000000000000000000e+00 0.000000000000000000e+00 4.357899610057210538e+01
4.364730498202595754e+01 -0.000000000000000000e+00 0.000000000000000000e+00 0.000000000000000000e+00 4.364730498202595754e+01 0.000000000000000000e+00 0.000000000000000000e+00 0.000000000000000000e+00 4.364730498202595754e+01
4.359904741749577539e+01 -0.000000000000000000e+00 0.000000000000000000e+00 0.000000000000000000e+00 4.359904741749577539e+01 0.000000000000000000e+00 0.000000000000000000e+00 0.000000000000000000e+00 4.359904741749577539e+01
4.364175319318606228e+01 -0.000000000000000000e+00 0.000000000000000000e+00 0.000000000000000000e+00 4.364175319318606228e+01 0.000000000000000000e+00 0.000000000000000000e+00 0.000000000000000000e+00 4.364175319318606228e+01
4.360781125176200135e+01 -0.000000000000000000e+00 0.000000000000000000e+00 0.000000000000000000e+00 4.360781125176200135e+01 0.000000000000000000e+00 0.000000000000000000e+00 0.000000000000000000e+00 4.360781125176200135e+01
4.355458002259999262e+01 -0.000000000000000000e+00 0.000000000000000000e+00 0.000000000000000000e+00 4.355458002259999262e+01 0.000000000000000000e+00 0.000000000000000000e+00 0.000000000000000000e+00 4.355458002259999262e+01
4.366323420410392941e+01 -0.000000000000000000e+00 0.000000000000000000e+00 0.000000000000000000e+00 4.366323420410392941e+01 0.000000000000000000e+00 0.000000000000000000e+00 0.000000000000000000e+00 4.366323420410392941e+01
4.363968391232182142e+01 -0.000000000000000000e+00 0.000000000000000000e+00 0.000000000000000000e+00 4.363968391232182142e+01 0.000000000000000000e+00 0.000000000000000000e+00 0.000000000000000000e+00 4.363968391232182142e+01
4.360189387207969958e+01 -0.000000000000000000e+00 0.000000000000000000e+00 0.000000000000000000e+00 4.360189387207969958e+01 0.000000000000000000e+00 0.000000000000000000e+00 0.000000000000000000e+00 4.360189387207969958e+01
4.357274023460237800e+01 -0.000000000000000000e+00 0.000000000000000000e+00 0.000000000000000000e+00 4.357274023460237800e+01 0.000000000000000000e+00 0.000000000000000000e+00 0.000000000000000000e+00 4.357274023460237800e+01
4.360026921409286871e+01 -0.000000000000000000e+00 0.000000000000000000e+00 0.000000000000000000e+00 4.360026921409286871e+01 0.000000000000000000e+00 0.000000000000000000e+00 0.000000000000000000e+00 4.360026921409286871e+01
4.362897370107488371e+01 -0.000000000000000000e+00 0.000000000000000000e+00 0.000000000000000000e+00 4.362897370107488371e+01 0.000000000000000000e+00 0.000000000000000000e+00 0.000000000000000000e+00 4.362897370107488371e+01
4.360221382101039467e+01 -0.000000000000000000e+00 0.000000000000000000e+00 0.000000000000000000e+00 4.360221382101039467e+01 0.000000000000000000e+00 0.000000000000000000e+00 0.000000000000000000e+00 4.360221382101039467e+01
4.368688317513093011e+01 -0.000000000000000000e+00 0.000000000000000000e+00 0.000000000000000000e+00 4.368688317513093011e+01 0.000000000000000000e+00 0.000000000000000000e+00 0.000000000000000000e+00 4.368688317513093011e+01
4.365858919540328742e+01 -0.000000000000000000e+00 0.000000000000000000e+00 0.000000000000000000e+00 4.365858919540328742e+01 0.000000000000000000e+00 0.000000000000000000e+00 0.000000000000000000e+00 4.365858919540328742e+01
4.366469318219145634e+01 -0.000000000000000000e+00 0.000000000000000000e+00 0.000000000000000000e+00 4.366469318219145634e+01 0.000000000000000000e+00 0.000000000000000000e+00 0.000000000000000000e+00 4.366469318219145634e+01
4.361815211169694351e+01 -0.000000000000000000e+00 0.000000000000000000e+00 0.000000000000000000e+00 4.361815211169694351e+01 0.000000000000000000e+00 0.000000000000000000e+00 0.000000000000000000e+00 4.361815211169694351e+01
4.367289306441574581e+01 -0.000000000000000000e+00 0.000000000000000000e+00 0.000000000000000000e+00 4.367289306441574581e+01 0.000000000000000000e+00 0.000000000000000000e+00 0.000000000000000000e+00 4.367289306441574581e+01
4.367311587025139374e+01 -0.000000000000000000e+00 0.000000000000000000e+00 0.000000000000000000e+00 4.367311587025139374e+01 0.000000000000000000e+00 0.000000000000000000e+00 0.000000000000000000e+00 4.367311587025139374e+01
4.364129319241980198e+01 -0.000000000000000000e+00 0.000000000000000000e+00 0.000000000000000000e+00 4.364129319241980198e+01 0.000000000000000000e+00 0.000000000000000000e+00 0.000000000000000000e+00 4.364129319241980198e+01
4.368134360187417542e+01 -0.000000000000000000e+00 0.000000000000000000e+00 0.000000000000000000e+00 4.368134360187417542e+01 0.000000000000000000e+00 0.000000000000000000e+00 0.000000000000000000e+00 4.368134360187417542e+01
4.369572865587353760e+01 -0.000000000000000000e+00 0.000000000000000000e+00 0.000000000000000000e+00 4.369572865587353760e+01 0.000000000000000000e+00 0.000000000000000000e+00 0.000000000000000000e+00 4.369572865587353760e+01
4.358725291387908385e+01 -0.000000000000000000e+00 0.000000000000000000e+00 0.000000000000000000e+00 4.358725291387908385e+01 0.000000000000000000e+00 0.000000000000000000e+00 0.000000000000000000e+00 4.358725291387908385e+01
4.365466305585773910e+01 -0.000000000000000000e+00 0.000000000000000000e+00 0.000000000000000000e+00 4.365466305585773910e+01 0.000000000000000000e+00 0.000000000000000000e+00 0.000000000000000000e+00 4.365466305585773910e+01
4.365866925922321684e+01 -0.000000000000000000e+00 0.000000000000000000e+00 0.000000000000000000e+00 4.365866925922321684e+01 0.000000000000000000e+00 0.000000000000000000e+00 0.000000000000000000e+00 4.365866925922321684e+01
4.365078575254202775e+01 -0.000000000000000000e+00 0.000000000000000000e+00 0.000000000000000000e+00 4.365078575254202775e+01 0.000000000000000000e+00 0.000000000000000000e+00 0.000000000000000000e+00 4.365078575254202775e+01
4.366146132697690518e+01 -0.000000000000000000e+00 0.000000000000000000e+00 0.000000000000000000e+00 4.366146132697690518e+01 0.000000000000000000e+00 0.000000000000000000e+00 0.000000000000000000e+00 4.366146132697690518e+01
4.362785309749278184e+01 -0.000000000000000000e+00 0.000000000000000000e+00 0.000000000000000000e+00 4.362785309749278184e+01 0.000000000000000000e+00 0.000000000000000000e+00 0.000000000000000000e+00 4.362785309749278184e+01
4.363566624193217081e+01 -0.000000000000000000e+00 0.000000000000000000e+00 0.000000000000000000e+00 4.363566624193217081e+01 0.000000000000000000e+00 0.000000000000000000e+00 0.000000000000000000e+00 4.363566624193217081e+01
4.367435252850091842e+01 -0.000000000000000000e+00 0.000000000000000000e+00 0.000000000000000000e+00 4.367435252850091842e+01 0.000000000000000000e+00 0.000000000000000000e+00 0.000000000000000000e+00 4.367435252850091842e+01
4.365946101863275430e+01 -0.000000000000000000e+00 0.000000000000000000e+00 0.000000000000000000e+00 4.365946101863275430e+01 0.000000000000000000e+00 0.000000000000000000e+00 0.000000000000000000e+00 4.365946101863275430e+01
4.366029077315508289e+01 -0.000000000000000000e+00 0.000000000000000000e+00 0.000000000000000000e+00 4.366029077315508289e+01 0.000000000000000000e+00 0.000000000000000000e+00 0.000000000000000000e+00 4.366029077315508289e+01
4.361776255089610999e+01 -0.000000000000000000e+00 0.000000000000000000e+00 0.000000000000000000e+00 4.361776255089610999e+01 0.000000000000000000e+00 0.000000000000000000e+00 0.000000000000000000e+00 4.361776255089610999e+01
4.361017338701471147e+01 -0.000000000000000000e+00 0.000000000000000000e+00 0.000000000000000000e+00 4.361017338701471147e+01 0.000000000000000000e+00 0.000000000000000000e+00 0.000000000000000000e+00 4.361017338701471147e+01
4.365035963718422352e+01 -0.000000000000000000e+00 0.000000000000000000e+00 0.000000000000000000e+00 4.365035963718422352e+01 0.000000000000000000e+00 0.000000000000000000e+00 0.000000000000000000e+00 4.365035963718422352e+01
4.363842341060153274e+01 -0.000000000000000000e+00 0.000000000000000000e+00 0.000000000000000000e+00 4.363842341060153274e+01 0.000000000000000000e+00 0.000000000000000000e+00 0.000000000000000000e+00 4.363842341060153274e+01
