4.339795333976506697e+01 -0.000000000000000000e+00 0.000000000000000000e+00 0.000000000000000000e+00 4.339795333976506697e+01 0.000000000000000000e+00 0.000000000000000000e+00 0.000000000000000000e+00 4.339795333976506697e+01
4.335832525105404045e+01 -0.000000000000000000e+00 0.000000000000000000e+00 0.000000000000000000e+00 4.335832525105404045e+01 0.000000000000000000e+00 0.000000000000000000e+00 0.000000000000000000e+00 4.335832525105404045e+01
4.337521966779573290e+01 -0.000000000000000000e+00 0.000000000000000000e+00 0.000000000000000000e+00 4.337521966779573290e+01 0.000000000000000000e+00 0.000000000000000000e+00 0.000000000000000000e+00 4.337521966779573290e+01
4.336687087400844121e+01 -0.000000000000000000e+00 0.000000000000000000e+00 0.000000000000000000e+00 4.336687087400844121e+01 0.000000000000000000e+00 0.000000000000000000e+00 0.000000000000000000e+00 4.336687087400844121e+01
4.339797361624421512e+01 -0.000000000000000000e+00 0.000000000000000000e+00 0.000000000000000000e+00 4.339797361624421512e+01 0.000000000000000000e+00 0.000000000000000000e+00 0.000000000000000000e+00 4.339797361624421512e+01
4.339623986583868032e+01 -0.000000000000000000e+00 0.000000000000000000e+00 0.000000000000000000e+00 4.339623986583868032e+01 0.000000000000000000e+00 0.000000000000000000e+00 0.000000000000000000e+00 4.339623986583868032e+01
4.332264435551006443e+01 -0.000000000000000000e+00 0.000000000000000000e+00 0.000000000000000000e+00 4.332264435551006443e+01 0.000000000000000000e+00 0.000000000000000000e+00 0.000000000000000000e+00 4.332264435551006443e+01
4.341385119456739261e+01 -0.000000000000000000e+00 0.000000000000000000e+00 0.000000000000000000e+00 4.341385119456739261e+01 0.000000000000000000e+00 0.000000000000000000e+00 0.000000000000000000e+00 4.341385119456739261e+01
4.336755510103402855e+01 -0.000000000000000000e+00 0.000000000000000000e+00 0.000000000000000000e+00 4.336755510103402855e+01 0.000000000000000000e+00 0.000000000000000000e+00 0.000000000000000000e+00 4.336755510103402855e+01
4.337591743984938830e+01 -0.000000000000000000e+00 0.000000000000000000e+00 0.000000000000000000e+00 4.337591743984938830e+01 0.000000000000000000e+00 0.000000000000000000e+00 0.000000000000000000e+00 4.337591743984938830e+01
4.334301327007920435e+01 -0.000000000000000000e+00 0.000000000000000000e+00 0.000000000000000000e+00 4.334301327007920435e+01 0.000000000000000000e+00 0.000000000000000000e+00 0.000000000000000000e+00 4.334301327007920435e+01
4.337200446660268938e+01 -0.000000000000000000e+00 0.000000000000000000e+00 0.000000000000000000e+00 4.337200446660268938e+01 0.000000000000000000e+00 0.000000000000000000e+00 0.000000000000000000e+00 4.337200446660268938e+01
4.340006031182801394e+01 -0.000000000000000000e+00 0.000000000000000000e+00 0.000000000000000000e+00 4.340006031182801394e+01 0.000000000000000000e+00 0.000000000000000000e+00 0.000000000000000000e+00 4.340006031182801394e+01
4.338652067666945555e+01 -0.000000000000000000e+00 0.000000000000000000e+00 0.000000000000000000e+00 4.338652067666945555e+01 0.000000000000000000e+00 0.000000000000000000e+00 0.000000000000000000e+00 4.338652067666945555e+01
4.335270351910537556e+01 -0.000000000000000000e+00 0.000000000000000000e+00 0.000000000000000000e+00 4.335270351910537556e+01 0.000000000000000000e+00 0.000000000000000000e+00 0.000000000000000000e+00 4.335270351910537556e+01
4.331639258181520802e+01 -0.000000000000000000e+00 0.000000000000000000e+00 0.000000000000000000e+00 4.331639258181520802e+01 0.000000000000000000e+00 0.000000000000000000e+00 0.000000000000000000e+00 4.331639258181520802e+01
4.332806183205476458e+01 -0.000000000000000000e+00 0.000000000000000000e+00 0.000000000000000000e+00 4.332806183205476458e+01 0.000000000000000000e+00 0.000000000000000000e+00 0.000000000000000000e+00 4.332806183205476458e+01
4.334722963619509528e+01 -0.000000000000000000e+00 0.000000000000000000e+00 0.000000000000000000e+00 4.334722963619509528e+01 0.000000000000000000e+00 0.000000000000000000e+00 0.000000000000000000e+00 4.334722963619509528e+01
4.339573140332984735e+01 -0.000000000000000000e+00 0.000000000000000000e+00 0.000000000000000000e+00 4.339573140332984735e+01 0.000000000000000000e+00 0.000000000000000000e+00 0.000000000000000000e+00 4.339573140332984735e+01
4.337064395391022487e+01 -0.000000000000000000e+00 0.000000000000000000e+00 0.000000000000000000e+00 4.337064395391022487e+01 0.000000000000000000e+00 0.000000000000000000e+00 0.000000000000000000e+00 4.337064395391022487e+01
4.331966331129195424e+01 -0.000000000000000000e+00 0.000000000000000000e+00 0.000000000000000000e+00 4.331966331129195424e+01 0.000000000000000000e+00 0.000000000000000000e+00 0.000000000000000000e+00 4.331966331129195424e+01
4.334460010485520343e+01 -0.000000000000000000e+00 0.000000000000000000e+00 0.000000000000000000e+00 4.334460010485520343e+01 0.000000000000000000e+00 0.000000000000000000e+00 0.000000000000000000e+00 4.334460010485520343e+01
4.337029543112052465e+01 -0.000000000000000000e+00 0.000000000000000000e+00 0.000000000000000000e+00 4.337029543112052465e+01 0.000000000000000000e+00 0.000000000000000000e+00 0.000000000000000000e+00 4.337029543112052465e+01
4.337760736892823843e+01 -0.000000000000000000e+00 0.000000000000000000e+00 0.000000000000000000e+00 4.337760736892823843e+01 0.000000000000000000e+00 0.000000000000000000e+00 0.000000000000000000e+00 4.337760736892823843e+01
4.333590605161462861e+01 -0.000000000000000000e+00 0.000000000000000000e+00 0.000000000000000000e+00 4.333590605161462861e+01 0.000000000000000000e+00 0.000000000000000000e+00 0.000000000000000000e+00 4.333590605161462861e+01
4.333406547555519950e+01 -0.000000000000000000e+00 0.000000000000000000e+00 0.000000000000000000e+00 4.333406547555519950e+01 0.000000000000000000e+00 0.000000000000000000e+00 0.000000000000000000e+00 4.333406547555519950e+01
4.340114267109728985e+01 -0.000000000000000000e+00 0.000000000000000000e+00 0.000000000000000000e+00 4.340114267109728985e+01 0.000000000000000000e+00 0.000000000000000000e+00 0.000000000000000000e+00 4.340114267109728985e+01
4.338906112737858223e+01 -0.000000000000000000e+00 0.000000000000000000e+00 0.000000000000000000e+00 4.338906112737858223e+01 0.000000000000000000e+00 0.000000000000000000e+00 0.000000000000000000e+00 4.338906112737858223e+01
4.340073435258711498e+01 -0.000000000000000000e+00 0.000000000000000000e+00 0.000000000000000000e+00 4.340073435258711498e+01 0.000000000000000000e+00 0.000000000000000000e+00 0.000000000000000000e+00 4.340073435258711498e+01
4.335427379021029282e+01 -0.000000000000000000e+00 0.000000000000000000e+00 0.000000000000000000e+00 4.335427379021029282e+01 0.000000000000000000e+00 0.000000000000000000e+00 0.000000000000000000e+00 4.335427379021029282e+01
4.330822343058176926e+01 -0.000000000000000000e+00 0.000000000000000000e+00 0.000000000000000000e+00 4.330822343058176926e+01 0.000000000000000000e+00 0.000000000000000000e+00 0.000000000000000000e+00 4.330822343058176926e+01
4.334839095630719186e+01 -0.000000000000000000e+00 0.000000000000000000e+00 0.000000000000000000e+00 4.334839095630719186e+01 0.000000000000000000e+00 0.000000000000000000e+00 0.000000000000000000e+00 4.334839095630719186e+01
4.337229538406268148e+01 -0.000000000000000000e+00 0.000000000000000000e+00 0.000000000000000000e+00 4.337229538406268148e+01 0.000000000000000000e+00 0.000000000000000000e+00 0.000000000000000000e+00 4.337229538406268148e+01
4.336330810644561495e+01 -0.000000000000000000e+00 0.000000000000000000e+00 0.000000000000000000e+00 4.336330810644561495e+01 0.000000000000000000e+00 0.000000000000000000e+00 0.000000000000000000e+00 4.336330810644561495e+01
4.335090916324084276e+01 -0.000000000000000000e+00 0.000000000000000000e+00 0.000000000000000000e+00 4.335090916324084276e+01 0.000000000000000000e+00 0.000000000000000000e+00 0.000000000000000000e+00 4.335090916324084276e+01
4.334208360409083127e+01 -0.000000000000000000e+00 0.000000000000000000e+00 0.000000000000000000e+00 4.334208360409083127e+01 0.000000000000000000e+00 0.000000000000000000e+00 0.000000000000000000e+00 4.334208360409083127e+01
4.335266280365890168e+01 -0.000000000000000000e+00 0.000000000000000000e+00 0.000000000000000000e+00 4.335266280365890168e+01 0.000000000000000000e+00 0.000000000000000000e+00 0.000000000000000000e+00 4.335266280365890168e+01
4.339890356661376813e+01 -0.000000000000000000e+00 0.000000000000000000e+00 0.000000000000000000e+00 4.339890356661376813e+01 0.000000000000000000e+00 0.000000000000000000e+00 0.000000000000000000e+00 4.339890356661376813e+01
4.338015809993326855e+01 -0.000000000000000000e+00 0.000000000000000000e+00 0.000000000000000000e+00 4.338015809993326855e+01 0.000000000000000000e+00 0.000000000000000000e+00 0.000000000000000000e+00 4.338015809993326855e+01
4.336713473538497254e+01 -0.000000000000000000e+00 0.000000000000000000e+00 0.000000000000000000e+00 4.336713473538497254e+01 0.000000000000000000e+00 0.000000000000000000e+00 0.000000000000000000e+00 4.336713473538497254e+01
4.334478888060809965e+01 -0.000000000000000000e+00 0.000000000000000000e+00 0.000000000000000000e+00 4.334478888060809965e+01 0.000000000000000000e+00 0.000000000000000000e+00 0.000000000000000000e+00 4.334478888060809965e+01
4.336744392738887655e+01 -0.000000000000000000e+00 0.000000000000000000e+00 0.000000000000000000e+00 4.336744392738887655e+01 0.000000000000000000e+00 0.000000000000000000e+00 0.000000000000000000e+00 4.336744392738887655e+01
4.335815974697662512e+01 -0.000000000000000000e+00 0.000000000000000000e+00 0.000000000000000000e+00 4.335815974697662512e+01 0.000000000000000000e+00 0.000000000000000000e+00 0.000000000000000000e+00 4.335815974697662512e+01
4.336616062814283623e+01 -0.000000000000000000e+00 0.000000000000000000e+00 0.000000000000000000e+00 4.336616062814283623e+01 0.000000000000000000e+00 0.000000000000000000e+00 0.000000000000000000e+00 4.336616062814283623e+01
4.336388615685447689e+01 -0.000000000000000000e+00 0.000000000000000000e+00 0.000000000000000000e+00 4.336388615685447689e+01 0.000000000000000000e+00 0.000000000000000000e+00 0.000000000000000000e+00 4.336388615685447689e+01
4.333372152031420654e+01 -0.000000000000000000e+00 0.000000000000000000e+00 0.000000000000000000e+00 4.333372152031420654e+01 0.000000000000000000e+00 0.000000000000000000e+00 0.000000000000000000e+00 4.333372152031420654e+01
4.334010535605612091e+01 -0.000000000000000000e+00 0.000000000000000000e+00 0.000000000000000000e+00 4.334010535605612091e+01 0.000000000000000000e+00 0.000000000000000000e+00 0.000000000000000000e+00 4.334010535605612091e+01
4.332445917035600047e+01 -0.000000000000000000e+00 0.000000000000000000e+00 0.000000000000000000e+00 4.332445917035600047e+01 0.000000000000000000e+00 0.000000000000000000e+00 0.000000000000000000e+00 4.332445917035600047e+01
4.332967115958508941e+01 -0.000000000000000000e+00 0.000000000000000000e+00 0.000000000000000000e+00 4.332967115958508941e+01 0.000000000000000000e+00 0.000000000000000000e+00 0.000000000000000000e+00 4.332967115958508941e+01
4.334878121695180653e+01 -0.000000000000000000e+00 0.000000000000000000e+00 0.000000000000000000e+00 4.334878121695180653e+01 0.000000000000000000e+00 0.000000000000000000e+00 0.000000000000000000e+00 4.334878121695180653e+01
4.331448833640334328e+01 -0.000000000000000000e+00 0.000000000000000000e+00 0.000000000000000000e+00 4.331448833640334328e+01 0.000000000000000000e+00 0.000000000000000000e+00 0.000000000000000000e+00 4.331448833640334328e+01
