4.331448833640334328e+01 -0.000000000000000000e+00 0.000000000000000000e+00 0.000000000000000000e+00 4.331448833640334328e+01 0.000000000000000000e+00 0.000000000000000000e+00 0.000000000000000000e+00 4.331448833640334328e+01
4.334591700290688721e+01 -0.000000000000000000e+00 0.000000000000000000e+00 0.000000000000000000e+00 4.334591700290688721e+01 0.000000000000000000e+00 0.000000000000000000e+00 0.000000000000000000e+00 4.334591700290688721e+01
4.336291903962282390e+01 -0.000000000000000000e+00 0.000000000000000000e+00 0.000000000000000000e+00 4.336291903962282390e+01 0.000000000000000000e+00 0.000000000000000000e+00 0.000000000000000000e+00 4.336291903962282390e+01
4.333980812390815629e+01 -0.000000000000000000e+00 0.000000000000000000e+00 0.000000000000000000e+00 4.333980812390815629e+01 0.000000000000000000e+00 0.000000000000000000e+00 0.000000000000000000e+00 4.333980812390815629e+01
4.336086689138326733e+01 -0.000000000000000000e+00 0.000000000000000000e+00 0.000000000000000000e+00 4.336086689138326733e+01 0.000000000000000000e+00 0.000000000000000000e+00 0.000000000000000000e+00 4.336086689138326733e+01
4.335476907696948956e+01 -0.000000000000000000e+00 0.000000000000000000e+00 0.000000000000000000e+00 4.335476907696948956e+01 0.000000000000000000e+00 0.000000000000000000e+00 0.000000000000000000e+00 4.335476907696948956e+01
4.335096204731500791e+01 -0.000000000000000000e+00 0.000000000000000000e+00 0.000000000000000000e+00 4.335096204731500791e+01 0.000000000000000000e+00 0.000000000000000000e+00 0.000000000000000000e+00 4.335096204731500791e+01
4.330522552693284410e+01 -0.000000000000000000e+00 0.000000000000000000e+00 0.000000000000000000e+00 4.330522552693284410e+01 0.000000000000000000e+00 0.000000000000000000e+00 0.000000000000000000e+00 4.330522552693284410e+01
4.335924150779899122e+01 -0.000000000000000000e+00 0.000000000000000000e+00 0.000000000000000000e+00 4.335924150779899122e+01 0.000000000000000000e+00 0.000000000000000000e+00 0.000000000000000000e+00 4.335924150779899122e+01
4.333577902952846728e+01 -0.000000000000000000e+00 0.000000000000000000e+00 0.000000000000000000e+00 4.333577902952846728e+01 0.000000000000000000e+00 0.000000000000000000e+00 0.000000000000000000e+00 4.333577902952846728e+01
4.335318933845914557e+01 -0.000000000000000000e+00 0.000000000000000000e+00 0.000000000000000000e+00 4.335318933845914557e+01 0.000000000000000000e+00 0.000000000000000000e+00 0.000000000000000000e+00 4.335318933845914557e+01
4.330155187766949609e+01 -0.000000000000000000e+00 0.000000000000000000e+00 0.000000000000000000e+00 4.330155187766949609e+01 0.000000000000000000e+00 0.000000000000000000e+00 0.000000000000000000e+00 4.330155187766949609e+01
4.333842716334339684e+01 -0.000000000000000000e+00 0.000000000000000000e+00 0.000000000000000000e+00 4.333842716334339684e+01 0.000000000000000000e+00 0.000000000000000000e+00 0.000000000000000000e+00 4.333842716334339684e+01
4.331593715217655927e+01 -0.000000000000000000e+00 0.000000000000000000e+00 0.000000000000000000e+00 4.331593715217655927e+01 0.000000000000000000e+00 0.000000000000000000e+00 0.000000000000000000e+00 4.331593715217655927e+01
4.332184649044265257e+01 -0.000000000000000000e+00 0.000000000000000000e+00 0.000000000000000000e+00 4.332184649044265257e+01 0.000000000000000000e+00 0.000000000000000000e+00 0.000000000000000000e+00 4.332184649044265257e+01
4.333423049084956347e+01 -0.000000000000000000e+00 0.000000000000000000e+00 0.000000000000000000e+00 4.333423049084956347e+01 0.000000000000000000e+00 0.000000000000000000e+00 0.000000000000000000e+00 4.333423049084956347e+01
4.335464802543700102e+01 -0.000000000000000000e+00 0.000000000000000000e+00 0.000000000000000000e+00 4.335464802543700102e+01 0.000000000000000000e+00 0.000000000000000000e+00 0.000000000000000000e+00 4.335464802543700102e+01
4.334877620636552820e+01 -0.000000000000000000e+00 0.000000000000000000e+00 0.000000000000000000e+00 4.334877620636552820e+01 0.000000000000000000e+00 0.000000000000000000e+00 0.000000000000000000e+00 4.334877620636552820e+01
4.339170304051306459e+01 -0.000000000000000000e+00 0.000000000000000000e+00 0.000000000000000000e+00 4.339170304051306459e+01 0.000000000000000000e+00 0.000000000000000000e+00 0.000000000000000000e+00 4.339170304051306459e+01
4.334932097510100846e+01 -0.000000000000000000e+00 0.000000000000000000e+00 0.000000000000000000e+00 4.334932097510100846e+01 0.000000000000000000e+00 0.000000000000000000e+00 0.000000000000000000e+00 4.334932097510100846e+01
4.335081136681027658e+01 -0.000000000000000000e+00 0.000000000000000000e+00 0.000000000000000000e+00 4.335081136681027658e+01 0.000000000000000000e+00 0.000000000000000000e+00 0.000000000000000000e+00 4.335081136681027658e+01
4.333771192285080787e+01 -0.000000000000000000e+00 0.000000000000000000e+00 0.000000000000000000e+00 4.333771192285080787e+01 0.000000000000000000e+00 0.000000000000000000e+00 0.000000000000000000e+00 4.333771192285080787e+01
4.333700266002374235e+01 -0.000000000000000000e+00 0.000000000000000000e+00 0.000000000000000000e+00 4.333700266002374235e+01 0.000000000000000000e+00 0.000000000000000000e+00 0.000000000000000000e+00 4.333700266002374235e+01
4.333451967021434825e+01 -0.000000000000000000e+00 0.000000000000000000e+00 0.000000000000000000e+00 4.333451967021434825e+01 0.000000000000000000e+00 0.000000000000000000e+00 0.000000000000000000e+00 4.333451967021434825e+01
4.335912227688073983e+01 -0.000000000000000000e+00 0.000000000000000000e+00 0.000000000000000000e+00 4.335912227688073983e+01 0.000000000000000000e+00 0.000000000000000000e+00 0.000000000000000000e+00 4.335912227688073983e+01
4.331469236579512483e+01 -0.000000000000000000e+00 0.000000000000000000e+00 0.000000000000000000e+00 4.331469236579512483e+01 0.000000000000000000e+00 0.000000000000000000e+00 0.000000000000000000e+00 4.331469236579512483e+01
4.334203484943996898e+01 -0.000000000000000000e+00 0.000000000000000000e+00 0.000000000000000000e+00 4.334203484943996898e+01 0.000000000000000000e+00 0.000000000000000000e+00 0.000000000000000000e+00 4.334203484943996898e+01
4.336420567884843535e+01 -0.000000000000000000e+00 0.000000000000000000e+00 0.000000000000000000e+00 4.336420567884843535e+01 0.000000000000000000e+00 0.000000000000000000e+00 0.000000000000000000e+00 4.336420567884843535e+01
4.334298943742253130e+01 -0.000000000000000000e+00 0.000000000000000000e+00 0.000000000000000000e+00 4.334298943742253130e+01 0.000000000000000000e+00 0.000000000000000000e+00 0.000000000000000000e+00 4.334298943742253130e+01
4.332732677705715219e+01 -0.000000000000000000e+00 0.000000000000000000e+00 0.000000000000000000e+00 4.332732677705715219e+01 0.000000000000000000e+00 0.000000000000000000e+00 0.000000000000000000e+00 4.332732677705715219e+01
4.332819176317437382e+01 -0.000000000000000000e+00 0.000000000000000000e+00 0.000000000000000000e+00 4.332819176317437382e+01 0.000000000000000000e+00 0.000000000000000000e+00 0.000000000000000000e+00 4.332819176317437382e+01
4.332403864835791296e+01 -0.000000000000000000e+00 0.000000000000000000e+00 0.000000000000000000e+00 4.332403864835791296e+01 0.000000000000000000e+00 0.000000000000000000e+00 0.000000000000000000e+00 4.332403864835791296e+01
4.335805403087488230e+01 -0.000000000000000000e+00 0.000000000000000000e+00 0.000000000000000000e+00 4.335805403087488230e+01 0.000000000000000000e+00 0.000000000000000000e+00 0.000000000000000000e+00 4.335805403087488230e+01
4.335258122841051431e+01 -0.000000000000000000e+00 0.000000000000000000e+00 0.000000000000000000e+00 4.335258122841051431e+01 0.000000000000000000e+00 0.000000000000000000e+00 0.000000000000000000e+00 4.335258122841051431e+01
4.334434202897446653e+01 -0.000000000000000000e+00 0.000000000000000000e+00 0.000000000000000000e+00 4.334434202897446653e+01 0.000000000000000000e+00 0.000000000000000000e+00 0.000000000000000000e+00 4.334434202897446653e+01
4.336129602518207804e+01 -0.000000000000000000e+00 0.000000000000000000e+00 0.000000000000000000e+00 4.336129602518207804e+01 0.000000000000000000e+00 0.000000000000000000e+00 0.000000000000000000e+00 4.336129602518207804e+01
4.335947135526740936e+01 -0.000000000000000000e+00 0.000000000000000000e+00 0.000000000000000000e+00 4.335947135526740936e+01 0.000000000000000000e+00 0.000000000000000000e+00 0.000000000000000000e+00 4.335947135526740936e+01
4.337338608447727495e+01 -0.000000000000000000e+00 0.000000000000000000e+00 0.000000000000000000e+00 4.337338608447727495e+01 0.000000000000000000e+00 0.000000000000000000e+00 0.000000000000000000e+00 4.337338608447727495e+01
4.336393515717915648e+01 -0.000000000000000000e+00 0.000000000000000000e+00 0.000000000000000000e+00 4.336393515717915648e+01 0.000000000000000000e+00 0.000000000000000000e+00 0.000000000000000000e+00 4.336393515717915648e+01
4.333698559274506579e+01 -0.000000000000000000e+00 0.000000000000000000e+00 0.000000000000000000e+00 4.333698559274506579e+01 0.000000000000000000e+00 0.000000000000000000e+00 0.000000000000000000e+00 4.333698559274506579e+01
4.337062420583932010e+01 -0.000000000000000000e+00 0.000000000000000000e+00 0.000000000000000000e+00 4.337062420583932010e+01 0.000000000000000000e+00 0.000000000000000000e+00 0.000000000000000000e+00 4.337062420583932010e+01
4.339249436383381919e+01 -0.000000000000000000e+00 0.000000000000000000e+00 0.000000000000000000e+00 4.339249436383381919e+01 0.000000000000000000e+00 0.000000000000000000e+00 0.000000000000000000e+00 4.339249436383381919e+01
4.332434079004386263e+01 -0.000000000000000000e+00 0.000000000000000000e+00 0.000000000000000000e+00 4.332434079004386263e+01 0.000000000000000000e+00 0.000000000000000000e+00 0.000000000000000000e+00 4.332434079004386263e+01
4.330626647419106945e+01 -0.000000000000000000e+00 0.000000000000000000e+00 0.000000000000000000e+00 4.330626647419106945e+01 0.000000000000000000e+00 0.000000000000000000e+00 0.000000000000000000e+00 4.330626647419106945e+01
4.329426050389207603e+01 -0.000000000000000000e+00 0.000000000000000000e+00 0.000000000000000000e+00 4.329426050389207603e+01 0.000000000000000000e+00 0.000000000000000000e+00 0.000000000000000000e+00 4.329426050389207603e+01
4.337715795493214443e+01 -0.000000000000000000e+00 0.000000000000000000e+00 0.000000000000000000e+00 4.337715795493214443e+01 0.000000000000000000e+00 0.000000000000000000e+00 0.000000000000000000e+00 4.337715795493214443e+01
4.328491738093473629e+01 -0.000000000000000000e+00 0.000000000000000000e+00 0.000000000000000000e+00 4.328491738093473629e+01 0.000000000000000000e+00 0.000000000000000000e+00 0.000000000000000000e+00 4.328491738093473629e+01
4.337188441625320934e+01 -0.000000000000000000e+00 0.000000000000000000e+00 0.000000000000000000e+00 4.337188441625320934e+01 0.000000000000000000e+00 0.000000000000000000e+00 0.000000000000000000e+00 4.337188441625320934e+01
4.340338025102711583e+01 -0.000000000000000000e+00 0.000000000000000000e+00 0.000000000000000000e+00 4.340338025102711583e+01 0.000000000000000000e+00 0.000000000000000000e+00 0.000000000000000000e+00 4.340338025102711583e+01
4.333500034967438808e+01 -0.000000000000000000e+00 0.000000000000000000e+00 0.000000000000000000e+00 4.333500034967438808e+01 0.000000000000000000e+00 0.000000000000000000e+00 0.000000000000000000e+00 4.333500034967438808e+01
4.334596125015650614e+01 -0.000000000000000000e+00 0.000000000000000000e+00 0.000000000000000000e+00 4.334596125015650614e+01 0.000000000000000000e+00 0.000000000000000000e+00 0.000000000000000000e+00 4.334596125015650614e+01
