4.331277475079609474e+01 -0.000000000000000000e+00 0.000000000000000000e+00 0.000000000000000000e+00 4.331277475079609474e+01 0.000000000000000000e+00 0.000000000000000000e+00 0.000000000000000000e+00 4.331277475079609474e+01
4.329787301982885594e+01 -0.000000000000000000e+00 0.000000000000000000e+00 0.000000000000000000e+00 4.329787301982885594e+01 0.000000000000000000e+00 0.000000000000000000e+00 0.000000000000000000e+00 4.329787301982885594e+01
4.324764827217691732e+01 -0.000000000000000000e+00 0.000000000000000000e+00 0.000000000000000000e+00 4.324764827217691732e+01 0.000000000000000000e+00 0.000000000000000000e+00 0.000000000000000000e+00 4.324764827217691732e+01
4.329217241823590712e+01 -0.000000000000000000e+00 0.000000000000000000e+00 0.000000000000000000e+00 4.329217241823590712e+01 0.000000000000000000e+00 0.000000000000000000e+00 0.000000000000000000e+00 4.329217241823590712e+01
4.331556275200773598e+01 -0.000000000000000000e+00 0.000000000000000000e+00 0.000000000000000000e+00 4.331556275200773598e+01 0.000000000000000000e+00 0.000000000000000000e+00 0.000000000000000000e+00 4.331556275200773598e+01
4.337618506881132419e+01 -0.000000000000000000e+00 0.000000000000000000e+00 0.000000000000000000e+00 4.337618506881132419e+01 0.000000000000000000e+00 0.000000000000000000e+00 0.000000000000000000e+00 4.337618506881132419e+01
4.330099121776044058e+01 -0.000000000000000000e+00 0.000000000000000000e+00 0.000000000000000000e+00 4.330099121776044058e+01 0.000000000000000000e+00 0.000000000000000000e+00 0.000000000000000000e+00 4.330099121776044058e+01
4.330853065317344175e+01 -0.000000000000000000e+00 0.000000000000000000e+00 0.000000000000000000e+00 4.330853065317344175e+01 0.000000000000000000e+00 0.000000000000000000e+00 0.000000000000000000e+00 4.330853065317344175e+01
4.329757796994429242e+01 -0.000000000000000000e+00 0.000000000000000000e+00 0.000000000000000000e+00 4.329757796994429242e+01 0.000000000000000000e+00 0.000000000000000000e+00 0.000000000000000000e+00 4.329757796994429242e+01
4.334790634155784517e+01 -0.000000000000000000e+00 0.000000000000000000e+00 0.000000000000000000e+00 4.334790634155784517e+01 0.000000000000000000e+00 0.000000000000000000e+00 0.000000000000000000e+00 4.334790634155784517e+01
4.332523003636332248e+01 -0.000000000000000000e+00 0.000000000000000000e+00 0.000000000000000000e+00 4.332523003636332248e+01 0.000000000000000000e+00 0.000000000000000000e+00 0.000000000000000000e+00 4.332523003636332248e+01
4.326836023433809686e+01 -0.000000000000000000e+00 0.000000000000000000e+00 0.000000000000000000e+00 4.326836023433809686e+01 0.000000000000000000e+00 0.000000000000000000e+00 0.000000000000000000e+00 4.326836023433809686e+01
4.327972756748328464e+01 -0.000000000000000000e+00 0.000000000000000000e+00 0.000000000000000000e+00 4.327972756748328464e+01 0.000000000000000000e+00 0.000000000000000000e+00 0.000000000000000000e+00 4.327972756748328464e+01
4.334104370196043021e+01 -0.000000000000000000e+00 0.000000000000000000e+00 0.000000000000000000e+00 4.334104370196043021e+01 0.000000000000000000e+00 0.000000000000000000e+00 0.000000000000000000e+00 4.334104370196043021e+01
4.332092143445854049e+01 -0.000000000000000000e+00 0.000000000000000000e+00 0.000000000000000000e+00 4.332092143445854049e+01 0.000000000000000000e+00 0.000000000000000000e+00 0.000000000000000000e+00 4.332092143445854049e+01
4.333623649708209769e+01 -0.000000000000000000e+00 0.000000000000000000e+00 0.000000000000000000e+00 4.333623649708209769e+01 0.000000000000000000e+00 0.000000000000000000e+00 0.000000000000000000e+00 4.333623649708209769e+01
4.331450561583744019e+01 -0.000000000000000000e+00 0.000000000000000000e+00 0.000000000000000000e+00 4.331450561583744019e+01 0.000000000000000000e+00 0.000000000000000000e+00 0.000000000000000000e+00 4.331450561583744019e+01
4.328849169443299161e+01 -0.000000000000000000e+00 0.000000000000000000e+00 0.000000000000000000e+00 4.328849169443299161e+01 0.000000000000000000e+00 0.000000000000000000e+00 0.000000000000000000e+00 4.328849169443299161e+01
4.329717698357052313e+01 -0.000000000000000000e+00 0.000000000000000000e+00 0.000000000000000000e+00 4.329717698357052313e+01 0.000000000000000000e+00 0.000000000000000000e+00 0.000000000000000000e+00 4.329717698357052313e+01
4.334510166711768875e+01 -0.000000000000000000e+00 0.000000000000000000e+00 0.000000000000000000e+00 4.334510166711768875e+01 0.000000000000000000e+00 0.000000000000000000e+00 0.000000000000000000e+00 4.334510166711768875e+01
4.330050298479600457e+01 -0.000000000000000000e+00 0.000000000000000000e+00 0.000000000000000000e+00 4.330050298479600457e+01 0.000000000000000000e+00 0.000000000000000000e+00 0.000000000000000000e+00 4.330050298479600457e+01
4.331583036972540413e+01 -0.000000000000000000e+00 0.000000000000000000e+00 0.000000000000000000e+00 4.331583036972540413e+01 0.000000000000000000e+00 0.000000000000000000e+00 0.000000000000000000e+00 4.331583036972540413e+01
4.336108275698153136e+01 -0.000000000000000000e+00 0.000000000000000000e+00 0.000000000000000000e+00 4.336108275698153136e+01 0.000000000000000000e+00 0.000000000000000000e+00 0.000000000000000000e+00 4.336108275698153136e+01
4.327556793925047884e+01 -0.000000000000000000e+00 0.000000000000000000e+00 0.000000000000000000e+00 4.327556793925047884e+01 0.000000000000000000e+00 0.000000000000000000e+00 0.000000000000000000e+00 4.327556793925047884e+01
4.329266274524373159e+01 -0.000000000000000000e+00 0.000000000000000000e+00 0.000000000000000000e+00 4.329266274524373159e+01 0.000000000000000000e+00 0.000000000000000000e+00 0.000000000000000000e+00 4.329266274524373159e+01
4.333510122389412089e+01 -0.000000000000000000e+00 0.000000000000000000e+00 0.000000000000000000e+00 4.333510122389412089e+01 0.000000000000000000e+00 0.000000000000000000e+00 0.000000000000000000e+00 4.333510122389412089e+01
4.330793013743389963e+01 -0.000000000000000000e+00 0.000000000000000000e+00 0.000000000000000000e+00 4.330793013743389963e+01 0.000000000000000000e+00 0.000000000000000000e+00 0.000000000000000000e+00 4.330793013743389963e+01
4.331376469056678502e+01 -0.000000000000000000e+00 0.000000000000000000e+00 0.000000000000000000e+00 4.331376469056678502e+01 0.000000000000000000e+00 0.000000000000000000e+00 0.000000000000000000e+00 4.331376469056678502e+01
4.332621917444964055e+01 -0.000000000000000000e+00 0.000000000000000000e+00 0.000000000000000000e+00 4.332621917444964055e+01 0.000000000000000000e+00 0.000000000000000000e+00 0.000000000000000000e+00 4.332621917444964055e+01
4.330022354273621943e+01 -0.000000000000000000e+00 0.000000000000000000e+00 0.000000000000000000e+00 4.330022354273621943e+01 0.000000000000000000e+00 0.000000000000000000e+00 0.000000000000000000e+00 4.330022354273621943e+01
4.330946204801917077e+01 -0.000000000000000000e+00 0.000000000000000000e+00 0.000000000000000000e+00 4.330946204801917077e+01 0.000000000000000000e+00 0.000000000000000000e+00 0.000000000000000000e+00 4.330946204801917077e+01
4.332839165465206577e+01 -0.000000000000000000e+00 0.000000000000000000e+00 0.000000000000000000e+00 4.332839165465206577e+01 0.000000000000000000e+00 0.000000000000000000e+00 0.000000000000000000e+00 4.332839165465206577e+01
4.335144264030377315e+01 -0.000000000000000000e+00 0.000000000000000000e+00 0.000000000000000000e+00 4.335144264030377315e+01 0.000000000000000000e+00 0.000000000000000000e+00 0.000000000000000000e+00 4.335144264030377315e+01
4.330163805101916807e+01 -0.000000000000000000e+00 0.000000000000000000e+00 0.000000000000000000e+00 4.330163805101916807e+01 0.000000000000000000e+00 0.000000000000000000e+00 0.000000000000000000e+00 4.330163805101916807e+01
4.334877781304866318e+01 -0.000000000000000000e+00 0.000000000000000000e+00 0.000000000000000000e+00 4.334877781304866318e+01 0.000000000000000000e+00 0.000000000000000000e+00 0.000000000000000000e+00 4.334877781304866318e+01
4.329829506185323851e+01 -0.000000000000000000e+00 0.000000000000000000e+00 0.000000000000000000e+00 4.329829506185323851e+01 0.000000000000000000e+00 0.000000000000000000e+00 0.000000000000000000e+00 4.329829506185323851e+01
4.329151415425003790e+01 -0.000000000000000000e+00 0.000000000000000000e+00 0.000000000000000000e+00 4.329151415425003790e+01 0.000000000000000000e+00 0.000000000000000000e+00 0.000000000000000000e+00 4.329151415425003790e+01
4.334110950124357942e+01 -0.000000000000000000e+00 0.000000000000000000e+00 0.000000000000000000e+00 4.334110950124357942e+01 0.000000000000000000e+00 0.000000000000000000e+00 0.000000000000000000e+00 4.334110950124357942e+01
4.329099915143795840e+01 -0.000000000000000000e+00 0.000000000000000000e+00 0.000000000000000000e+00 4.329099915143795840e+01 0.000000000000000000e+00 0.000000000000000000e+00 0.000000000000000000e+00 4.329099915143795840e+01
4.335599345602203414e+01 -0.000000000000000000e+00 0.000000000000000000e+00 0.000000000000000000e+00 4.335599345602203414e+01 0.000000000000000000e+00 0.000000000000000000e+00 0.000000000000000000e+00 4.335599345602203414e+01
4.331037029678083172e+01 -0.000000000000000000e+00 0.000000000000000000e+00 0.000000000000000000e+00 4.331037029678083172e+01 0.000000000000000000e+00 0.000000000000000000e+00 0.000000000000000000e+00 4.331037029678083172e+01
4.331137330475576164e+01 -0.000000000000000000e+00 0.000000000000000000e+00 0.000000000000000000e+00 4.331137330475576164e+01 0.000000000000000000e+00 0.000000000000000000e+00 0.000000000000000000e+00 4.331137330475576164e+01
4.334812139886471982e+01 -0.000000000000000000e+00 0.000000000000000000e+00 0.000000000000000000e+00 4.334812139886471982e+01 0.000000000000000000e+00 0.000000000000000000e+00 0.000000000000000000e+00 4.334812139886471982e+01
4.335593623831920240e+01 -0.000000000000000000e+00 0.000000000000000000e+00 0.000000000000000000e+00 4.335593623831920240e+01 0.000000000000000000e+00 0.000000000000000000e+00 0.000000000000000000e+00 4.335593623831920240e+01
4.326346369316268436e+01 -0.000000000000000000e+00 0.000000000000000000e+00 0.000000000000000000e+00 4.326346369316268436e+01 0.000000000000000000e+00 0.000000000000000000e+00 0.000000000000000000e+00 4.326346369316268436e+01
4.329799849221735997e+01 -0.000000000000000000e+00 0.000000000000000000e+00 0.000000000000000000e+00 4.329799849221735997e+01 0.000000000000000000e+00 0.000000000000000000e+00 0.000000000000000000e+00 4.329799849221735997e+01
4.331568473306521128e+01 -0.000000000000000000e+00 0.000000000000000000e+00 0.000000000000000000e+00 4.331568473306521128e+01 0.000000000000000000e+00 0.000000000000000000e+00 0.000000000000000000e+00 4.331568473306521128e+01
4.333425840252209582e+01 -0.000000000000000000e+00 0.000000000000000000e+00 0.000000000000000000e+00 4.333425840252209582e+01 0.000000000000000000e+00 0.000000000000000000e+00 0.000000000000000000e+00 4.333425840252209582e+01
4.330646843754968245e+01 -0.000000000000000000e+00 0.000000000000000000e+00 0.000000000000000000e+00 4.330646843754968245e+01 0.000000000000000000e+00 0.000000000000000000e+00 0.000000000000000000e+00 4.330646843754968245e+01
4.330187986846217996e+01 -0.000000000000000000e+00 0.000000000000000000e+00 0.000000000000000000e+00 4.330187986846217996e+01 0.000000000000000000e+00 0.000000000000000000e+00 0.000000000000000000e+00 4.330187986846217996e+01
4.333040081043192515e+01 -0.000000000000000000e+00 0.000000000000000000e+00 0.000000000000000000e+00 4.333040081043192515e+01 0.000000000000000000e+00 0.000000000000000000e+00 0.000000000000000000e+00 4.333040081043192515e+01
