4.323061926167755331e+01 -0.000000000000000000e+00 0.000000000000000000e+00 0.000000000000000000e+00 4.323061926167755331e+01 0.000000000000000000e+00 0.000000000000000000e+00 0.000000000000000000e+00 4.323061926167755331e+01
4.320448930332160842e+01 -0.000000000000000000e+00 0.000000000000000000e+00 0.000000000000000000e+00 4.320448930332160842e+01 0.000000000000000000e+00 0.000000000000000000e+00 0.000000000000000000e+00 4.320448930332160842e+01
4.320310897663495808e+01 -0.000000000000000000e+00 0.000000000000000000e+00 0.000000000000000000e+00 4.320310897663495808e+01 0.000000000000000000e+00 0.000000000000000000e+00 0.000000000000000000e+00 4.320310897663495808e+01
4.321540381943416520e+01 -0.000000000000000000e+00 0.000000000000000000e+00 0.000000000000000000e+00 4.321540381943416520e+01 0.000000000000000000e+00 0.000000000000000000e+00 0.000000000000000000e+00 4.321540381943416520e+01
4.322219127773699654e+01 -0.000000000000000000e+00 0.000000000000000000e+00 0.000000000000000000e+00 4.322219127773699654e+01 0.000000000000000000e+00 0.000000000000000000e+00 0.000000000000000000e+00 4.322219127773699654e+01
4.322474445929550768e+01 -0.000000000000000000e+00 0.000000000000000000e+00 0.000000000000000000e+00 4.322474445929550768e+01 0.000000000000000000e+00 0.000000000000000000e+00 0.000000000000000000e+00 4.322474445929550768e+01
4.316752417617431092e+01 -0.000000000000000000e+00 0.000000000000000000e+00 0.000000000000000000e+00 4.316752417617431092e+01 0.000000000000000000e+00 0.000000000000000000e+00 0.000000000000000000e+00 4.316752417617431092e+01
4.317533899877672354e+01 -0.000000000000000000e+00 0.000000000000000000e+00 0.000000000000000000e+00 4.317533899877672354e+01 0.000000000000000000e+00 0.000000000000000000e+00 0.000000000000000000e+00 4.317533899877672354e+01
4.321148049792189738e+01 -0.000000000000000000e+00 0.000000000000000000e+00 0.000000000000000000e+00 4.321148049792189738e+01 0.000000000000000000e+00 0.000000000000000000e+00 0.000000000000000000e+00 4.321148049792189738e+01
4.323998249069567379e+01 -0.000000000000000000e+00 0.000000000000000000e+00 0.000000000000000000e+00 4.323998249069567379e+01 0.000000000000000000e+00 0.000000000000000000e+00 0.000000000000000000e+00 4.323998249069567379e+01
4.326595074745419822e+01 -0.000000000000000000e+00 0.000000000000000000e+00 0.000000000000000000e+00 4.326595074745419822e+01 0.000000000000000000e+00 0.000000000000000000e+00 0.000000000000000000e+00 4.326595074745419822e+01
4.322294245225279496e+01 -0.000000000000000000e+00 0.000000000000000000e+00 0.000000000000000000e+00 4.322294245225279496e+01 0.000000000000000000e+00 0.000000000000000000e+00 0.000000000000000000e+00 4.322294245225279496e+01
4.325356478086048639e+01 -0.000000000000000000e+00 0.000000000000000000e+00 0.000000000000000000e+00 4.325356478086048639e+01 0.000000000000000000e+00 0.000000000000000000e+00 0.000000000000000000e+00 4.325356478086048639e+01
4.323232344205391087e+01 -0.000000000000000000e+00 0.000000000000000000e+00 0.000000000000000000e+00 4.323232344205391087e+01 0.000000000000000000e+00 0.000000000000000000e+00 0.000000000000000000e+00 4.323232344205391087e+01
4.327563466391217162e+01 -0.000000000000000000e+00 0.000000000000000000e+00 0.000000000000000000e+00 4.327563466391217162e+01 0.000000000000000000e+00 0.000000000000000000e+00 0.000000000000000000e+00 4.327563466391217162e+01
4.322628232445055119e+01 -0.000000000000000000e+00 0.000000000000000000e+00 0.000000000000000000e+00 4.322628232445055119e+01 0.000000000000000000e+00 0.000000000000000000e+00 0.000000000000000000e+00 4.322628232445055119e+01
4.325175525163716372e+01 -0.000000000000000000e+00 0.000000000000000000e+00 0.000000000000000000e+00 4.325175525163716372e+01 0.000000000000000000e+00 0.000000000000000000e+00 0.000000000000000000e+00 4.325175525163716372e+01
4.323678446277990872e+01 -0.000000000000000000e+00 0.000000000000000000e+00 0.000000000000000000e+00 4.323678446277990872e+01 0.000000000000000000e+00 0.000000000000000000e+00 0.000000000000000000e+00 4.323678446277990872e+01
4.322338057653990973e+01 -0.000000000000000000e+00 0.000000000000000000e+00 0.000000000000000000e+00 4.322338057653990973e+01 0.000000000000000000e+00 0.000000000000000000e+00 0.000000000000000000e+00 4.322338057653990973e+01
4.322178306311874252e+01 -0.000000000000000000e+00 0.000000000000000000e+00 0.000000000000000000e+00 4.322178306311874252e+01 0.000000000000000000e+00 0.000000000000000000e+00 0.000000000000000000e+00 4.322178306311874252e+01
4.322362954780568600e+01 -0.000000000000000000e+00 0.000000000000000000e+00 0.000000000000000000e+00 4.322362954780568600e+01 0.000000000000000000e+00 0.000000000000000000e+00 0.000000000000000000e+00 4.322362954780568600e+01
4.325610455741207971e+01 -0.000000000000000000e+00 0.000000000000000000e+00 0.000000000000000000e+00 4.325610455741207971e+01 0.000000000000000000e+00 0.000000000000000000e+00 0.000000000000000000e+00 4.325610455741207971e+01
4.322290846863536729e+01 -0.000000000000000000e+00 0.000000000000000000e+00 0.000000000000000000e+00 4.322290846863536729e+01 0.000000000000000000e+00 0.000000000000000000e+00 0.000000000000000000e+00 4.322290846863536729e+01
4.326404312391787244e+01 -0.000000000000000000e+00 0.000000000000000000e+00 0.000000000000000000e+00 4.326404312391787244e+01 0.000000000000000000e+00 0.000000000000000000e+00 0.000000000000000000e+00 4.326404312391787244e+01
4.318361009447647092e+01 -0.000000000000000000e+00 0.000000000000000000e+00 0.000000000000000000e+00 4.318361009447647092e+01 0.000000000000000000e+00 0.000000000000000000e+00 0.000000000000000000e+00 4.318361009447647092e+01
4.323820894934596026e+01 -0.000000000000000000e+00 0.000000000000000000e+00 0.000000000000000000e+00 4.323820894934596026e+01 0.000000000000000000e+00 0.000000000000000000e+00 0.000000000000000000e+00 4.323820894934596026e+01
4.316524786622740351e+01 -0.000000000000000000e+00 0.000000000000000000e+00 0.000000000000000000e+00 4.316524786622740351e+01 0.000000000000000000e+00 0.000000000000000000e+00 0.000000000000000000e+00 4.316524786622740351e+01
4.323757777947020031e+01 -0.000000000000000000e+00 0.000000000000000000e+00 0.000000000000000000e+00 4.323757777947020031e+01 0.000000000000000000e+00 0.000000000000000000e+00 0.000000000000000000e+00 4.323757777947020031e+01
4.317801984094828072e+01 -0.000000000000000000e+00 0.000000000000000000e+00 0.000000000000000000e+00 4.317801984094828072e+01 0.000000000000000000e+00 0.000000000000000000e+00 0.000000000000000000e+00 4.317801984094828072e+01
4.322984734813385899e+01 -0.000000000000000000e+00 0.000000000000000000e+00 0.000000000000000000e+00 4.322984734813385899e+01 0.000000000000000000e+00 0.000000000000000000e+00 0.000000000000000000e+00 4.322984734813385899e+01
4.326666005759834377e+01 -0.000000000000000000e+00 0.000000000000000000e+00 0.000000000000000000e+00 4.326666005759834377e+01 0.000000000000000000e+00 0.000000000000000000e+00 0.000000000000000000e+00 4.326666005759834377e+01
4.325528419891236354e+01 -0.000000000000000000e+00 0.000000000000000000e+00 0.000000000000000000e+00 4.325528419891236354e+01 0.000000000000000000e+00 0.000000000000000000e+00 0.000000000000000000e+00 4.325528419891236354e+01
4.320116425160958329e+01 -0.000000000000000000e+00 0.000000000000000000e+00 0.000000000000000000e+00 4.320116425160958329e+01 0.000000000000000000e+00 0.000000000000000000e+00 0.000000000000000000e+00 4.320116425160958329e+01
4.322778513059655836e+01 -0.000000000000000000e+00 0.000000000000000000e+00 0.000000000000000000e+00 4.322778513059655836e+01 0.000000000000000000e+00 0.000000000000000000e+00 0.000000000000000000e+00 4.322778513059655836e+01
4.321962880898156811e+01 -0.000000000000000000e+00 0.000000000000000000e+00 0.000000000000000000e+00 4.321962880898156811e+01 0.000000000000000000e+00 0.000000000000000000e+00 0.000000000000000000e+00 4.321962880898156811e+01
4.315935334567601700e+01 -0.000000000000000000e+00 0.000000000000000000e+00 0.000000000000000000e+00 4.315935334567601700e+01 0.000000000000000000e+00 0.000000000000000000e+00 0.000000000000000000e+00 4.315935334567601700e+01
4.321483366358987865e+01 -0.000000000000000000e+00 0.000000000000000000e+00 0.000000000000000000e+00 4.321483366358987865e+01 0.000000000000000000e+00 0.000000000000000000e+00 0.000000000000000000e+00 4.321483366358987865e+01
4.327860260457613606e+01 -0.000000000000000000e+00 0.000000000000000000e+00 0.000000000000000000e+00 4.327860260457613606e+01 0.000000000000000000e+00 0.000000000000000000e+00 0.000000000000000000e+00 4.327860260457613606e+01
4.320232246524832931e+01 -0.000000000000000000e+00 0.000000000000000000e+00 0.000000000000000000e+00 4.320232246524832931e+01 0.000000000000000000e+00 0.000000000000000000e+00 0.000000000000000000e+00 4.320232246524832931e+01
4.321235005043872235e+01 -0.000000000000000000e+00 0.000000000000000000e+00 0.000000000000000000e+00 4.321235005043872235e+01 0.000000000000000000e+00 0.000000000000000000e+00 0.000000000000000000e+00 4.321235005043872235e+01
4.314218849980747450e+01 -0.000000000000000000e+00 0.000000000000000000e+00 0.000000000000000000e+00 4.314218849980747450e+01 0.000000000000000000e+00 0.000000000000000000e+00 0.000000000000000000e+00 4.314218849980747450e+01
4.323750138418709810e+01 -0.000000000000000000e+00 0.000000000000000000e+00 0.000000000000000000e+00 4.323750138418709810e+01 0.000000000000000000e+00 0.000000000000000000e+00 0.000000000000000000e+00 4.323750138418709810e+01
4.319994995764233892e+01 -0.000000000000000000e+00 0.000000000000000000e+00 0.000000000000000000e+00 4.319994995764233892e+01 0.000000000000000000e+00 0.000000000000000000e+00 0.000000000000000000e+00 4.319994995764233892e+01
4.324074502738316994e+01 -0.000000000000000000e+00 0.000000000000000000e+00 0.000000000000000000e+00 4.324074502738316994e+01 0.000000000000000000e+00 0.000000000000000000e+00 0.000000000000000000e+00 4.324074502738316994e+01
4.323174601912422332e+01 -0.000000000000000000e+00 0.000000000000000000e+00 0.000000000000000000e+00 4.323174601912422332e+01 0.000000000000000000e+00 0.000000000000000000e+00 0.000000000000000000e+00 4.323174601912422332e+01
4.324715334836228919e+01 -0.000000000000000000e+00 0.000000000000000000e+00 0.000000000000000000e+00 4.324715334836228919e+01 0.000000000000000000e+00 0.000000000000000000e+00 0.000000000000000000e+00 4.324715334836228919e+01
4.327016599209737535e+01 -0.000000000000000000e+00 0.000000000000000000e+00 0.000000000000000000e+00 4.327016599209737535e+01 0.000000000000000000e+00 0.000000000000000000e+00 0.000000000000000000e+00 4.327016599209737535e+01
4.325272631185198691e+01 -0.000000000000000000e+00 0.000000000000000000e+00 0.000000000000000000e+00 4.325272631185198691e+01 0.000000000000000000e+00 0.000000000000000000e+00 0.000000000000000000e+00 4.325272631185198691e+01
4.327640239220744434e+01 -0.000000000000000000e+00 0.000000000000000000e+00 0.000000000000000000e+00 4.327640239220744434e+01 0.000000000000000000e+00 0.000000000000000000e+00 0.000000000000000000e+00 4.327640239220744434e+01
4.320012456904900944e+01 -0.000000000000000000e+00 0.000000000000000000e+00 0.000000000000000000e+00 4.320012456904900944e+01 0.000000000000000000e+00 0.000000000000000000e+00 0.000000000000000000e+00 4.320012456904900944e+01
4.320580274189913439e+01 -0.000000000000000000e+00 0.000000000000000000e+00 0.000000000000000000e+00 4.320580274189913439e+01 0.000000000000000000e+00 0.000000000000000000e+00 0.000000000000000000e+00 4.320580274189913439e+01
