4.357721388842033150e+01 -0.000000000000000000e+00 0.000000000000000000e+00 0.000000000000000000e+00 4.357721388842033150e+01 0.000000000000000000e+00 0.000000000000000000e+00 0.000000000000000000e+00 4.357721388842033150e+01
4.355186454923604344e+01 -0.000000000000000000e+00 0.000000000000000000e+00 0.000000000000000000e+00 4.355186454923604344e+01 0.000000000000000000e+00 0.000000000000000000e+00 0.000000000000000000e+00 4.355186454923604344e+01
4.349799856456805003e+01 -0.000000000000000000e+00 0.000000000000000000e+00 0.000000000000000000e+00 4.349799856456805003e+01 0.000000000000000000e+00 0.000000000000000000e+00 0.000000000000000000e+00 4.349799856456805003e+01
4.355182926809514043e+01 -0.000000000000000000e+00 0.000000000000000000e+00 0.000000000000000000e+00 4.355182926809514043e+01 0.000000000000000000e+00 0.000000000000000000e+00 0.000000000000000000e+00 4.355182926809514043e+01
4.361448585503414677e+01 -0.000000000000000000e+00 0.000000000000000000e+00 0.000000000000000000e+00 4.361448585503414677e+01 0.000000000000000000e+00 0.000000000000000000e+00 0.000000000000000000e+00 4.361448585503414677e+01
4.357764703281584673e+01 -0.000000000000000000e+00 0.000000000000000000e+00 0.000000000000000000e+00 4.357764703281584673e+01 0.000000000000000000e+00 0.000000000000000000e+00 0.000000000000000000e+00 4.357764703281584673e+01
4.356463983260451300e+01 -0.000000000000000000e+00 0.000000000000000000e+00 0.000000000000000000e+00 4.356463983260451300e+01 0.000000000000000000e+00 0.000000000000000000e+00 0.000000000000000000e+00 4.356463983260451300e+01
4.357300434139376932e+01 -0.000000000000000000e+00 0.000000000000000000e+00 0.000000000000000000e+00 4.357300434139376932e+01 0.000000000000000000e+00 0.000000000000000000e+00 0.000000000000000000e+00 4.357300434139376932e+01
4.355101513813332303e+01 -0.000000000000000000e+00 0.000000000000000000e+00 0.000000000000000000e+00 4.355101513813332303e+01 0.000000000000000000e+00 0.000000000000000000e+00 0.000000000000000000e+00 4.355101513813332303e+01
4.356127750625572759e+01 -0.000000000000000000e+00 0.000000000000000000e+00 0.000000000000000000e+00 4.356127750625572759e+01 0.000000000000000000e+00 0.000000000000000000e+00 0.000000000000000000e+00 4.356127750625572759e+01
4.352156989541872179e+01 -0.000000000000000000e+00 0.000000000000000000e+00 0.000000000000000000e+00 4.352156989541872179e+01 0.000000000000000000e+00 0.000000000000000000e+00 0.000000000000000000e+00 4.352156989541872179e+01
4.350263570069226660e+01 -0.000000000000000000e+00 0.000000000000000000e+00 0.000000000000000000e+00 4.350263570069226660e+01 0.000000000000000000e+00 0.000000000000000000e+00 0.000000000000000000e+00 4.350263570069226660e+01
4.356215486855791141e+01 -0.000000000000000000e+00 0.000000000000000000e+00 0.000000000000000000e+00 4.356215486855791141e+01 0.000000000000000000e+00 0.000000000000000000e+00 0.000000000000000000e+00 4.356215486855791141e+01
4.351593234476706584e+01 -0.000000000000000000e+00 0.000000000000000000e+00 0.000000000000000000e+00 4.351593234476706584e+01 0.000000000000000000e+00 0.000000000000000000e+00 0.000000000000000000e+00 4.351593234476706584e+01
4.353142367035960092e+01 -0.000000000000000000e+00 0.000000000000000000e+00 0.000000000000000000e+00 4.353142367035960092e+01 0.000000000000000000e+00 0.000000000000000000e+00 0.000000000000000000e+00 4.353142367035960092e+01
4.352333734018503719e+01 -0.000000000000000000e+00 0.000000000000000000e+00 0.000000000000000000e+00 4.352333734018503719e+01 0.000000000000000000e+00 0.000000000000000000e+00 0.000000000000000000e+00 4.352333734018503719e+01
4.359182158732249945e+01 -0.000000000000000000e+00 0.000000000000000000e+00 0.000000000000000000e+00 4.359182158732249945e+01 0.000000000000000000e+00 0.000000000000000000e+00 0.000000000000000000e+00 4.359182158732249945e+01
4.361396426177405061e+01 -0.000000000000000000e+00 0.000000000000000000e+00 0.000000000000000000e+00 4.361396426177405061e+01 0.000000000000000000e+00 0.000000000000000000e+00 0.000000000000000000e+00 4.361396426177405061e+01
4.358723968718928177e+01 -0.000000000000000000e+00 0.000000000000000000e+00 0.000000000000000000e+00 4.358723968718928177e+01 0.000000000000000000e+00 0.000000000000000000e+00 0.000000000000000000e+00 4.358723968718928177e+01
4.351989523858977549e+01 -0.000000000000000000e+00 0.000000000000000000e+00 0.000000000000000000e+00 4.351989523858977549e+01 0.000000000000000000e+00 0.000000000000000000e+00 0.000000000000000000e+00 4.351989523858977549e+01
4.357467110733087168e+01 -0.000000000000000000e+00 0.000000000000000000e+00 0.000000000000000000e+00 4.357467110733087168e+01 0.000000000000000000e+00 0.000000000000000000e+00 0.000000000000000000e+00 4.357467110733087168e+01
4.355042223056053530e+01 -0.000000000000000000e+00 0.000000000000000000e+00 0.000000000000000000e+00 4.355042223056053530e+01 0.000000000000000000e+00 0.000000000000000000e+00 0.000000000000000000e+00 4.355042223056053530e+01
4.355943154672174700e+01 -0.000000000000000000e+00 0.000000000000000000e+00 0.000000000000000000e+00 4.355943154672174700e+01 0.000000000000000000e+00 0.000000000000000000e+00 0.000000000000000000e+00 4.355943154672174700e+01
4.358853669283924859e+01 -0.000000000000000000e+00 0.000000000000000000e+00 0.000000000000000000e+00 4.358853669283924859e+01 0.000000000000000000e+00 0.000000000000000000e+00 0.000000000000000000e+00 4.358853669283924859e+01
4.353115754147705729e+01 -0.000000000000000000e+00 0.000000000000000000e+00 0.000000000000000000e+00 4.353115754147705729e+01 0.000000000000000000e+00 0.000000000000000000e+00 0.000000000000000000e+00 4.353115754147705729e+01
4.356310324024446601e+01 -0.000000000000000000e+00 0.000000000000000000e+00 0.000000000000000000e+00 4.356310324024446601e+01 0.000000000000000000e+00 0.000000000000000000e+00 0.000000000000000000e+00 4.356310324024446601e+01
4.358465512536369602e+01 -0.000000000000000000e+00 0.000000000000000000e+00 0.000000000000000000e+00 4.358465512536369602e+01 0.000000000000000000e+00 0.000000000000000000e+00 0.000000000000000000e+00 4.358465512536369602e+01
4.357554412328283178e+01 -0.000000000000000000e+00 0.000000000000000000e+00 0.000000000000000000e+00 4.357554412328283178e+01 0.000000000000000000e+00 0.000000000000000000e+00 0.000000000000000000e+00 4.357554412328283178e+01
4.355983151762461603e+01 -0.000000000000000000e+00 0.000000000000000000e+00 0.000000000000000000e+00 4.355983151762461603e+01 0.000000000000000000e+00 0.000000000000000000e+00 0.000000000000000000e+00 4.355983151762461603e+01
4.357354721020486465e+01 -0.000000000000000000e+00 0.000000000000000000e+00 0.000000000000000000e+00 4.357354721020486465e+01 0.000000000000000000e+00 0.000000000000000000e+00 0.000000000000000000e+00 4.357354721020486465e+01
4.357292437949189434e+01 -0.000000000000000000e+00 0.000000000000000000e+00 0.000000000000000000e+00 4.357292437949189434e+01 0.000000000000000000e+00 0.000000000000000000e+00 0.000000000000000000e+00 4.357292437949189434e+01
4.357788298927042092e+01 -0.000000000000000000e+00 0.000000000000000000e+00 0.000000000000000000e+00 4.357788298927042092e+01 0.000000000000000000e+00 0.000000000000000000e+00 0.000000000000000000e+00 4.357788298927042092e+01
4.349119960175510613e+01 -0.000000000000000000e+00 0.000000000000000000e+00 0.000000000000000000e+00 4.349119960175510613e+01 0.000000000000000000e+00 0.000000000000000000e+00 0.000000000000000000e+00 4.349119960175510613e+01
4.352563290726008915e+01 -0.000000000000000000e+00 0.000000000000000000e+00 0.000000000000000000e+00 4.352563290726008915e+01 0.000000000000000000e+00 0.000000000000000000e+00 0.000000000000000000e+00 4.352563290726008915e+01
4.350567761250994181e+01 -0.000000000000000000e+00 0.000000000000000000e+00 0.000000000000000000e+00 4.350567761250994181e+01 0.000000000000000000e+00 0.000000000000000000e+00 0.000000000000000000e+00 4.350567761250994181e+01
4.354546442978747223e+01 -0.000000000000000000e+00 0.000000000000000000e+00 0.000000000000000000e+00 4.354546442978747223e+01 0.000000000000000000e+00 0.000000000000000000e+00 0.000000000000000000e+00 4.354546442978747223e+01
4.349291514381634727e+01 -0.000000000000000000e+00 0.000000000000000000e+00 0.000000000000000000e+00 4.349291514381634727e+01 0.000000000000000000e+00 0.000000000000000000e+00 0.000000000000000000e+00 4.349291514381634727e+01
4.351638060244973616e+01 -0.000000000000000000e+00 0.000000000000000000e+00 0.000000000000000000e+00 4.351638060244973616e+01 0.000000000000000000e+00 0.000000000000000000e+00 0.000000000000000000e+00 4.351638060244973616e+01
4.353453198218547726e+01 -0.000000000000000000e+00 0.000000000000000000e+00 0.000000000000000000e+00 4.353453198218547726e+01 0.000000000000000000e+00 0.000000000000000000e+00 0.000000000000000000e+00 4.353453198218547726e+01
4.361831361887658431e+01 -0.000000000000000000e+00 0.000000000000000000e+00 0.000000000000000000e+00 4.361831361887658431e+01 0.000000000000000000e+00 0.000000000000000000e+00 0.000000000000000000e+00 4.361831361887658431e+01
4.353779450062809531e+01 -0.000000000000000000e+00 0.000000000000000000e+00 0.000000000000000000e+00 4.353779450062809531e+01 0.000000000000000000e+00 0.000000000000000000e+00 0.000000000000000000e+00 4.353779450062809531e+01
4.352314615264505449e+01 -0.000000000000000000e+00 0.000000000000000000e+00 0.000000000000000000e+00 4.352314615264505449e+01 0.000000000000000000e+00 0.000000000000000000e+00 0.000000000000000000e+00 4.352314615264505449e+01
4.359156479540258999e+01 -0.000000000000000000e+00 0.000000000000000000e+00 0.000000000000000000e+00 4.359156479540258999e+01 0.000000000000000000e+00 0.000000000000000000e+00 0.000000000000000000e+00 4.359156479540258999e+01
4.354626315137629433e+01 -0.000000000000000000e+00 0.000000000000000000e+00 0.000000000000000000e+00 4.354626315137629433e+01 0.000000000000000000e+00 0.000000000000000000e+00 0.000000000000000000e+00 4.354626315137629433e+01
4.355869955367597868e+01 -0.000000000000000000e+00 0.000000000000000000e+00 0.000000000000000000e+00 4.355869955367597868e+01 0.000000000000000000e+00 0.000000000000000000e+00 0.000000000000000000e+00 4.355869955367597868e+01
4.360871343729807847e+01 -0.000000000000000000e+00 0.000000000000000000e+00 0.000000000000000000e+00 4.360871343729807847e+01 0.000000000000000000e+00 0.000000000000000000e+00 0.000000000000000000e+00 4.360871343729807847e+01
4.356856677588923787e+01 -0.000000000000000000e+00 0.000000000000000000e+00 0.000000000000000000e+00 4.356856677588923787e+01 0.000000000000000000e+00 0.000000000000000000e+00 0.000000000000000000e+00 4.356856677588923787e+01
4.342943695346085065e+01 -0.000000000000000000e+00 0.000000000000000000e+00 0.000000000000000000e+00 4.342943695346085065e+01 0.000000000000000000e+00 0.000000000000000000e+00 0.000000000000000000e+00 4.342943695346085065e+01
4.356292169606890496e+01 -0.000000000000000000e+00 0.000000000000000000e+00 0.000000000000000000e+00 4.356292169606890496e+01 0.000000000000000000e+00 0.000000000000000000e+00 0.000000000000000000e+00 4.356292169606890496e+01
4.357666612762497493e+01 -0.000000000000000000e+00 0.000000000000000000e+00 0.000000000000000000e+00 4.357666612762497493e+01 0.000000000000000000e+00 0.000000000000000000e+00 0.000000000000000000e+00 4.357666612762497493e+01
4.356068891483508310e+01 -0.000000000000000000e+00 0.000000000000000000e+00 0.000000000000000000e+00 4.356068891483508310e+01 0.000000000000000000e+00 0.000000000000000000e+00 0.000000000000000000e+00 4.356068891483508310e+01
