4.356068891483508310e+01 -0.000000000000000000e+00 0.000000000000000000e+00 0.000000000000000000e+00 4.356068891483508310e+01 0.000000000000000000e+00 0.000000000000000000e+00 0.000000000000000000e+00 4.356068891483508310e+01
4.355281408496425399e+01 -0.000000000000000000e+00 0.000000000000000000e+00 0.000000000000000000e+00 4.355281408496425399e+01 0.000000000000000000e+00 0.000000000000000000e+00 0.000000000000000000e+00 4.355281408496425399e+01
4.352510475418649349e+01 -0.000000000000000000e+00 0.000000000000000000e+00 0.000000000000000000e+00 4.352510475418649349e+01 0.000000000000000000e+00 0.000000000000000000e+00 0.000000000000000000e+00 4.352510475418649349e+01
4.353562003560459459e+01 -0.000000000000000000e+00 0.000000000000000000e+00 0.000000000000000000e+00 4.353562003560459459e+01 0.000000000000000000e+00 0.000000000000000000e+00 0.000000000000000000e+00 4.353562003560459459e+01
4.356192119612055791e+01 -0.000000000000000000e+00 0.000000000000000000e+00 0.000000000000000000e+00 4.356192119612055791e+01 0.000000000000000000e+00 0.000000000000000000e+00 0.000000000000000000e+00 4.356192119612055791e+01
4.354204010853635509e+01 -0.000000000000000000e+00 0.000000000000000000e+00 0.000000000000000000e+00 4.354204010853635509e+01 0.000000000000000000e+00 0.000000000000000000e+00 0.000000000000000000e+00 4.354204010853635509e+01
4.358400138825737002e+01 -0.000000000000000000e+00 0.000000000000000000e+00 0.000000000000000000e+00 4.358400138825737002e+01 0.000000000000000000e+00 0.000000000000000000e+00 0.000000000000000000e+00 4.358400138825737002e+01
4.346438463964579313e+01 -0.000000000000000000e+00 0.000000000000000000e+00 0.000000000000000000e+00 4.346438463964579313e+01 0.000000000000000000e+00 0.000000000000000000e+00 0.000000000000000000e+00 4.346438463964579313e+01
4.356132258791912193e+01 -0.000000000000000000e+00 0.000000000000000000e+00 0.000000000000000000e+00 4.356132258791912193e+01 0.000000000000000000e+00 0.000000000000000000e+00 0.000000000000000000e+00 4.356132258791912193e+01
4.351628634694954201e+01 -0.000000000000000000e+00 0.000000000000000000e+00 0.000000000000000000e+00 4.351628634694954201e+01 0.000000000000000000e+00 0.000000000000000000e+00 0.000000000000000000e+00 4.351628634694954201e+01
4.354573229358248909e+01 -0.000000000000000000e+00 0.000000000000000000e+00 0.000000000000000000e+00 4.354573229358248909e+01 0.000000000000000000e+00 0.000000000000000000e+00 0.000000000000000000e+00 4.354573229358248909e+01
4.348455581007539195e+01 -0.000000000000000000e+00 0.000000000000000000e+00 0.000000000000000000e+00 4.348455581007539195e+01 0.000000000000000000e+00 0.000000000000000000e+00 0.000000000000000000e+00 4.348455581007539195e+01
4.350669296848107592e+01 -0.000000000000000000e+00 0.000000000000000000e+00 0.000000000000000000e+00 4.350669296848107592e+01 0.000000000000000000e+00 0.000000000000000000e+00 0.000000000000000000e+00 4.350669296848107592e+01
4.357687926040577509e+01 -0.000000000000000000e+00 0.000000000000000000e+00 0.000000000000000000e+00 4.357687926040577509e+01 0.000000000000000000e+00 0.000000000000000000e+00 0.000000000000000000e+00 4.357687926040577509e+01
4.350701926136859754e+01 -0.000000000000000000e+00 0.000000000000000000e+00 0.000000000000000000e+00 4.350701926136859754e+01 0.000000000000000000e+00 0.000000000000000000e+00 0.000000000000000000e+00 4.350701926136859754e+01
4.356134057118471503e+01 -0.000000000000000000e+00 0.000000000000000000e+00 0.000000000000000000e+00 4.356134057118471503e+01 0.000000000000000000e+00 0.000000000000000000e+00 0.000000000000000000e+00 4.356134057118471503e+01
4.347552150075596700e+01 -0.000000000000000000e+00 0.000000000000000000e+00 0.000000000000000000e+00 4.347552150075596700e+01 0.000000000000000000e+00 0.000000000000000000e+00 0.000000000000000000e+00 4.347552150075596700e+01
4.350236242465298631e+01 -0.000000000000000000e+00 0.000000000000000000e+00 0.000000000000000000e+00 4.350236242465298631e+01 0.000000000000000000e+00 0.000000000000000000e+00 0.000000000000000000e+00 4.350236242465298631e+01
4.353007125178230297e+01 -0.000000000000000000e+00 0.000000000000000000e+00 0.000000000000000000e+00 4.353007125178230297e+01 0.000000000000000000e+00 0.000000000000000000e+00 0.000000000000000000e+00 4.353007125178230297e+01
4.355853629652300185e+01 -0.000000000000000000e+00 0.000000000000000000e+00 0.000000000000000000e+00 4.355853629652300185e+01 0.000000000000000000e+00 0.000000000000000000e+00 0.000000000000000000e+00 4.355853629652300185e+01
4.354068003514355922e+01 -0.000000000000000000e+00 0.000000000000000000e+00 0.000000000000000000e+00 4.354068003514355922e+01 0.000000000000000000e+00 0.000000000000000000e+00 0.000000000000000000e+00 4.354068003514355922e+01
4.355110318878069364e+01 -0.000000000000000000e+00 0.000000000000000000e+00 0.000000000000000000e+00 4.355110318878069364e+01 0.000000000000000000e+00 0.000000000000000000e+00 0.000000000000000000e+00 4.355110318878069364e+01
4.355789590958643487e+01 -0.000000000000000000e+00 0.000000000000000000e+00 0.000000000000000000e+00 4.355789590958643487e+01 0.000000000000000000e+00 0.000000000000000000e+00 0.000000000000000000e+00 4.355789590958643487e+01
4.354331086380791760e+01 -0.000000000000000000e+00 0.000000000000000000e+00 0.000000000000000000e+00 4.354331086380791760e+01 0.000000000000000000e+00 0.000000000000000000e+00 0.000000000000000000e+00 4.354331086380791760e+01
4.354101244942980031e+01 -0.000000000000000000e+00 0.000000000000000000e+00 0.000000000000000000e+00 4.354101244942980031e+01 0.000000000000000000e+00 0.000000000000000000e+00 0.000000000000000000e+00 4.354101244942980031e+01
4.355720699893911529e+01 -0.000000000000000000e+00 0.000000000000000000e+00 0.000000000000000000e+00 4.355720699893911529e+01 0.000000000000000000e+00 0.000000000000000000e+00 0.000000000000000000e+00 4.355720699893911529e+01
4.353722594068895546e+01 -0.000000000000000000e+00 0.000000000000000000e+00 0.000000000000000000e+00 4.353722594068895546e+01 0.000000000000000000e+00 0.000000000000000000e+00 0.000000000000000000e+00 4.353722594068895546e+01
4.349595486872655670e+01 -0.000000000000000000e+00 0.000000000000000000e+00 0.000000000000000000e+00 4.349595486872655670e+01 0.000000000000000000e+00 0.000000000000000000e+00 0.000000000000000000e+00 4.349595486872655670e+01
4.350584066615628132e+01 -0.000000000000000000e+00 0.000000000000000000e+00 0.000000000000000000e+00 4.350584066615628132e+01 0.000000000000000000e+00 0.000000000000000000e+00 0.000000000000000000e+00 4.350584066615628132e+01
4.353382384836368146e+01 -0.000000000000000000e+00 0.000000000000000000e+00 0.000000000000000000e+00 4.353382384836368146e+01 0.000000000000000000e+00 0.000000000000000000e+00 0.000000000000000000e+00 4.353382384836368146e+01
4.347400427997723682e+01 -0.000000000000000000e+00 0.000000000000000000e+00 0.000000000000000000e+00 4.347400427997723682e+01 0.000000000000000000e+00 0.000000000000000000e+00 0.000000000000000000e+00 4.347400427997723682e+01
4.353276706360230719e+01 -0.000000000000000000e+00 0.000000000000000000e+00 0.000000000000000000e+00 4.353276706360230719e+01 0.000000000000000000e+00 0.000000000000000000e+00 0.000000000000000000e+00 4.353276706360230719e+01
4.355841572245140014e+01 -0.000000000000000000e+00 0.000000000000000000e+00 0.000000000000000000e+00 4.355841572245140014e+01 0.000000000000000000e+00 0.000000000000000000e+00 0.000000000000000000e+00 4.355841572245140014e+01
4.349838832888556794e+01 -0.000000000000000000e+00 0.000000000000000000e+00 0.000000000000000000e+00 4.349838832888556794e+01 0.000000000000000000e+00 0.000000000000000000e+00 0.000000000000000000e+00 4.349838832888556794e+01
4.352306614065467727e+01 -0.000000000000000000e+00 0.000000000000000000e+00 0.000000000000000000e+00 4.352306614065467727e+01 0.000000000000000000e+00 0.000000000000000000e+00 0.000000000000000000e+00 4.352306614065467727e+01
4.349547264038899641e+01 -0.000000000000000000e+00 0.000000000000000000e+00 0.000000000000000000e+00 4.349547264038899641e+01 0.000000000000000000e+00 0.000000000000000000e+00 0.000000000000000000e+00 4.349547264038899641e+01
4.351014758293791829e+01 -0.000000000000000000e+00 0.000000000000000000e+00 0.000000000000000000e+00 4.351014758293791829e+01 0.000000000000000000e+00 0.000000000000000000e+00 0.000000000000000000e+00 4.351014758293791829e+01
4.350995404243639086e+01 -0.000000000000000000e+00 0.000000000000000000e+00 0.000000000000000000e+00 4.350995404243639086e+01 0.000000000000000000e+00 0.000000000000000000e+00 0.000000000000000000e+00 4.350995404243639086e+01
4.355284866593348170e+01 -0.000000000000000000e+00 0.000000000000000000e+00 0.000000000000000000e+00 4.355284866593348170e+01 0.000000000000000000e+00 0.000000000000000000e+00 0.000000000000000000e+00 4.355284866593348170e+01
4.345625338954918959e+01 -0.000000000000000000e+00 0.000000000000000000e+00 0.000000000000000000e+00 4.345625338954918959e+01 0.000000000000000000e+00 0.000000000000000000e+00 0.000000000000000000e+00 4.345625338954918959e+01
4.350280479722823657e+01 -0.000000000000000000e+00 0.000000000000000000e+00 0.000000000000000000e+00 4.350280479722823657e+01 0.000000000000000000e+00 0.000000000000000000e+00 0.000000000000000000e+00 4.350280479722823657e+01
4.344020643565426809e+01 -0.000000000000000000e+00 0.000000000000000000e+00 0.000000000000000000e+00 4.344020643565426809e+01 0.000000000000000000e+00 0.000000000000000000e+00 0.000000000000000000e+00 4.344020643565426809e+01
4.352809908768910674e+01 -0.000000000000000000e+00 0.000000000000000000e+00 0.000000000000000000e+00 4.352809908768910674e+01 0.000000000000000000e+00 0.000000000000000000e+00 0.000000000000000000e+00 4.352809908768910674e+01
4.347235552268288927e+01 -0.000000000000000000e+00 0.000000000000000000e+00 0.000000000000000000e+00 4.347235552268288927e+01 0.000000000000000000e+00 0.000000000000000000e+00 0.000000000000000000e+00 4.347235552268288927e+01
4.352080026080859909e+01 -0.000000000000000000e+00 0.000000000000000000e+00 0.000000000000000000e+00 4.352080026080859909e+01 0.000000000000000000e+00 0.000000000000000000e+00 0.000000000000000000e+00 4.352080026080859909e+01
4.345742408150688618e+01 -0.000000000000000000e+00 0.000000000000000000e+00 0.000000000000000000e+00 4.345742408150688618e+01 0.000000000000000000e+00 0.000000000000000000e+00 0.000000000000000000e+00 4.345742408150688618e+01
4.342741768441369032e+01 -0.000000000000000000e+00 0.000000000000000000e+00 0.000000000000000000e+00 4.342741768441369032e+01 0.000000000000000000e+00 0.000000000000000000e+00 0.000000000000000000e+00 4.342741768441369032e+01
4.352700345670233872e+01 -0.000000000000000000e+00 0.000000000000000000e+00 0.000000000000000000e+00 4.352700345670233872e+01 0.000000000000000000e+00 0.000000000000000000e+00 0.000000000000000000e+00 4.352700345670233872e+01
4.345360277294217610e+01 -0.000000000000000000e+00 0.000000000000000000e+00 0.000000000000000000e+00 4.345360277294217610e+01 0.000000000000000000e+00 0.000000000000000000e+00 0.000000000000000000e+00 4.345360277294217610e+01
4.347478399096556245e+01 -0.000000000000000000e+00 0.000000000000000000e+00 0.000000000000000000e+00 4.347478399096556245e+01 0.000000000000000000e+00 0.000000000000000000e+00 0.000000000000000000e+00 4.347478399096556245e+01
4.347206267119881318e+01 -0.000000000000000000e+00 0.000000000000000000e+00 0.000000000000000000e+00 4.347206267119881318e+01 0.000000000000000000e+00 0.000000000000000000e+00 0.000000000000000000e+00 4.347206267119881318e+01
