4.379014489091136397e+01 -0.000000000000000000e+00 0.000000000000000000e+00 0.000000000000000000e+00 4.379014489091136397e+01 0.000000000000000000e+00 0.000000000000000000e+00 0.000000000000000000e+00 4.379014489091136397e+01
4.366825235818360795e+01 -0.000000000000000000e+00 0.000000000000000000e+00 0.000000000000000000e+00 4.366825235818360795e+01 0.000000000000000000e+00 0.000000000000000000e+00 0.000000000000000000e+00 4.366825235818360795e+01
4.370184995546881623e+01 -0.000000000000000000e+00 0.000000000000000000e+00 0.000000000000000000e+00 4.370184995546881623e+01 0.000000000000000000e+00 0.000000000000000000e+00 0.000000000000000000e+00 4.370184995546881623e+01
4.381077571675490390e+01 -0.000000000000000000e+00 0.000000000000000000e+00 0.000000000000000000e+00 4.381077571675490390e+01 0.000000000000000000e+00 0.000000000000000000e+00 0.000000000000000000e+00 4.381077571675490390e+01
4.371534896844011087e+01 -0.000000000000000000e+00 0.000000000000000000e+00 0.000000000000000000e+00 4.371534896844011087e+01 0.000000000000000000e+00 0.000000000000000000e+00 0.000000000000000000e+00 4.371534896844011087e+01
4.371987928016859826e+01 -0.000000000000000000e+00 0.000000000000000000e+00 0.000000000000000000e+00 4.371987928016859826e+01 0.000000000000000000e+00 0.000000000000000000e+00 0.000000000000000000e+00 4.371987928016859826e+01
4.367209879567513298e+01 -0.000000000000000000e+00 0.000000000000000000e+00 0.000000000000000000e+00 4.367209879567513298e+01 0.000000000000000000e+00 0.000000000000000000e+00 0.000000000000000000e+00 4.367209879567513298e+01
4.375716733692500071e+01 -0.000000000000000000e+00 0.000000000000000000e+00 0.000000000000000000e+00 4.375716733692500071e+01 0.000000000000000000e+00 0.000000000000000000e+00 0.000000000000000000e+00 4.375716733692500071e+01
4.368813173331309230e+01 -0.000000000000000000e+00 0.000000000000000000e+00 0.000000000000000000e+00 4.368813173331309230e+01 0.000000000000000000e+00 0.000000000000000000e+00 0.000000000000000000e+00 4.368813173331309230e+01
4.373827172783636286e+01 -0.000000000000000000e+00 0.000000000000000000e+00 0.000000000000000000e+00 4.373827172783636286e+01 0.000000000000000000e+00 0.000000000000000000e+00 0.000000000000000000e+00 4.373827172783636286e+01
4.372481589773281030e+01 -0.000000000000000000e+00 0.000000000000000000e+00 0.000000000000000000e+00 4.372481589773281030e+01 0.000000000000000000e+00 0.000000000000000000e+00 0.000000000000000000e+00 4.372481589773281030e+01
4.370872348029254795e+01 -0.000000000000000000e+00 0.000000000000000000e+00 0.000000000000000000e+00 4.370872348029254795e+01 0.000000000000000000e+00 0.000000000000000000e+00 0.000000000000000000e+00 4.370872348029254795e+01
4.374843875275419691e+01 -0.000000000000000000e+00 0.000000000000000000e+00 0.000000000000000000e+00 4.374843875275419691e+01 0.000000000000000000e+00 0.000000000000000000e+00 0.000000000000000000e+00 4.374843875275419691e+01
4.376018201780370731e+01 -0.000000000000000000e+00 0.000000000000000000e+00 0.000000000000000000e+00 4.376018201780370731e+01 0.000000000000000000e+00 0.000000000000000000e+00 0.000000000000000000e+00 4.376018201780370731e+01
4.369859094347854267e+01 -0.000000000000000000e+00 0.000000000000000000e+00 0.000000000000000000e+00 4.369859094347854267e+01 0.000000000000000000e+00 0.000000000000000000e+00 0.000000000000000000e+00 4.369859094347854267e+01
4.366346595844467515e+01 -0.000000000000000000e+00 0.000000000000000000e+00 0.000000000000000000e+00 4.366346595844467515e+01 0.000000000000000000e+00 0.000000000000000000e+00 0.000000000000000000e+00 4.366346595844467515e+01
4.373730148238536941e+01 -0.000000000000000000e+00 0.000000000000000000e+00 0.000000000000000000e+00 4.373730148238536941e+01 0.000000000000000000e+00 0.000000000000000000e+00 0.000000000000000000e+00 4.373730148238536941e+01
4.369317137405506912e+01 -0.000000000000000000e+00 0.000000000000000000e+00 0.000000000000000000e+00 4.369317137405506912e+01 0.000000000000000000e+00 0.000000000000000000e+00 0.000000000000000000e+00 4.369317137405506912e+01
4.373890547421898134e+01 -0.000000000000000000e+00 0.000000000000000000e+00 0.000000000000000000e+00 4.373890547421898134e+01 0.000000000000000000e+00 0.000000000000000000e+00 0.000000000000000000e+00 4.373890547421898134e+01
4.374430169821620495e+01 -0.000000000000000000e+00 0.000000000000000000e+00 0.000000000000000000e+00 4.374430169821620495e+01 0.000000000000000000e+00 0.000000000000000000e+00 0.000000000000000000e+00 4.374430169821620495e+01
4.374720267387840522e+01 -0.000000000000000000e+00 0.000000000000000000e+00 0.000000000000000000e+00 4.374720267387840522e+01 0.000000000000000000e+00 0.000000000000000000e+00 0.000000000000000000e+00 4.374720267387840522e+01
4.366256944586528732e+01 -0.000000000000000000e+00 0.000000000000000000e+00 0.000000000000000000e+00 4.366256944586528732e+01 0.000000000000000000e+00 0.000000000000000000e+00 0.000000000000000000e+00 4.366256944586528732e+01
4.368735266342993384e+01 -0.000000000000000000e+00 0.000000000000000000e+00 0.000000000000000000e+00 4.368735266342993384e+01 0.000000000000000000e+00 0.000000000000000000e+00 0.000000000000000000e+00 4.368735266342993384e+01
4.369944731468191179e+01 -0.000000000000000000e+00 0.000000000000000000e+00 0.000000000000000000e+00 4.369944731468191179e+01 0.000000000000000000e+00 0.000000000000000000e+00 0.000000000000000000e+00 4.369944731468191179e+01
4.372580475851782467e+01 -0.000000000000000000e+00 0.000000000000000000e+00 0.000000000000000000e+00 4.372580475851782467e+01 0.000000000000000000e+00 0.000000000000000000e+00 0.000000000000000000e+00 4.372580475851782467e+01
4.373312526525364774e+01 -0.000000000000000000e+00 0.000000000000000000e+00 0.000000000000000000e+00 4.373312526525364774e+01 0.000000000000000000e+00 0.000000000000000000e+00 0.000000000000000000e+00 4.373312526525364774e+01
4.368308974105734421e+01 -0.000000000000000000e+00 0.000000000000000000e+00 0.000000000000000000e+00 4.368308974105734421e+01 0.000000000000000000e+00 0.000000000000000000e+00 0.000000000000000000e+00 4.368308974105734421e+01
4.365030140813015436e+01 -0.000000000000000000e+00 0.000000000000000000e+00 0.000000000000000000e+00 4.365030140813015436e+01 0.000000000000000000e+00 0.000000000000000000e+00 0.000000000000000000e+00 4.365030140813015436e+01
4.371125827678415021e+01 -0.000000000000000000e+00 0.000000000000000000e+00 0.000000000000000000e+00 4.371125827678415021e+01 0.000000000000000000e+00 0.000000000000000000e+00 0.000000000000000000e+00 4.371125827678415021e+01
4.370968534627498059e+01 -0.000000000000000000e+00 0.000000000000000000e+00 0.000000000000000000e+00 4.370968534627498059e+01 0.000000000000000000e+00 0.000000000000000000e+00 0.000000000000000000e+00 4.370968534627498059e+01
4.371076057278624205e+01 -0.000000000000000000e+00 0.000000000000000000e+00 0.000000000000000000e+00 4.371076057278624205e+01 0.000000000000000000e+00 0.000000000000000000e+00 0.000000000000000000e+00 4.371076057278624205e+01
4.365350655367993227e+01 -0.000000000000000000e+00 0.000000000000000000e+00 0.000000000000000000e+00 4.365350655367993227e+01 0.000000000000000000e+00 0.000000000000000000e+00 0.000000000000000000e+00 4.365350655367993227e+01
4.373040556574233051e+01 -0.000000000000000000e+00 0.000000000000000000e+00 0.000000000000000000e+00 4.373040556574233051e+01 0.000000000000000000e+00 0.000000000000000000e+00 0.000000000000000000e+00 4.373040556574233051e+01
4.370399280447094270e+01 -0.000000000000000000e+00 0.000000000000000000e+00 0.000000000000000000e+00 4.370399280447094270e+01 0.000000000000000000e+00 0.000000000000000000e+00 0.000000000000000000e+00 4.370399280447094270e+01
4.366360042824580034e+01 -0.000000000000000000e+00 0.000000000000000000e+00 0.000000000000000000e+00 4.366360042824580034e+01 0.000000000000000000e+00 0.000000000000000000e+00 0.000000000000000000e+00 4.366360042824580034e+01
4.373113483560018011e+01 -0.000000000000000000e+00 0.000000000000000000e+00 0.000000000000000000e+00 4.373113483560018011e+01 0.000000000000000000e+00 0.000000000000000000e+00 0.000000000000000000e+00 4.373113483560018011e+01
4.374533062600965394e+01 -0.000000000000000000e+00 0.000000000000000000e+00 0.000000000000000000e+00 4.374533062600965394e+01 0.000000000000000000e+00 0.000000000000000000e+00 0.000000000000000000e+00 4.374533062600965394e+01
4.374440576461103092e+01 -0.000000000000000000e+00 0.000000000000000000e+00 0.000000000000000000e+00 4.374440576461103092e+01 0.000000000000000000e+00 0.000000000000000000e+00 0.000000000000000000e+00 4.374440576461103092e+01
4.369957166102629742e+01 -0.000000000000000000e+00 0.000000000000000000e+00 0.000000000000000000e+00 4.369957166102629742e+01 0.000000000000000000e+00 0.000000000000000000e+00 0.000000000000000000e+00 4.369957166102629742e+01
4.373413324659382795e+01 -0.000000000000000000e+00 0.000000000000000000e+00 0.000000000000000000e+00 4.373413324659382795e+01 0.000000000000000000e+00 0.000000000000000000e+00 0.000000000000000000e+00 4.373413324659382795e+01
4.370960212840688541e+01 -0.000000000000000000e+00 0.000000000000000000e+00 0.000000000000000000e+00 4.370960212840688541e+01 0.000000000000000000e+00 0.000000000000000000e+00 0.000000000000000000e+00 4.370960212840688541e+01
4.366566656708970839e+01 -0.000000000000000000e+00 0.000000000000000000e+00 0.000000000000000000e+00 4.366566656708970839e+01 0.000000000000000000e+00 0.000000000000000000e+00 0.000000000000000000e+00 4.366566656708970839e+01
4.367952233943086071e+01 -0.000000000000000000e+00 0.000000000000000000e+00 0.000000000000000000e+00 4.367952233943086071e+01 0.000000000000000000e+00 0.000000000000000000e+00 0.000000000000000000e+00 4.367952233943086071e+01
4.370540744508045350e+01 -0.000000000000000000e+00 0.000000000000000000e+00 0.000000000000000000e+00 4.370540744508045350e+01 0.000000000000000000e+00 0.000000000000000000e+00 0.000000000000000000e+00 4.370540744508045350e+01
4.373127319824723713e+01 -0.000000000000000000e+00 0.000000000000000000e+00 0.000000000000000000e+00 4.373127319824723713e+01 0.000000000000000000e+00 0.000000000000000000e+00 0.000000000000000000e+00 4.373127319824723713e+01
4.370836551906171508e+01 -0.000000000000000000e+00 0.000000000000000000e+00 0.000000000000000000e+00 4.370836551906171508e+01 0.000000000000000000e+00 0.000000000000000000e+00 0.000000000000000000e+00 4.370836551906171508e+01
4.371011987424864742e+01 -0.000000000000000000e+00 0.000000000000000000e+00 0.000000000000000000e+00 4.371011987424864742e+01 0.000000000000000000e+00 0.000000000000000000e+00 0.000000000000000000e+00 4.371011987424864742e+01
4.372830168273089413e+01 -0.000000000000000000e+00 0.000000000000000000e+00 0.000000000000000000e+00 4.372830168273089413e+01 0.000000000000000000e+00 0.000000000000000000e+00 0.000000000000000000e+00 4.372830168273089413e+01
4.366194786347543300e+01 -0.000000000000000000e+00 0.000000000000000000e+00 0.000000000000000000e+00 4.366194786347543300e+01 0.000000000000000000e+00 0.000000000000000000e+00 0.000000000000000000e+00 4.366194786347543300e+01
4.364856355962028545e+01 -0.000000000000000000e+00 0.000000000000000000e+00 0.000000000000000000e+00 4.364856355962028545e+01 0.000000000000000000e+00 0.000000000000000000e+00 0.000000000000000000e+00 4.364856355962028545e+01
4.367654039472408556e+01 -0.000000000000000000e+00 0.000000000000000000e+00 0.000000000000000000e+00 4.367654039472408556e+01 0.000000000000000000e+00 0.000000000000000000e+00 0.000000000000000000e+00 4.367654039472408556e+01
