4.347206267119881318e+01 -0.000000000000000000e+00 0.000000000000000000e+00 0.000000000000000000e+00 4.347206267119881318e+01 0.000000000000000000e+00 0.000000000000000000e+00 0.000000000000000000e+00 4.347206267119881318e+01
4.341090707952473338e+01 -0.000000000000000000e+00 0.000000000000000000e+00 0.000000000000000000e+00 4.341090707952473338e+01 0.000000000000000000e+00 0.000000000000000000e+00 0.000000000000000000e+00 4.341090707952473338e+01
4.345056795582128473e+01 -0.000000000000000000e+00 0.000000000000000000e+00 0.000000000000000000e+00 4.345056795582128473e+01 0.000000000000000000e+00 0.000000000000000000e+00 0.000000000000000000e+00 4.345056795582128473e+01
4.347347777415554049e+01 -0.000000000000000000e+00 0.000000000000000000e+00 0.000000000000000000e+00 4.347347777415554049e+01 0.000000000000000000e+00 0.000000000000000000e+00 0.000000000000000000e+00 4.347347777415554049e+01
4.352010574750329397e+01 -0.000000000000000000e+00 0.000000000000000000e+00 0.000000000000000000e+00 4.352010574750329397e+01 0.000000000000000000e+00 0.000000000000000000e+00 0.000000000000000000e+00 4.352010574750329397e+01
4.350019140192179634e+01 -0.000000000000000000e+00 0.000000000000000000e+00 0.000000000000000000e+00 4.350019140192179634e+01 0.000000000000000000e+00 0.000000000000000000e+00 0.000000000000000000e+00 4.350019140192179634e+01
4.352449347861397655e+01 -0.000000000000000000e+00 0.000000000000000000e+00 0.000000000000000000e+00 4.352449347861397655e+01 0.000000000000000000e+00 0.000000000000000000e+00 0.000000000000000000e+00 4.352449347861397655e+01
4.344533703448425399e+01 -0.000000000000000000e+00 0.000000000000000000e+00 0.000000000000000000e+00 4.344533703448425399e+01 0.000000000000000000e+00 0.000000000000000000e+00 0.000000000000000000e+00 4.344533703448425399e+01
4.343018736597203144e+01 -0.000000000000000000e+00 0.000000000000000000e+00 0.000000000000000000e+00 4.343018736597203144e+01 0.000000000000000000e+00 0.000000000000000000e+00 0.000000000000000000e+00 4.343018736597203144e+01
4.345459949584578396e+01 -0.000000000000000000e+00 0.000000000000000000e+00 0.000000000000000000e+00 4.345459949584578396e+01 0.000000000000000000e+00 0.000000000000000000e+00 0.000000000000000000e+00 4.345459949584578396e+01
4.346588662717738316e+01 -0.000000000000000000e+00 0.000000000000000000e+00 0.000000000000000000e+00 4.346588662717738316e+01 0.000000000000000000e+00 0.000000000000000000e+00 0.000000000000000000e+00 4.346588662717738316e+01
4.340899943486755319e+01 -0.000000000000000000e+00 0.000000000000000000e+00 0.000000000000000000e+00 4.340899943486755319e+01 0.000000000000000000e+00 0.000000000000000000e+00 0.000000000000000000e+00 4.340899943486755319e+01
4.346875352484745036e+01 -0.000000000000000000e+00 0.000000000000000000e+00 0.000000000000000000e+00 4.346875352484745036e+01 0.000000000000000000e+00 0.000000000000000000e+00 0.000000000000000000e+00 4.346875352484745036e+01
4.347081082508715610e+01 -0.000000000000000000e+00 0.000000000000000000e+00 0.000000000000000000e+00 4.347081082508715610e+01 0.000000000000000000e+00 0.000000000000000000e+00 0.000000000000000000e+00 4.347081082508715610e+01
4.347950771226483369e+01 -0.000000000000000000e+00 0.000000000000000000e+00 0.000000000000000000e+00 4.347950771226483369e+01 0.000000000000000000e+00 0.000000000000000000e+00 0.000000000000000000e+00 4.347950771226483369e+01
4.345463927403231708e+01 -0.000000000000000000e+00 0.000000000000000000e+00 0.000000000000000000e+00 4.345463927403231708e+01 0.000000000000000000e+00 0.000000000000000000e+00 0.000000000000000000e+00 4.345463927403231708e+01
4.354187784262444438e+01 -0.000000000000000000e+00 0.000000000000000000e+00 0.000000000000000000e+00 4.354187784262444438e+01 0.000000000000000000e+00 0.000000000000000000e+00 0.000000000000000000e+00 4.354187784262444438e+01
4.351289840454931834e+01 -0.000000000000000000e+00 0.000000000000000000e+00 0.000000000000000000e+00 4.351289840454931834e+01 0.000000000000000000e+00 0.000000000000000000e+00 0.000000000000000000e+00 4.351289840454931834e+01
4.348913178122521117e+01 -0.000000000000000000e+00 0.000000000000000000e+00 0.000000000000000000e+00 4.348913178122521117e+01 0.000000000000000000e+00 0.000000000000000000e+00 0.000000000000000000e+00 4.348913178122521117e+01
4.344494673144627939e+01 -0.000000000000000000e+00 0.000000000000000000e+00 0.000000000000000000e+00 4.344494673144627939e+01 0.000000000000000000e+00 0.000000000000000000e+00 0.000000000000000000e+00 4.344494673144627939e+01
4.344116161175030300e+01 -0.000000000000000000e+00 0.000000000000000000e+00 0.000000000000000000e+00 4.344116161175030300e+01 0.000000000000000000e+00 0.000000000000000000e+00 0.000000000000000000e+00 4.344116161175030300e+01
4.347092507539777273e+01 -0.000000000000000000e+00 0.000000000000000000e+00 0.000000000000000000e+00 4.347092507539777273e+01 0.000000000000000000e+00 0.000000000000000000e+00 0.000000000000000000e+00 4.347092507539777273e+01
4.344351021350841791e+01 -0.000000000000000000e+00 0.000000000000000000e+00 0.000000000000000000e+00 4.344351021350841791e+01 0.000000000000000000e+00 0.000000000000000000e+00 0.000000000000000000e+00 4.344351021350841791e+01
4.350696596350417167e+01 -0.000000000000000000e+00 0.000000000000000000e+00 0.000000000000000000e+00 4.350696596350417167e+01 0.000000000000000000e+00 0.000000000000000000e+00 0.000000000000000000e+00 4.350696596350417167e+01
4.352106162301058134e+01 -0.000000000000000000e+00 0.000000000000000000e+00 0.000000000000000000e+00 4.352106162301058134e+01 0.000000000000000000e+00 0.000000000000000000e+00 0.000000000000000000e+00 4.352106162301058134e+01
4.346554023888471363e+01 -0.000000000000000000e+00 0.000000000000000000e+00 0.000000000000000000e+00 4.346554023888471363e+01 0.000000000000000000e+00 0.000000000000000000e+00 0.000000000000000000e+00 4.346554023888471363e+01
4.349667032918269172e+01 -0.000000000000000000e+00 0.000000000000000000e+00 0.000000000000000000e+00 4.349667032918269172e+01 0.000000000000000000e+00 0.000000000000000000e+00 0.000000000000000000e+00 4.349667032918269172e+01
4.347934423488161571e+01 -0.000000000000000000e+00 0.000000000000000000e+00 0.000000000000000000e+00 4.347934423488161571e+01 0.000000000000000000e+00 0.000000000000000000e+00 0.000000000000000000e+00 4.347934423488161571e+01
4.349284520561753453e+01 -0.000000000000000000e+00 0.000000000000000000e+00 0.000000000000000000e+00 4.349284520561753453e+01 0.000000000000000000e+00 0.000000000000000000e+00 0.000000000000000000e+00 4.349284520561753453e+01
4.345597437952982034e+01 -0.000000000000000000e+00 0.000000000000000000e+00 0.000000000000000000e+00 4.345597437952982034e+01 0.000000000000000000e+00 0.000000000000000000e+00 0.000000000000000000e+00 4.345597437952982034e+01
4.347037559123869244e+01 -0.000000000000000000e+00 0.000000000000000000e+00 0.000000000000000000e+00 4.347037559123869244e+01 0.000000000000000000e+00 0.000000000000000000e+00 0.000000000000000000e+00 4.347037559123869244e+01
4.347698183969487928e+01 -0.000000000000000000e+00 0.000000000000000000e+00 0.000000000000000000e+00 4.347698183969487928e+01 0.000000000000000000e+00 0.000000000000000000e+00 0.000000000000000000e+00 4.347698183969487928e+01
4.346229242985450725e+01 -0.000000000000000000e+00 0.000000000000000000e+00 0.000000000000000000e+00 4.346229242985450725e+01 0.000000000000000000e+00 0.000000000000000000e+00 0.000000000000000000e+00 4.346229242985450725e+01
4.352847235792027902e+01 -0.000000000000000000e+00 0.000000000000000000e+00 0.000000000000000000e+00 4.352847235792027902e+01 0.000000000000000000e+00 0.000000000000000000e+00 0.000000000000000000e+00 4.352847235792027902e+01
4.349279353472108767e+01 -0.000000000000000000e+00 0.000000000000000000e+00 0.000000000000000000e+00 4.349279353472108767e+01 0.000000000000000000e+00 0.000000000000000000e+00 0.000000000000000000e+00 4.349279353472108767e+01
4.344761772629244945e+01 -0.000000000000000000e+00 0.000000000000000000e+00 0.000000000000000000e+00 4.344761772629244945e+01 0.000000000000000000e+00 0.000000000000000000e+00 0.000000000000000000e+00 4.344761772629244945e+01
4.349644734109996591e+01 -0.000000000000000000e+00 0.000000000000000000e+00 0.000000000000000000e+00 4.349644734109996591e+01 0.000000000000000000e+00 0.000000000000000000e+00 0.000000000000000000e+00 4.349644734109996591e+01
4.350982287202451460e+01 -0.000000000000000000e+00 0.000000000000000000e+00 0.000000000000000000e+00 4.350982287202451460e+01 0.000000000000000000e+00 0.000000000000000000e+00 0.000000000000000000e+00 4.350982287202451460e+01
4.351710436981396413e+01 -0.000000000000000000e+00 0.000000000000000000e+00 0.000000000000000000e+00 4.351710436981396413e+01 0.000000000000000000e+00 0.000000000000000000e+00 0.000000000000000000e+00 4.351710436981396413e+01
4.349534807927658164e+01 -0.000000000000000000e+00 0.000000000000000000e+00 0.000000000000000000e+00 4.349534807927658164e+01 0.000000000000000000e+00 0.000000000000000000e+00 0.000000000000000000e+00 4.349534807927658164e+01
4.347626278717675063e+01 -0.000000000000000000e+00 0.000000000000000000e+00 0.000000000000000000e+00 4.347626278717675063e+01 0.000000000000000000e+00 0.000000000000000000e+00 0.000000000000000000e+00 4.347626278717675063e+01
4.345203437178449235e+01 -0.000000000000000000e+00 0.000000000000000000e+00 0.000000000000000000e+00 4.345203437178449235e+01 0.000000000000000000e+00 0.000000000000000000e+00 0.000000000000000000e+00 4.345203437178449235e+01
4.350866147370645365e+01 -0.000000000000000000e+00 0.000000000000000000e+00 0.000000000000000000e+00 4.350866147370645365e+01 0.000000000000000000e+00 0.000000000000000000e+00 0.000000000000000000e+00 4.350866147370645365e+01
4.344579195869620492e+01 -0.000000000000000000e+00 0.000000000000000000e+00 0.000000000000000000e+00 4.344579195869620492e+01 0.000000000000000000e+00 0.000000000000000000e+00 0.000000000000000000e+00 4.344579195869620492e+01
4.345246607041388387e+01 -0.000000000000000000e+00 0.000000000000000000e+00 0.000000000000000000e+00 4.345246607041388387e+01 0.000000000000000000e+00 0.000000000000000000e+00 0.000000000000000000e+00 4.345246607041388387e+01
4.347100388401076998e+01 -0.000000000000000000e+00 0.000000000000000000e+00 0.000000000000000000e+00 4.347100388401076998e+01 0.000000000000000000e+00 0.000000000000000000e+00 0.000000000000000000e+00 4.347100388401076998e+01
4.351374744860931543e+01 -0.000000000000000000e+00 0.000000000000000000e+00 0.000000000000000000e+00 4.351374744860931543e+01 0.000000000000000000e+00 0.000000000000000000e+00 0.000000000000000000e+00 4.351374744860931543e+01
4.347132490336912269e+01 -0.000000000000000000e+00 0.000000000000000000e+00 0.000000000000000000e+00 4.347132490336912269e+01 0.000000000000000000e+00 0.000000000000000000e+00 0.000000000000000000e+00 4.347132490336912269e+01
4.348024007039255423e+01 -0.000000000000000000e+00 0.000000000000000000e+00 0.000000000000000000e+00 4.348024007039255423e+01 0.000000000000000000e+00 0.000000000000000000e+00 0.000000000000000000e+00 4.348024007039255423e+01
4.345569205923489164e+01 -0.000000000000000000e+00 0.000000000000000000e+00 0.000000000000000000e+00 4.345569205923489164e+01 0.000000000000000000e+00 0.000000000000000000e+00 0.000000000000000000e+00 4.345569205923489164e+01
4.352706607684101670e+01 -0.000000000000000000e+00 0.000000000000000000e+00 0.000000000000000000e+00 4.352706607684101670e+01 0.000000000000000000e+00 0.000000000000000000e+00 0.000000000000000000e+00 4.352706607684101670e+01
