4.340522771741219543e+01 -0.000000000000000000e+00 0.000000000000000000e+00 0.000000000000000000e+00 4.340522771741219543e+01 0.000000000000000000e+00 0.000000000000000000e+00 0.000000000000000000e+00 4.340522771741219543e+01
4.339722793411692692e+01 -0.000000000000000000e+00 0.000000000000000000e+00 0.000000000000000000e+00 4.339722793411692692e+01 0.000000000000000000e+00 0.000000000000000000e+00 0.000000000000000000e+00 4.339722793411692692e+01
4.341256596279845326e+01 -0.000000000000000000e+00 0.000000000000000000e+00 0.000000000000000000e+00 4.341256596279845326e+01 0.000000000000000000e+00 0.000000000000000000e+00 0.000000000000000000e+00 4.341256596279845326e+01
4.338106580079733021e+01 -0.000000000000000000e+00 0.000000000000000000e+00 0.000000000000000000e+00 4.338106580079733021e+01 0.000000000000000000e+00 0.000000000000000000e+00 0.000000000000000000e+00 4.338106580079733021e+01
4.340477353137345773e+01 -0.000000000000000000e+00 0.000000000000000000e+00 0.000000000000000000e+00 4.340477353137345773e+01 0.000000000000000000e+00 0.000000000000000000e+00 0.000000000000000000e+00 4.340477353137345773e+01
4.342197489914597952e+01 -0.000000000000000000e+00 0.000000000000000000e+00 0.000000000000000000e+00 4.342197489914597952e+01 0.000000000000000000e+00 0.000000000000000000e+00 0.000000000000000000e+00 4.342197489914597952e+01
4.334209033789818477e+01 -0.000000000000000000e+00 0.000000000000000000e+00 0.000000000000000000e+00 4.334209033789818477e+01 0.000000000000000000e+00 0.000000000000000000e+00 0.000000000000000000e+00 4.334209033789818477e+01
4.332197987628400426e+01 -0.000000000000000000e+00 0.000000000000000000e+00 0.000000000000000000e+00 4.332197987628400426e+01 0.000000000000000000e+00 0.000000000000000000e+00 0.000000000000000000e+00 4.332197987628400426e+01
4.340541996104578004e+01 -0.000000000000000000e+00 0.000000000000000000e+00 0.000000000000000000e+00 4.340541996104578004e+01 0.000000000000000000e+00 0.000000000000000000e+00 0.000000000000000000e+00 4.340541996104578004e+01
4.340510854184239520e+01 -0.000000000000000000e+00 0.000000000000000000e+00 0.000000000000000000e+00 4.340510854184239520e+01 0.000000000000000000e+00 0.000000000000000000e+00 0.000000000000000000e+00 4.340510854184239520e+01
4.336517649602019020e+01 -0.000000000000000000e+00 0.000000000000000000e+00 0.000000000000000000e+00 4.336517649602019020e+01 0.000000000000000000e+00 0.000000000000000000e+00 0.000000000000000000e+00 4.336517649602019020e+01
4.334951932314825740e+01 -0.000000000000000000e+00 0.000000000000000000e+00 0.000000000000000000e+00 4.334951932314825740e+01 0.000000000000000000e+00 0.000000000000000000e+00 0.000000000000000000e+00 4.334951932314825740e+01
4.338091671289233631e+01 -0.000000000000000000e+00 0.000000000000000000e+00 0.000000000000000000e+00 4.338091671289233631e+01 0.000000000000000000e+00 0.000000000000000000e+00 0.000000000000000000e+00 4.338091671289233631e+01
4.341662661379898225e+01 -0.000000000000000000e+00 0.000000000000000000e+00 0.000000000000000000e+00 4.341662661379898225e+01 0.000000000000000000e+00 0.000000000000000000e+00 0.000000000000000000e+00 4.341662661379898225e+01
4.339846414501199234e+01 -0.000000000000000000e+00 0.000000000000000000e+00 0.000000000000000000e+00 4.339846414501199234e+01 0.000000000000000000e+00 0.000000000000000000e+00 0.000000000000000000e+00 4.339846414501199234e+01
4.338332379862149679e+01 -0.000000000000000000e+00 0.000000000000000000e+00 0.000000000000000000e+00 4.338332379862149679e+01 0.000000000000000000e+00 0.000000000000000000e+00 0.000000000000000000e+00 4.338332379862149679e+01
4.341556576612168783e+01 -0.000000000000000000e+00 0.000000000000000000e+00 0.000000000000000000e+00 4.341556576612168783e+01 0.000000000000000000e+00 0.000000000000000000e+00 0.000000000000000000e+00 4.341556576612168783e+01
4.339172773440667186e+01 -0.000000000000000000e+00 0.000000000000000000e+00 0.000000000000000000e+00 4.339172773440667186e+01 0.000000000000000000e+00 0.000000000000000000e+00 0.000000000000000000e+00 4.339172773440667186e+01
4.343780392975750004e+01 -0.000000000000000000e+00 0.000000000000000000e+00 0.000000000000000000e+00 4.343780392975750004e+01 0.000000000000000000e+00 0.000000000000000000e+00 0.000000000000000000e+00 4.343780392975750004e+01
4.337361155868148899e+01 -0.000000000000000000e+00 0.000000000000000000e+00 0.000000000000000000e+00 4.337361155868148899e+01 0.000000000000000000e+00 0.000000000000000000e+00 0.000000000000000000e+00 4.337361155868148899e+01
4.339582625490226064e+01 -0.000000000000000000e+00 0.000000000000000000e+00 0.000000000000000000e+00 4.339582625490226064e+01 0.000000000000000000e+00 0.000000000000000000e+00 0.000000000000000000e+00 4.339582625490226064e+01
4.339257636374115634e+01 -0.000000000000000000e+00 0.000000000000000000e+00 0.000000000000000000e+00 4.339257636374115634e+01 0.000000000000000000e+00 0.000000000000000000e+00 0.000000000000000000e+00 4.339257636374115634e+01
4.345596193360306358e+01 -0.000000000000000000e+00 0.000000000000000000e+00 0.000000000000000000e+00 4.345596193360306358e+01 0.000000000000000000e+00 0.000000000000000000e+00 0.000000000000000000e+00 4.345596193360306358e+01
4.334132603058608879e+01 -0.000000000000000000e+00 0.000000000000000000e+00 0.000000000000000000e+00 4.334132603058608879e+01 0.000000000000000000e+00 0.000000000000000000e+00 0.000000000000000000e+00 4.334132603058608879e+01
4.343800121112876411e+01 -0.000000000000000000e+00 0.000000000000000000e+00 0.000000000000000000e+00 4.343800121112876411e+01 0.000000000000000000e+00 0.000000000000000000e+00 0.000000000000000000e+00 4.343800121112876411e+01
4.340581620950588615e+01 -0.000000000000000000e+00 0.000000000000000000e+00 0.000000000000000000e+00 4.340581620950588615e+01 0.000000000000000000e+00 0.000000000000000000e+00 0.000000000000000000e+00 4.340581620950588615e+01
4.339574852383746872e+01 -0.000000000000000000e+00 0.000000000000000000e+00 0.000000000000000000e+00 4.339574852383746872e+01 0.000000000000000000e+00 0.000000000000000000e+00 0.000000000000000000e+00 4.339574852383746872e+01
4.340063143493421194e+01 -0.000000000000000000e+00 0.000000000000000000e+00 0.000000000000000000e+00 4.340063143493421194e+01 0.000000000000000000e+00 0.000000000000000000e+00 0.000000000000000000e+00 4.340063143493421194e+01
4.337571723639727850e+01 -0.000000000000000000e+00 0.000000000000000000e+00 0.000000000000000000e+00 4.337571723639727850e+01 0.000000000000000000e+00 0.000000000000000000e+00 0.000000000000000000e+00 4.337571723639727850e+01
4.337584376038756773e+01 -0.000000000000000000e+00 0.000000000000000000e+00 0.000000000000000000e+00 4.337584376038756773e+01 0.000000000000000000e+00 0.000000000000000000e+00 0.000000000000000000e+00 4.337584376038756773e+01
4.342716752497138089e+01 -0.000000000000000000e+00 0.000000000000000000e+00 0.000000000000000000e+00 4.342716752497138089e+01 0.000000000000000000e+00 0.000000000000000000e+00 0.000000000000000000e+00 4.342716752497138089e+01
4.342393905680746968e+01 -0.000000000000000000e+00 0.000000000000000000e+00 0.000000000000000000e+00 4.342393905680746968e+01 0.000000000000000000e+00 0.000000000000000000e+00 0.000000000000000000e+00 4.342393905680746968e+01
4.345316292238488387e+01 -0.000000000000000000e+00 0.000000000000000000e+00 0.000000000000000000e+00 4.345316292238488387e+01 0.000000000000000000e+00 0.000000000000000000e+00 0.000000000000000000e+00 4.345316292238488387e+01
4.336512736184008077e+01 -0.000000000000000000e+00 0.000000000000000000e+00 0.000000000000000000e+00 4.336512736184008077e+01 0.000000000000000000e+00 0.000000000000000000e+00 0.000000000000000000e+00 4.336512736184008077e+01
4.340880662765000864e+01 -0.000000000000000000e+00 0.000000000000000000e+00 0.000000000000000000e+00 4.340880662765000864e+01 0.000000000000000000e+00 0.000000000000000000e+00 0.000000000000000000e+00 4.340880662765000864e+01
4.336413283963707954e+01 -0.000000000000000000e+00 0.000000000000000000e+00 0.000000000000000000e+00 4.336413283963707954e+01 0.000000000000000000e+00 0.000000000000000000e+00 0.000000000000000000e+00 4.336413283963707954e+01
4.337375237084354751e+01 -0.000000000000000000e+00 0.000000000000000000e+00 0.000000000000000000e+00 4.337375237084354751e+01 0.000000000000000000e+00 0.000000000000000000e+00 0.000000000000000000e+00 4.337375237084354751e+01
4.336652817003135851e+01 -0.000000000000000000e+00 0.000000000000000000e+00 0.000000000000000000e+00 4.336652817003135851e+01 0.000000000000000000e+00 0.000000000000000000e+00 0.000000000000000000e+00 4.336652817003135851e+01
4.341248074233651977e+01 -0.000000000000000000e+00 0.000000000000000000e+00 0.000000000000000000e+00 4.341248074233651977e+01 0.000000000000000000e+00 0.000000000000000000e+00 0.000000000000000000e+00 4.341248074233651977e+01
4.342573110102506462e+01 -0.000000000000000000e+00 0.000000000000000000e+00 0.000000000000000000e+00 4.342573110102506462e+01 0.000000000000000000e+00 0.000000000000000000e+00 0.000000000000000000e+00 4.342573110102506462e+01
4.336928639524448670e+01 -0.000000000000000000e+00 0.000000000000000000e+00 0.000000000000000000e+00 4.336928639524448670e+01 0.000000000000000000e+00 0.000000000000000000e+00 0.000000000000000000e+00 4.336928639524448670e+01
4.345474940680657028e+01 -0.000000000000000000e+00 0.000000000000000000e+00 0.000000000000000000e+00 4.345474940680657028e+01 0.000000000000000000e+00 0.000000000000000000e+00 0.000000000000000000e+00 4.345474940680657028e+01
4.339625648283788450e+01 -0.000000000000000000e+00 0.000000000000000000e+00 0.000000000000000000e+00 4.339625648283788450e+01 0.000000000000000000e+00 0.000000000000000000e+00 0.000000000000000000e+00 4.339625648283788450e+01
4.334815282553623206e+01 -0.000000000000000000e+00 0.000000000000000000e+00 0.000000000000000000e+00 4.334815282553623206e+01 0.000000000000000000e+00 0.000000000000000000e+00 0.000000000000000000e+00 4.334815282553623206e+01
4.336227663423149181e+01 -0.000000000000000000e+00 0.000000000000000000e+00 0.000000000000000000e+00 4.336227663423149181e+01 0.000000000000000000e+00 0.000000000000000000e+00 0.000000000000000000e+00 4.336227663423149181e+01
4.340993827683743689e+01 -0.000000000000000000e+00 0.000000000000000000e+00 0.000000000000000000e+00 4.340993827683743689e+01 0.000000000000000000e+00 0.000000000000000000e+00 0.000000000000000000e+00 4.340993827683743689e+01
4.347061837418314667e+01 -0.000000000000000000e+00 0.000000000000000000e+00 0.000000000000000000e+00 4.347061837418314667e+01 0.000000000000000000e+00 0.000000000000000000e+00 0.000000000000000000e+00 4.347061837418314667e+01
4.338275886171765450e+01 -0.000000000000000000e+00 0.000000000000000000e+00 0.000000000000000000e+00 4.338275886171765450e+01 0.000000000000000000e+00 0.000000000000000000e+00 0.000000000000000000e+00 4.338275886171765450e+01
4.337843548533377458e+01 -0.000000000000000000e+00 0.000000000000000000e+00 0.000000000000000000e+00 4.337843548533377458e+01 0.000000000000000000e+00 0.000000000000000000e+00 0.000000000000000000e+00 4.337843548533377458e+01
4.338024229584470959e+01 -0.000000000000000000e+00 0.000000000000000000e+00 0.000000000000000000e+00 4.338024229584470959e+01 0.000000000000000000e+00 0.000000000000000000e+00 0.000000000000000000e+00 4.338024229584470959e+01
4.339893208981618500e+01 -0.000000000000000000e+00 0.000000000000000000e+00 0.000000000000000000e+00 4.339893208981618500e+01 0.000000000000000000e+00 0.000000000000000000e+00 0.000000000000000000e+00 4.339893208981618500e+01
