4.363842341060153274e+01 -0.000000000000000000e+00 0.000000000000000000e+00 0.000000000000000000e+00 4.363842341060153274e+01 0.000000000000000000e+00 0.000000000000000000e+00 0.000000000000000000e+00 4.363842341060153274e+01
4.358676993774608377e+01 -0.000000000000000000e+00 0.000000000000000000e+00 0.000000000000000000e+00 4.358676993774608377e+01 0.000000000000000000e+00 0.000000000000000000e+00 0.000000000000000000e+00 4.358676993774608377e+01
4.361866749395244369e+01 -0.000000000000000000e+00 0.000000000000000000e+00 0.000000000000000000e+00 4.361866749395244369e+01 0.000000000000000000e+00 0.000000000000000000e+00 0.000000000000000000e+00 4.361866749395244369e+01
4.359668345170251058e+01 -0.000000000000000000e+00 0.000000000000000000e+00 0.000000000000000000e+00 4.359668345170251058e+01 0.000000000000000000e+00 0.000000000000000000e+00 0.000000000000000000e+00 4.359668345170251058e+01
4.367091065511345249e+01 -0.000000000000000000e+00 0.000000000000000000e+00 0.000000000000000000e+00 4.367091065511345249e+01 0.000000000000000000e+00 0.000000000000000000e+00 0.000000000000000000e+00 4.367091065511345249e+01
4.365477776981113323e+01 -0.000000000000000000e+00 0.000000000000000000e+00 0.000000000000000000e+00 4.365477776981113323e+01 0.000000000000000000e+00 0.000000000000000000e+00 0.000000000000000000e+00 4.365477776981113323e+01
4.365494446433966402e+01 -0.000000000000000000e+00 0.000000000000000000e+00 0.000000000000000000e+00 4.365494446433966402e+01 0.000000000000000000e+00 0.000000000000000000e+00 0.000000000000000000e+00 4.365494446433966402e+01
4.358173971458874973e+01 -0.000000000000000000e+00 0.000000000000000000e+00 0.000000000000000000e+00 4.358173971458874973e+01 0.000000000000000000e+00 0.000000000000000000e+00 0.000000000000000000e+00 4.358173971458874973e+01
4.368111274714249959e+01 -0.000000000000000000e+00 0.000000000000000000e+00 0.000000000000000000e+00 4.368111274714249959e+01 0.000000000000000000e+00 0.000000000000000000e+00 0.000000000000000000e+00 4.368111274714249959e+01
4.362014047645297410e+01 -0.000000000000000000e+00 0.000000000000000000e+00 0.000000000000000000e+00 4.362014047645297410e+01 0.000000000000000000e+00 0.000000000000000000e+00 0.000000000000000000e+00 4.362014047645297410e+01
4.356806447735769439e+01 -0.000000000000000000e+00 0.000000000000000000e+00 0.000000000000000000e+00 4.356806447735769439e+01 0.000000000000000000e+00 0.000000000000000000e+00 0.000000000000000000e+00 4.356806447735769439e+01
4.359061167824758343e+01 -0.000000000000000000e+00 0.000000000000000000e+00 0.000000000000000000e+00 4.359061167824758343e+01 0.000000000000000000e+00 0.000000000000000000e+00 0.000000000000000000e+00 4.359061167824758343e+01
4.361114325058591135e+01 -0.000000000000000000e+00 0.000000000000000000e+00 0.000000000000000000e+00 4.361114325058591135e+01 0.000000000000000000e+00 0.000000000000000000e+00 0.000000000000000000e+00 4.361114325058591135e+01
4.358726667016728129e+01 -0.000000000000000000e+00 0.000000000000000000e+00 0.000000000000000000e+00 4.358726667016728129e+01 0.000000000000000000e+00 0.000000000000000000e+00 0.000000000000000000e+00 4.358726667016728129e+01
4.361525821735050101e+01 -0.000000000000000000e+00 0.000000000000000000e+00 0.000000000000000000e+00 4.361525821735050101e+01 0.000000000000000000e+00 0.000000000000000000e+00 0.000000000000000000e+00 4.361525821735050101e+01
4.362474734954090394e+01 -0.000000000000000000e+00 0.000000000000000000e+00 0.000000000000000000e+00 4.362474734954090394e+01 0.000000000000000000e+00 0.000000000000000000e+00 0.000000000000000000e+00 4.362474734954090394e+01
4.361856020770154174e+01 -0.000000000000000000e+00 0.000000000000000000e+00 0.000000000000000000e+00 4.361856020770154174e+01 0.000000000000000000e+00 0.000000000000000000e+00 0.000000000000000000e+00 4.361856020770154174e+01
4.355807359358080788e+01 -0.000000000000000000e+00 0.000000000000000000e+00 0.000000000000000000e+00 4.355807359358080788e+01 0.000000000000000000e+00 0.000000000000000000e+00 0.000000000000000000e+00 4.355807359358080788e+01
4.358513387999029476e+01 -0.000000000000000000e+00 0.000000000000000000e+00 0.000000000000000000e+00 4.358513387999029476e+01 0.000000000000000000e+00 0.000000000000000000e+00 0.000000000000000000e+00 4.358513387999029476e+01
4.366962180232509638e+01 -0.000000000000000000e+00 0.000000000000000000e+00 0.000000000000000000e+00 4.366962180232509638e+01 0.000000000000000000e+00 0.000000000000000000e+00 0.000000000000000000e+00 4.366962180232509638e+01
4.360526333580456537e+01 -0.000000000000000000e+00 0.000000000000000000e+00 0.000000000000000000e+00 4.360526333580456537e+01 0.000000000000000000e+00 0.000000000000000000e+00 0.000000000000000000e+00 4.360526333580456537e+01
4.361764941344959823e+01 -0.000000000000000000e+00 0.000000000000000000e+00 0.000000000000000000e+00 4.361764941344959823e+01 0.000000000000000000e+00 0.000000000000000000e+00 0.000000000000000000e+00 4.361764941344959823e+01
4.362394925210511332e+01 -0.000000000000000000e+00 0.000000000000000000e+00 0.000000000000000000e+00 4.362394925210511332e+01 0.000000000000000000e+00 0.000000000000000000e+00 0.000000000000000000e+00 4.362394925210511332e+01
4.361196624685884160e+01 -0.000000000000000000e+00 0.000000000000000000e+00 0.000000000000000000e+00 4.361196624685884160e+01 0.000000000000000000e+00 0.000000000000000000e+00 0.000000000000000000e+00 4.361196624685884160e+01
4.363429720612435858e+01 -0.000000000000000000e+00 0.000000000000000000e+00 0.000000000000000000e+00 4.363429720612435858e+01 0.000000000000000000e+00 0.000000000000000000e+00 0.000000000000000000e+00 4.363429720612435858e+01
4.361321295346721172e+01 -0.000000000000000000e+00 0.000000000000000000e+00 0.000000000000000000e+00 4.361321295346721172e+01 0.000000000000000000e+00 0.000000000000000000e+00 0.000000000000000000e+00 4.361321295346721172e+01
4.358744186927152242e+01 -0.000000000000000000e+00 0.000000000000000000e+00 0.000000000000000000e+00 4.358744186927152242e+01 0.000000000000000000e+00 0.000000000000000000e+00 0.000000000000000000e+00 4.358744186927152242e+01
4.363401359064386043e+01 -0.000000000000000000e+00 0.000000000000000000e+00 0.000000000000000000e+00 4.363401359064386043e+01 0.000000000000000000e+00 0.000000000000000000e+00 0.000000000000000000e+00 4.363401359064386043e+01
4.353824207246164235e+01 -0.000000000000000000e+00 0.000000000000000000e+00 0.000000000000000000e+00 4.353824207246164235e+01 0.000000000000000000e+00 0.000000000000000000e+00 0.000000000000000000e+00 4.353824207246164235e+01
4.357069194198814444e+01 -0.000000000000000000e+00 0.000000000000000000e+00 0.000000000000000000e+00 4.357069194198814444e+01 0.000000000000000000e+00 0.000000000000000000e+00 0.000000000000000000e+00 4.357069194198814444e+01
4.358300898504887755e+01 -0.000000000000000000e+00 0.000000000000000000e+00 0.000000000000000000e+00 4.358300898504887755e+01 0.000000000000000000e+00 0.000000000000000000e+00 0.000000000000000000e+00 4.358300898504887755e+01
4.358367344833423118e+01 -0.000000000000000000e+00 0.000000000000000000e+00 0.000000000000000000e+00 4.358367344833423118e+01 0.000000000000000000e+00 0.000000000000000000e+00 0.000000000000000000e+00 4.358367344833423118e+01
4.355561054061717385e+01 -0.000000000000000000e+00 0.000000000000000000e+00 0.000000000000000000e+00 4.355561054061717385e+01 0.000000000000000000e+00 0.000000000000000000e+00 0.000000000000000000e+00 4.355561054061717385e+01
4.352928041215712085e+01 -0.000000000000000000e+00 0.000000000000000000e+00 0.000000000000000000e+00 4.352928041215712085e+01 0.000000000000000000e+00 0.000000000000000000e+00 0.000000000000000000e+00 4.352928041215712085e+01
4.358589682442713809e+01 -0.000000000000000000e+00 0.000000000000000000e+00 0.000000000000000000e+00 4.358589682442713809e+01 0.000000000000000000e+00 0.000000000000000000e+00 0.000000000000000000e+00 4.358589682442713809e+01
4.358194064678667701e+01 -0.000000000000000000e+00 0.000000000000000000e+00 0.000000000000000000e+00 4.358194064678667701e+01 0.000000000000000000e+00 0.000000000000000000e+00 0.000000000000000000e+00 4.358194064678667701e+01
4.352581262778564763e+01 -0.000000000000000000e+00 0.000000000000000000e+00 0.000000000000000000e+00 4.352581262778564763e+01 0.000000000000000000e+00 0.000000000000000000e+00 0.000000000000000000e+00 4.352581262778564763e+01
4.356801123333590908e+01 -0.000000000000000000e+00 0.000000000000000000e+00 0.000000000000000000e+00 4.356801123333590908e+01 0.000000000000000000e+00 0.000000000000000000e+00 0.000000000000000000e+00 4.356801123333590908e+01
4.359533437136144585e+01 -0.000000000000000000e+00 0.000000000000000000e+00 0.000000000000000000e+00 4.359533437136144585e+01 0.000000000000000000e+00 0.000000000000000000e+00 0.000000000000000000e+00 4.359533437136144585e+01
4.354032683789034763e+01 -0.000000000000000000e+00 0.000000000000000000e+00 0.000000000000000000e+00 4.354032683789034763e+01 0.000000000000000000e+00 0.000000000000000000e+00 0.000000000000000000e+00 4.354032683789034763e+01
4.358994771828542270e+01 -0.000000000000000000e+00 0.000000000000000000e+00 0.000000000000000000e+00 4.358994771828542270e+01 0.000000000000000000e+00 0.000000000000000000e+00 0.000000000000000000e+00 4.358994771828542270e+01
4.355386418988376818e+01 -0.000000000000000000e+00 0.000000000000000000e+00 0.000000000000000000e+00 4.355386418988376818e+01 0.000000000000000000e+00 0.000000000000000000e+00 0.000000000000000000e+00 4.355386418988376818e+01
4.355935677342327494e+01 -0.000000000000000000e+00 0.000000000000000000e+00 0.000000000000000000e+00 4.355935677342327494e+01 0.000000000000000000e+00 0.000000000000000000e+00 0.000000000000000000e+00 4.355935677342327494e+01
4.353241102852300060e+01 -0.000000000000000000e+00 0.000000000000000000e+00 0.000000000000000000e+00 4.353241102852300060e+01 0.000000000000000000e+00 0.000000000000000000e+00 0.000000000000000000e+00 4.353241102852300060e+01
4.353573013685490878e+01 -0.000000000000000000e+00 0.000000000000000000e+00 0.000000000000000000e+00 4.353573013685490878e+01 0.000000000000000000e+00 0.000000000000000000e+00 0.000000000000000000e+00 4.353573013685490878e+01
4.357128742406978006e+01 -0.000000000000000000e+00 0.000000000000000000e+00 0.000000000000000000e+00 4.357128742406978006e+01 0.000000000000000000e+00 0.000000000000000000e+00 0.000000000000000000e+00 4.357128742406978006e+01
4.357423206319841569e+01 -0.000000000000000000e+00 0.000000000000000000e+00 0.000000000000000000e+00 4.357423206319841569e+01 0.000000000000000000e+00 0.000000000000000000e+00 0.000000000000000000e+00 4.357423206319841569e+01
4.364751566758774004e+01 -0.000000000000000000e+00 0.000000000000000000e+00 0.000000000000000000e+00 4.364751566758774004e+01 0.000000000000000000e+00 0.000000000000000000e+00 0.000000000000000000e+00 4.364751566758774004e+01
4.358334798561219259e+01 -0.000000000000000000e+00 0.000000000000000000e+00 0.000000000000000000e+00 4.358334798561219259e+01 0.000000000000000000e+00 0.000000000000000000e+00 0.000000000000000000e+00 4.358334798561219259e+01
4.358012463509894019e+01 -0.000000000000000000e+00 0.000000000000000000e+00 0.000000000000000000e+00 4.358012463509894019e+01 0.000000000000000000e+00 0.000000000000000000e+00 0.000000000000000000e+00 4.358012463509894019e+01
4.357721388842033150e+01 -0.000000000000000000e+00 0.000000000000000000e+00 0.000000000000000000e+00 4.357721388842033150e+01 0.000000000000000000e+00 0.000000000000000000e+00 0.000000000000000000e+00 4.357721388842033150e+01
