4.379014489091136397e+01 -0.000000000000000000e+00 0.000000000000000000e+00 0.000000000000000000e+00 4.379014489091136397e+01 0.000000000000000000e+00 0.000000000000000000e+00 0.000000000000000000e+00 4.379014489091136397e+01
4.151637781045447184e+01 -0.000000000000000000e+00 0.000000000000000000e+00 0.000000000000000000e+00 4.151637781045447184e+01 0.000000000000000000e+00 0.000000000000000000e+00 0.000000000000000000e+00 4.151637781045447184e+01
4.150956649578729696e+01 -0.000000000000000000e+00 0.000000000000000000e+00 0.000000000000000000e+00 4.150956649578729696e+01 0.000000000000000000e+00 0.000000000000000000e+00 0.000000000000000000e+00 4.150956649578729696e+01
4.152053551115524499e+01 -0.000000000000000000e+00 0.000000000000000000e+00 0.000000000000000000e+00 4.152053551115524499e+01 0.000000000000000000e+00 0.000000000000000000e+00 0.000000000000000000e+00 4.152053551115524499e+01
4.151769962189044350e+01 -0.000000000000000000e+00 0.000000000000000000e+00 0.000000000000000000e+00 4.151769962189044350e+01 0.000000000000000000e+00 0.000000000000000000e+00 0.000000000000000000e+00 4.151769962189044350e+01
4.147785981997094495e+01 -0.000000000000000000e+00 0.000000000000000000e+00 0.000000000000000000e+00 4.147785981997094495e+01 0.000000000000000000e+00 0.000000000000000000e+00 0.000000000000000000e+00 4.147785981997094495e+01
4.153880431225887548e+01 -0.000000000000000000e+00 0.000000000000000000e+00 0.000000000000000000e+00 4.153880431225887548e+01 0.000000000000000000e+00 0.000000000000000000e+00 0.000000000000000000e+00 4.153880431225887548e+01
4.152450846262114226e+01 -0.000000000000000000e+00 0.000000000000000000e+00 0.000000000000000000e+00 4.152450846262114226e+01 0.000000000000000000e+00 0.000000000000000000e+00 0.000000000000000000e+00 4.152450846262114226e+01
4.154348025169484515e+01 -0.000000000000000000e+00 0.000000000000000000e+00 0.000000000000000000e+00 4.154348025169484515e+01 0.000000000000000000e+00 0.000000000000000000e+00 0.000000000000000000e+00 4.154348025169484515e+01
4.151569200170842322e+01 -0.000000000000000000e+00 0.000000000000000000e+00 0.000000000000000000e+00 4.151569200170842322e+01 0.000000000000000000e+00 0.000000000000000000e+00 0.000000000000000000e+00 4.151569200170842322e+01
4.147930582832636048e+01 -0.000000000000000000e+00 0.000000000000000000e+00 0.000000000000000000e+00 4.147930582832636048e+01 0.000000000000000000e+00 0.000000000000000000e+00 0.000000000000000000e+00 4.147930582832636048e+01
4.152747966015542147e+01 -0.000000000000000000e+00 0.000000000000000000e+00 0.000000000000000000e+00 4.152747966015542147e+01 0.000000000000000000e+00 0.000000000000000000e+00 0.000000000000000000e+00 4.152747966015542147e+01
4.157202032485838572e+01 -0.000000000000000000e+00 0.000000000000000000e+00 0.000000000000000000e+00 4.157202032485838572e+01 0.000000000000000000e+00 0.000000000000000000e+00 0.000000000000000000e+00 4.157202032485838572e+01
4.153574020829504576e+01 -0.000000000000000000e+00 0.000000000000000000e+00 0.000000000000000000e+00 4.153574020829504576e+01 0.000000000000000000e+00 0.000000000000000000e+00 0.000000000000000000e+00 4.153574020829504576e+01
4.149937878052165274e+01 -0.000000000000000000e+00 0.000000000000000000e+00 0.000000000000000000e+00 4.149937878052165274e+01 0.000000000000000000e+00 0.000000000000000000e+00 0.000000000000000000e+00 4.149937878052165274e+01
4.152025872067911649e+01 -0.000000000000000000e+00 0.000000000000000000e+00 0.000000000000000000e+00 4.152025872067911649e+01 0.000000000000000000e+00 0.000000000000000000e+00 0.000000000000000000e+00 4.152025872067911649e+01
4.152839636020235048e+01 -0.000000000000000000e+00 0.000000000000000000e+00 0.000000000000000000e+00 4.152839636020235048e+01 0.000000000000000000e+00 0.000000000000000000e+00 0.000000000000000000e+00 4.152839636020235048e+01
4.156111057299258960e+01 -0.000000000000000000e+00 0.000000000000000000e+00 0.000000000000000000e+00 4.156111057299258960e+01 0.000000000000000000e+00 0.000000000000000000e+00 0.000000000000000000e+00 4.156111057299258960e+01
4.150907471041554686e+01 -0.000000000000000000e+00 0.000000000000000000e+00 0.000000000000000000e+00 4.150907471041554686e+01 0.000000000000000000e+00 0.000000000000000000e+00 0.000000000000000000e+00 4.150907471041554686e+01
4.152753566834324772e+01 -0.000000000000000000e+00 0.000000000000000000e+00 0.000000000000000000e+00 4.152753566834324772e+01 0.000000000000000000e+00 0.000000000000000000e+00 0.000000000000000000e+00 4.152753566834324772e+01
4.155172795094445348e+01 -0.000000000000000000e+00 0.000000000000000000e+00 0.000000000000000000e+00 4.155172795094445348e+01 0.000000000000000000e+00 0.000000000000000000e+00 0.000000000000000000e+00 4.155172795094445348e+01
4.153671480778024261e+01 -0.000000000000000000e+00 0.000000000000000000e+00 0.000000000000000000e+00 4.153671480778024261e+01 0.000000000000000000e+00 0.000000000000000000e+00 0.000000000000000000e+00 4.153671480778024261e+01
4.148281704218813104e+01 -0.000000000000000000e+00 0.000000000000000000e+00 0.000000000000000000e+00 4.148281704218813104e+01 0.000000000000000000e+00 0.000000000000000000e+00 0.000000000000000000e+00 4.148281704218813104e+01
4.152122533283930750e+01 -0.000000000000000000e+00 0.000000000000000000e+00 0.000000000000000000e+00 4.152122533283930750e+01 0.000000000000000000e+00 0.000000000000000000e+00 0.000000000000000000e+00 4.152122533283930750e+01
4.152110076953555051e+01 -0.000000000000000000e+00 0.000000000000000000e+00 0.000000000000000000e+00 4.152110076953555051e+01 0.000000000000000000e+00 0.000000000000000000e+00 0.000000000000000000e+00 4.152110076953555051e+01
4.151679714282729350e+01 -0.000000000000000000e+00 0.000000000000000000e+00 0.000000000000000000e+00 4.151679714282729350e+01 0.000000000000000000e+00 0.000000000000000000e+00 0.000000000000000000e+00 4.151679714282729350e+01
4.151480805277334696e+01 -0.000000000000000000e+00 0.000000000000000000e+00 0.000000000000000000e+00 4.151480805277334696e+01 0.000000000000000000e+00 0.000000000000000000e+00 0.000000000000000000e+00 4.151480805277334696e+01
4.148072992154354921e+01 -0.000000000000000000e+00 0.000000000000000000e+00 0.000000000000000000e+00 4.148072992154354921e+01 0.000000000000000000e+00 0.000000000000000000e+00 0.000000000000000000e+00 4.148072992154354921e+01
4.152633998037221374e+01 -0.000000000000000000e+00 0.000000000000000000e+00 0.000000000000000000e+00 4.152633998037221374e+01 0.000000000000000000e+00 0.000000000000000000e+00 0.000000000000000000e+00 4.152633998037221374e+01
4.148098701309446312e+01 -0.000000000000000000e+00 0.000000000000000000e+00 0.000000000000000000e+00 4.148098701309446312e+01 0.000000000000000000e+00 0.000000000000000000e+00 0.000000000000000000e+00 4.148098701309446312e+01
4.150475147348836913e+01 -0.000000000000000000e+00 0.000000000000000000e+00 0.000000000000000000e+00 4.150475147348836913e+01 0.000000000000000000e+00 0.000000000000000000e+00 0.000000000000000000e+00 4.150475147348836913e+01
4.154723312613340624e+01 -0.000000000000000000e+00 0.000000000000000000e+00 0.000000000000000000e+00 4.154723312613340624e+01 0.000000000000000000e+00 0.000000000000000000e+00 0.000000000000000000e+00 4.154723312613340624e+01
4.154046950914479908e+01 -0.000000000000000000e+00 0.000000000000000000e+00 0.000000000000000000e+00 4.154046950914479908e+01 0.000000000000000000e+00 0.000000000000000000e+00 0.000000000000000000e+00 4.154046950914479908e+01
4.152491461820353891e+01 -0.000000000000000000e+00 0.000000000000000000e+00 0.000000000000000000e+00 4.152491461820353891e+01 0.000000000000000000e+00 0.000000000000000000e+00 0.000000000000000000e+00 4.152491461820353891e+01
4.158471625785244186e+01 -0.000000000000000000e+00 0.000000000000000000e+00 0.000000000000000000e+00 4.158471625785244186e+01 0.000000000000000000e+00 0.000000000000000000e+00 0.000000000000000000e+00 4.158471625785244186e+01
4.152454636262896770e+01 -0.000000000000000000e+00 0.000000000000000000e+00 0.000000000000000000e+00 4.152454636262896770e+01 0.000000000000000000e+00 0.000000000000000000e+00 0.000000000000000000e+00 4.152454636262896770e+01
4.154220356035504835e+01 -0.000000000000000000e+00 0.000000000000000000e+00 0.000000000000000000e+00 4.154220356035504835e+01 0.000000000000000000e+00 0.000000000000000000e+00 0.000000000000000000e+00 4.154220356035504835e+01
4.150162233821249202e+01 -0.000000000000000000e+00 0.000000000000000000e+00 0.000000000000000000e+00 4.150162233821249202e+01 0.000000000000000000e+00 0.000000000000000000e+00 0.000000000000000000e+00 4.150162233821249202e+01
4.149911481583642114e+01 -0.000000000000000000e+00 0.000000000000000000e+00 0.000000000000000000e+00 4.149911481583642114e+01 0.000000000000000000e+00 0.000000000000000000e+00 0.000000000000000000e+00 4.149911481583642114e+01
4.154957793861037629e+01 -0.000000000000000000e+00 0.000000000000000000e+00 0.000000000000000000e+00 4.154957793861037629e+01 0.000000000000000000e+00 0.000000000000000000e+00 0.000000000000000000e+00 4.154957793861037629e+01
4.154312663327736743e+01 -0.000000000000000000e+00 0.000000000000000000e+00 0.000000000000000000e+00 4.154312663327736743e+01 0.000000000000000000e+00 0.000000000000000000e+00 0.000000000000000000e+00 4.154312663327736743e+01
4.149422552630677785e+01 -0.000000000000000000e+00 0.000000000000000000e+00 0.000000000000000000e+00 4.149422552630677785e+01 0.000000000000000000e+00 0.000000000000000000e+00 0.000000000000000000e+00 4.149422552630677785e+01
4.154718512398542885e+01 -0.000000000000000000e+00 0.000000000000000000e+00 0.000000000000000000e+00 4.154718512398542885e+01 0.000000000000000000e+00 0.000000000000000000e+00 0.000000000000000000e+00 4.154718512398542885e+01
4.155578940903016161e+01 -0.000000000000000000e+00 0.000000000000000000e+00 0.000000000000000000e+00 4.155578940903016161e+01 0.000000000000000000e+00 0.000000000000000000e+00 0.000000000000000000e+00 4.155578940903016161e+01
4.152766394282082274e+01 -0.000000000000000000e+00 0.000000000000000000e+00 0.000000000000000000e+00 4.152766394282082274e+01 0.000000000000000000e+00 0.000000000000000000e+00 0.000000000000000000e+00 4.152766394282082274e+01
4.152886094368999892e+01 -0.000000000000000000e+00 0.000000000000000000e+00 0.000000000000000000e+00 4.152886094368999892e+01 0.000000000000000000e+00 0.000000000000000000e+00 0.000000000000000000e+00 4.152886094368999892e+01
4.150440509560425539e+01 -0.000000000000000000e+00 0.000000000000000000e+00 0.000000000000000000e+00 4.150440509560425539e+01 0.000000000000000000e+00 0.000000000000000000e+00 0.000000000000000000e+00 4.150440509560425539e+01
4.152598203332726712e+01 -0.000000000000000000e+00 0.000000000000000000e+00 0.000000000000000000e+00 4.152598203332726712e+01 0.000000000000000000e+00 0.000000000000000000e+00 0.000000000000000000e+00 4.152598203332726712e+01
4.155785834428193937e+01 -0.000000000000000000e+00 0.000000000000000000e+00 0.000000000000000000e+00 4.155785834428193937e+01 0.000000000000000000e+00 0.000000000000000000e+00 0.000000000000000000e+00 4.155785834428193937e+01
4.149503182950591196e+01 -0.000000000000000000e+00 0.000000000000000000e+00 0.000000000000000000e+00 4.149503182950591196e+01 0.000000000000000000e+00 0.000000000000000000e+00 0.000000000000000000e+00 4.149503182950591196e+01
4.149566195066311280e+01 -0.000000000000000000e+00 0.000000000000000000e+00 0.000000000000000000e+00 4.149566195066311280e+01 0.000000000000000000e+00 0.000000000000000000e+00 0.000000000000000000e+00 4.149566195066311280e+01
