4.111134092555173680e+01 -0.000000000000000000e+00 0.000000000000000000e+00 0.000000000000000000e+00 4.111134092555173680e+01 0.000000000000000000e+00 0.000000000000000000e+00 0.000000000000000000e+00 4.111134092555173680e+01
4.109600245192977042e+01 -0.000000000000000000e+00 0.000000000000000000e+00 0.000000000000000000e+00 4.109600245192977042e+01 0.000000000000000000e+00 0.000000000000000000e+00 0.000000000000000000e+00 4.109600245192977042e+01
4.112403656477856373e+01 -0.000000000000000000e+00 0.000000000000000000e+00 0.000000000000000000e+00 4.112403656477856373e+01 0.000000000000000000e+00 0.000000000000000000e+00 0.000000000000000000e+00 4.112403656477856373e+01
4.114427120634931612e+01 -0.000000000000000000e+00 0.000000000000000000e+00 0.000000000000000000e+00 4.114427120634931612e+01 0.000000000000000000e+00 0.000000000000000000e+00 0.000000000000000000e+00 4.114427120634931612e+01
4.112351320739516325e+01 -0.000000000000000000e+00 0.000000000000000000e+00 0.000000000000000000e+00 4.112351320739516325e+01 0.000000000000000000e+00 0.000000000000000000e+00 0.000000000000000000e+00 4.112351320739516325e+01
4.111581661325431725e+01 -0.000000000000000000e+00 0.000000000000000000e+00 0.000000000000000000e+00 4.111581661325431725e+01 0.000000000000000000e+00 0.000000000000000000e+00 0.000000000000000000e+00 4.111581661325431725e+01
4.111046593788647385e+01 -0.000000000000000000e+00 0.000000000000000000e+00 0.000000000000000000e+00 4.111046593788647385e+01 0.000000000000000000e+00 0.000000000000000000e+00 0.000000000000000000e+00 4.111046593788647385e+01
4.105237722281720636e+01 -0.000000000000000000e+00 0.000000000000000000e+00 0.000000000000000000e+00 4.105237722281720636e+01 0.000000000000000000e+00 0.000000000000000000e+00 0.000000000000000000e+00 4.105237722281720636e+01
4.109815155749052451e+01 -0.000000000000000000e+00 0.000000000000000000e+00 0.000000000000000000e+00 4.109815155749052451e+01 0.000000000000000000e+00 0.000000000000000000e+00 0.000000000000000000e+00 4.109815155749052451e+01
4.115694942763953179e+01 -0.000000000000000000e+00 0.000000000000000000e+00 0.000000000000000000e+00 4.115694942763953179e+01 0.000000000000000000e+00 0.000000000000000000e+00 0.000000000000000000e+00 4.115694942763953179e+01
4.109911864884981014e+01 -0.000000000000000000e+00 0.000000000000000000e+00 0.000000000000000000e+00 4.109911864884981014e+01 0.000000000000000000e+00 0.000000000000000000e+00 0.000000000000000000e+00 4.109911864884981014e+01
4.109425156973524906e+01 -0.000000000000000000e+00 0.000000000000000000e+00 0.000000000000000000e+00 4.109425156973524906e+01 0.000000000000000000e+00 0.000000000000000000e+00 0.000000000000000000e+00 4.109425156973524906e+01
4.111286182393394029e+01 -0.000000000000000000e+00 0.000000000000000000e+00 0.000000000000000000e+00 4.111286182393394029e+01 0.000000000000000000e+00 0.000000000000000000e+00 0.000000000000000000e+00 4.111286182393394029e+01
4.110141741070878396e+01 -0.000000000000000000e+00 0.000000000000000000e+00 0.000000000000000000e+00 4.110141741070878396e+01 0.000000000000000000e+00 0.000000000000000000e+00 0.000000000000000000e+00 4.110141741070878396e+01
4.111935318694463604e+01 -0.000000000000000000e+00 0.000000000000000000e+00 0.000000000000000000e+00 4.111935318694463604e+01 0.000000000000000000e+00 0.000000000000000000e+00 0.000000000000000000e+00 4.111935318694463604e+01
4.113621815841613483e+01 -0.000000000000000000e+00 0.000000000000000000e+00 0.000000000000000000e+00 4.113621815841613483e+01 0.000000000000000000e+00 0.000000000000000000e+00 0.000000000000000000e+00 4.113621815841613483e+01
4.114334534172915880e+01 -0.000000000000000000e+00 0.000000000000000000e+00 0.000000000000000000e+00 4.114334534172915880e+01 0.000000000000000000e+00 0.000000000000000000e+00 0.000000000000000000e+00 4.114334534172915880e+01
4.112772708638111396e+01 -0.000000000000000000e+00 0.000000000000000000e+00 0.000000000000000000e+00 4.112772708638111396e+01 0.000000000000000000e+00 0.000000000000000000e+00 0.000000000000000000e+00 4.112772708638111396e+01
4.111407263266258383e+01 -0.000000000000000000e+00 0.000000000000000000e+00 0.000000000000000000e+00 4.111407263266258383e+01 0.000000000000000000e+00 0.000000000000000000e+00 0.000000000000000000e+00 4.111407263266258383e+01
4.108111285797150458e+01 -0.000000000000000000e+00 0.000000000000000000e+00 0.000000000000000000e+00 4.108111285797150458e+01 0.000000000000000000e+00 0.000000000000000000e+00 0.000000000000000000e+00 4.108111285797150458e+01
4.111143909576333755e+01 -0.000000000000000000e+00 0.000000000000000000e+00 0.000000000000000000e+00 4.111143909576333755e+01 0.000000000000000000e+00 0.000000000000000000e+00 0.000000000000000000e+00 4.111143909576333755e+01
4.107432078894224503e+01 -0.000000000000000000e+00 0.000000000000000000e+00 0.000000000000000000e+00 4.107432078894224503e+01 0.000000000000000000e+00 0.000000000000000000e+00 0.000000000000000000e+00 4.107432078894224503e+01
4.111545902318540158e+01 -0.000000000000000000e+00 0.000000000000000000e+00 0.000000000000000000e+00 4.111545902318540158e+01 0.000000000000000000e+00 0.000000000000000000e+00 0.000000000000000000e+00 4.111545902318540158e+01
4.109546832175517039e+01 -0.000000000000000000e+00 0.000000000000000000e+00 0.000000000000000000e+00 4.109546832175517039e+01 0.000000000000000000e+00 0.000000000000000000e+00 0.000000000000000000e+00 4.109546832175517039e+01
4.108423986430476305e+01 -0.000000000000000000e+00 0.000000000000000000e+00 0.000000000000000000e+00 4.108423986430476305e+01 0.000000000000000000e+00 0.000000000000000000e+00 0.000000000000000000e+00 4.108423986430476305e+01
4.110149214894634895e+01 -0.000000000000000000e+00 0.000000000000000000e+00 0.000000000000000000e+00 4.110149214894634895e+01 0.000000000000000000e+00 0.000000000000000000e+00 0.000000000000000000e+00 4.110149214894634895e+01
4.109507845835018713e+01 -0.000000000000000000e+00 0.000000000000000000e+00 0.000000000000000000e+00 4.109507845835018713e+01 0.000000000000000000e+00 0.000000000000000000e+00 0.000000000000000000e+00 4.109507845835018713e+01
4.111800208692564240e+01 -0.000000000000000000e+00 0.000000000000000000e+00 0.000000000000000000e+00 4.111800208692564240e+01 0.000000000000000000e+00 0.000000000000000000e+00 0.000000000000000000e+00 4.111800208692564240e+01
4.110085446101756190e+01 -0.000000000000000000e+00 0.000000000000000000e+00 0.000000000000000000e+00 4.110085446101756190e+01 0.000000000000000000e+00 0.000000000000000000e+00 0.000000000000000000e+00 4.110085446101756190e+01
4.109131728059433897e+01 -0.000000000000000000e+00 0.000000000000000000e+00 0.000000000000000000e+00 4.109131728059433897e+01 0.000000000000000000e+00 0.000000000000000000e+00 0.000000000000000000e+00 4.109131728059433897e+01
4.108914651344768743e+01 -0.000000000000000000e+00 0.000000000000000000e+00 0.000000000000000000e+00 4.108914651344768743e+01 0.000000000000000000e+00 0.000000000000000000e+00 0.000000000000000000e+00 4.108914651344768743e+01
4.106864248257075189e+01 -0.000000000000000000e+00 0.000000000000000000e+00 0.000000000000000000e+00 4.106864248257075189e+01 0.000000000000000000e+00 0.000000000000000000e+00 0.000000000000000000e+00 4.106864248257075189e+01
4.108964031554945961e+01 -0.000000000000000000e+00 0.000000000000000000e+00 0.000000000000000000e+00 4.108964031554945961e+01 0.000000000000000000e+00 0.000000000000000000e+00 0.000000000000000000e+00 4.108964031554945961e+01
4.109522040680699462e+01 -0.000000000000000000e+00 0.000000000000000000e+00 0.000000000000000000e+00 4.109522040680699462e+01 0.000000000000000000e+00 0.000000000000000000e+00 0.000000000000000000e+00 4.109522040680699462e+01
4.112613340296590536e+01 -0.000000000000000000e+00 0.000000000000000000e+00 0.000000000000000000e+00 4.112613340296590536e+01 0.000000000000000000e+00 0.000000000000000000e+00 0.000000000000000000e+00 4.112613340296590536e+01
4.107254204233467476e+01 -0.000000000000000000e+00 0.000000000000000000e+00 0.000000000000000000e+00 4.107254204233467476e+01 0.000000000000000000e+00 0.000000000000000000e+00 0.000000000000000000e+00 4.107254204233467476e+01
4.108964586797166163e+01 -0.000000000000000000e+00 0.000000000000000000e+00 0.000000000000000000e+00 4.108964586797166163e+01 0.000000000000000000e+00 0.000000000000000000e+00 0.000000000000000000e+00 4.108964586797166163e+01
4.109950734737331857e+01 -0.000000000000000000e+00 0.000000000000000000e+00 0.000000000000000000e+00 4.109950734737331857e+01 0.000000000000000000e+00 0.000000000000000000e+00 0.000000000000000000e+00 4.109950734737331857e+01
4.109623327331975418e+01 -0.000000000000000000e+00 0.000000000000000000e+00 0.000000000000000000e+00 4.109623327331975418e+01 0.000000000000000000e+00 0.000000000000000000e+00 0.000000000000000000e+00 4.109623327331975418e+01
4.110845912672043312e+01 -0.000000000000000000e+00 0.000000000000000000e+00 0.000000000000000000e+00 4.110845912672043312e+01 0.000000000000000000e+00 0.000000000000000000e+00 0.000000000000000000e+00 4.110845912672043312e+01
4.105848806427876241e+01 -0.000000000000000000e+00 0.000000000000000000e+00 0.000000000000000000e+00 4.105848806427876241e+01 0.000000000000000000e+00 0.000000000000000000e+00 0.000000000000000000e+00 4.105848806427876241e+01
4.112031728832443633e+01 -0.000000000000000000e+00 0.000000000000000000e+00 0.000000000000000000e+00 4.112031728832443633e+01 0.000000000000000000e+00 0.000000000000000000e+00 0.000000000000000000e+00 4.112031728832443633e+01
4.108638246527760884e+01 -0.000000000000000000e+00 0.000000000000000000e+00 0.000000000000000000e+00 4.108638246527760884e+01 0.000000000000000000e+00 0.000000000000000000e+00 0.000000000000000000e+00 4.108638246527760884e+01
4.107616317220058733e+01 -0.000000000000000000e+00 0.000000000000000000e+00 0.000000000000000000e+00 4.107616317220058733e+01 0.000000000000000000e+00 0.000000000000000000e+00 0.000000000000000000e+00 4.107616317220058733e+01
4.104355061389930626e+01 -0.000000000000000000e+00 0.000000000000000000e+00 0.000000000000000000e+00 4.104355061389930626e+01 0.000000000000000000e+00 0.000000000000000000e+00 0.000000000000000000e+00 4.104355061389930626e+01
4.111797551672724182e+01 -0.000000000000000000e+00 0.000000000000000000e+00 0.000000000000000000e+00 4.111797551672724182e+01 0.000000000000000000e+00 0.000000000000000000e+00 0.000000000000000000e+00 4.111797551672724182e+01
4.110177492694286627e+01 -0.000000000000000000e+00 0.000000000000000000e+00 0.000000000000000000e+00 4.110177492694286627e+01 0.000000000000000000e+00 0.000000000000000000e+00 0.000000000000000000e+00 4.110177492694286627e+01
4.107286280566253822e+01 -0.000000000000000000e+00 0.000000000000000000e+00 0.000000000000000000e+00 4.107286280566253822e+01 0.000000000000000000e+00 0.000000000000000000e+00 0.000000000000000000e+00 4.107286280566253822e+01
4.106339688216883843e+01 -0.000000000000000000e+00 0.000000000000000000e+00 0.000000000000000000e+00 4.106339688216883843e+01 0.000000000000000000e+00 0.000000000000000000e+00 0.000000000000000000e+00 4.106339688216883843e+01
4.107586586164813269e+01 -0.000000000000000000e+00 0.000000000000000000e+00 0.000000000000000000e+00 4.107586586164813269e+01 0.000000000000000000e+00 0.000000000000000000e+00 0.000000000000000000e+00 4.107586586164813269e+01
4.105303863349895721e+01 -0.000000000000000000e+00 0.000000000000000000e+00 0.000000000000000000e+00 4.105303863349895721e+01 0.000000000000000000e+00 0.000000000000000000e+00 0.000000000000000000e+00 4.105303863349895721e+01
