4.108837998485481791e+01 -0.000000000000000000e+00 0.000000000000000000e+00 0.000000000000000000e+00 4.108837998485481791e+01 0.000000000000000000e+00 0.000000000000000000e+00 0.000000000000000000e+00 4.108837998485481791e+01
4.109652204595242608e+01 -0.000000000000000000e+00 0.000000000000000000e+00 0.000000000000000000e+00 4.109652204595242608e+01 0.000000000000000000e+00 0.000000000000000000e+00 0.000000000000000000e+00 4.109652204595242608e+01
4.107071931857548464e+01 -0.000000000000000000e+00 0.000000000000000000e+00 0.000000000000000000e+00 4.107071931857548464e+01 0.000000000000000000e+00 0.000000000000000000e+00 0.000000000000000000e+00 4.107071931857548464e+01
4.106700436271314913e+01 -0.000000000000000000e+00 0.000000000000000000e+00 0.000000000000000000e+00 4.106700436271314913e+01 0.000000000000000000e+00 0.000000000000000000e+00 0.000000000000000000e+00 4.106700436271314913e+01
4.108243690577373286e+01 -0.000000000000000000e+00 0.000000000000000000e+00 0.000000000000000000e+00 4.108243690577373286e+01 0.000000000000000000e+00 0.000000000000000000e+00 0.000000000000000000e+00 4.108243690577373286e+01
4.106970060410387902e+01 -0.000000000000000000e+00 0.000000000000000000e+00 0.000000000000000000e+00 4.106970060410387902e+01 0.000000000000000000e+00 0.000000000000000000e+00 0.000000000000000000e+00 4.106970060410387902e+01
4.106527725792668093e+01 -0.000000000000000000e+00 0.000000000000000000e+00 0.000000000000000000e+00 4.106527725792668093e+01 0.000000000000000000e+00 0.000000000000000000e+00 0.000000000000000000e+00 4.106527725792668093e+01
4.108670625685753919e+01 -0.000000000000000000e+00 0.000000000000000000e+00 0.000000000000000000e+00 4.108670625685753919e+01 0.000000000000000000e+00 0.000000000000000000e+00 0.000000000000000000e+00 4.108670625685753919e+01
4.110901624491870621e+01 -0.000000000000000000e+00 0.000000000000000000e+00 0.000000000000000000e+00 4.110901624491870621e+01 0.000000000000000000e+00 0.000000000000000000e+00 0.000000000000000000e+00 4.110901624491870621e+01
4.107805128803472883e+01 -0.000000000000000000e+00 0.000000000000000000e+00 0.000000000000000000e+00 4.107805128803472883e+01 0.000000000000000000e+00 0.000000000000000000e+00 0.000000000000000000e+00 4.107805128803472883e+01
4.107411410553577014e+01 -0.000000000000000000e+00 0.000000000000000000e+00 0.000000000000000000e+00 4.107411410553577014e+01 0.000000000000000000e+00 0.000000000000000000e+00 0.000000000000000000e+00 4.107411410553577014e+01
4.108266682655435886e+01 -0.000000000000000000e+00 0.000000000000000000e+00 0.000000000000000000e+00 4.108266682655435886e+01 0.000000000000000000e+00 0.000000000000000000e+00 0.000000000000000000e+00 4.108266682655435886e+01
4.111542272826636690e+01 -0.000000000000000000e+00 0.000000000000000000e+00 0.000000000000000000e+00 4.111542272826636690e+01 0.000000000000000000e+00 0.000000000000000000e+00 0.000000000000000000e+00 4.111542272826636690e+01
4.107208436383164951e+01 -0.000000000000000000e+00 0.000000000000000000e+00 0.000000000000000000e+00 4.107208436383164951e+01 0.000000000000000000e+00 0.000000000000000000e+00 0.000000000000000000e+00 4.107208436383164951e+01
4.109847880489839156e+01 -0.000000000000000000e+00 0.000000000000000000e+00 0.000000000000000000e+00 4.109847880489839156e+01 0.000000000000000000e+00 0.000000000000000000e+00 0.000000000000000000e+00 4.109847880489839156e+01
4.111185848146222810e+01 -0.000000000000000000e+00 0.000000000000000000e+00 0.000000000000000000e+00 4.111185848146222810e+01 0.000000000000000000e+00 0.000000000000000000e+00 0.000000000000000000e+00 4.111185848146222810e+01
4.110987080954976136e+01 -0.000000000000000000e+00 0.000000000000000000e+00 0.000000000000000000e+00 4.110987080954976136e+01 0.000000000000000000e+00 0.000000000000000000e+00 0.000000000000000000e+00 4.110987080954976136e+01
4.109245506206690379e+01 -0.000000000000000000e+00 0.000000000000000000e+00 0.000000000000000000e+00 4.109245506206690379e+01 0.000000000000000000e+00 0.000000000000000000e+00 0.000000000000000000e+00 4.109245506206690379e+01
4.110174515158521302e+01 -0.000000000000000000e+00 0.000000000000000000e+00 0.000000000000000000e+00 4.110174515158521302e+01 0.000000000000000000e+00 0.000000000000000000e+00 0.000000000000000000e+00 4.110174515158521302e+01
4.102890694250045556e+01 -0.000000000000000000e+00 0.000000000000000000e+00 0.000000000000000000e+00 4.102890694250045556e+01 0.000000000000000000e+00 0.000000000000000000e+00 0.000000000000000000e+00 4.102890694250045556e+01
4.106479226487481782e+01 -0.000000000000000000e+00 0.000000000000000000e+00 0.000000000000000000e+00 4.106479226487481782e+01 0.000000000000000000e+00 0.000000000000000000e+00 0.000000000000000000e+00 4.106479226487481782e+01
4.106604880587175899e+01 -0.000000000000000000e+00 0.000000000000000000e+00 0.000000000000000000e+00 4.106604880587175899e+01 0.000000000000000000e+00 0.000000000000000000e+00 0.000000000000000000e+00 4.106604880587175899e+01
4.107005001097380159e+01 -0.000000000000000000e+00 0.000000000000000000e+00 0.000000000000000000e+00 4.107005001097380159e+01 0.000000000000000000e+00 0.000000000000000000e+00 0.000000000000000000e+00 4.107005001097380159e+01
4.106975506990731617e+01 -0.000000000000000000e+00 0.000000000000000000e+00 0.000000000000000000e+00 4.106975506990731617e+01 0.000000000000000000e+00 0.000000000000000000e+00 0.000000000000000000e+00 4.106975506990731617e+01
4.108048616589857716e+01 -0.000000000000000000e+00 0.000000000000000000e+00 0.000000000000000000e+00 4.108048616589857716e+01 0.000000000000000000e+00 0.000000000000000000e+00 0.000000000000000000e+00 4.108048616589857716e+01
4.110132931271634504e+01 -0.000000000000000000e+00 0.000000000000000000e+00 0.000000000000000000e+00 4.110132931271634504e+01 0.000000000000000000e+00 0.000000000000000000e+00 0.000000000000000000e+00 4.110132931271634504e+01
4.108211937009170356e+01 -0.000000000000000000e+00 0.000000000000000000e+00 0.000000000000000000e+00 4.108211937009170356e+01 0.000000000000000000e+00 0.000000000000000000e+00 0.000000000000000000e+00 4.108211937009170356e+01
4.110592544609308163e+01 -0.000000000000000000e+00 0.000000000000000000e+00 0.000000000000000000e+00 4.110592544609308163e+01 0.000000000000000000e+00 0.000000000000000000e+00 0.000000000000000000e+00 4.110592544609308163e+01
4.110509104379059409e+01 -0.000000000000000000e+00 0.000000000000000000e+00 0.000000000000000000e+00 4.110509104379059409e+01 0.000000000000000000e+00 0.000000000000000000e+00 0.000000000000000000e+00 4.110509104379059409e+01
4.110176654334718194e+01 -0.000000000000000000e+00 0.000000000000000000e+00 0.000000000000000000e+00 4.110176654334718194e+01 0.000000000000000000e+00 0.000000000000000000e+00 0.000000000000000000e+00 4.110176654334718194e+01
4.111809041268949727e+01 -0.000000000000000000e+00 0.000000000000000000e+00 0.000000000000000000e+00 4.111809041268949727e+01 0.000000000000000000e+00 0.000000000000000000e+00 0.000000000000000000e+00 4.111809041268949727e+01
4.111095628902330645e+01 -0.000000000000000000e+00 0.000000000000000000e+00 0.000000000000000000e+00 4.111095628902330645e+01 0.000000000000000000e+00 0.000000000000000000e+00 0.000000000000000000e+00 4.111095628902330645e+01
4.110613634592412780e+01 -0.000000000000000000e+00 0.000000000000000000e+00 0.000000000000000000e+00 4.110613634592412780e+01 0.000000000000000000e+00 0.000000000000000000e+00 0.000000000000000000e+00 4.110613634592412780e+01
4.114391586370858533e+01 -0.000000000000000000e+00 0.000000000000000000e+00 0.000000000000000000e+00 4.114391586370858533e+01 0.000000000000000000e+00 0.000000000000000000e+00 0.000000000000000000e+00 4.114391586370858533e+01
4.108755235269589434e+01 -0.000000000000000000e+00 0.000000000000000000e+00 0.000000000000000000e+00 4.108755235269589434e+01 0.000000000000000000e+00 0.000000000000000000e+00 0.000000000000000000e+00 4.108755235269589434e+01
4.111033179977398788e+01 -0.000000000000000000e+00 0.000000000000000000e+00 0.000000000000000000e+00 4.111033179977398788e+01 0.000000000000000000e+00 0.000000000000000000e+00 0.000000000000000000e+00 4.111033179977398788e+01
4.115693520545788431e+01 -0.000000000000000000e+00 0.000000000000000000e+00 0.000000000000000000e+00 4.115693520545788431e+01 0.000000000000000000e+00 0.000000000000000000e+00 0.000000000000000000e+00 4.115693520545788431e+01
4.112653485025813893e+01 -0.000000000000000000e+00 0.000000000000000000e+00 0.000000000000000000e+00 4.112653485025813893e+01 0.000000000000000000e+00 0.000000000000000000e+00 0.000000000000000000e+00 4.112653485025813893e+01
4.110739380942982990e+01 -0.000000000000000000e+00 0.000000000000000000e+00 0.000000000000000000e+00 4.110739380942982990e+01 0.000000000000000000e+00 0.000000000000000000e+00 0.000000000000000000e+00 4.110739380942982990e+01
4.112093921326611223e+01 -0.000000000000000000e+00 0.000000000000000000e+00 0.000000000000000000e+00 4.112093921326611223e+01 0.000000000000000000e+00 0.000000000000000000e+00 0.000000000000000000e+00 4.112093921326611223e+01
4.109588065306333959e+01 -0.000000000000000000e+00 0.000000000000000000e+00 0.000000000000000000e+00 4.109588065306333959e+01 0.000000000000000000e+00 0.000000000000000000e+00 0.000000000000000000e+00 4.109588065306333959e+01
4.113662351350259172e+01 -0.000000000000000000e+00 0.000000000000000000e+00 0.000000000000000000e+00 4.113662351350259172e+01 0.000000000000000000e+00 0.000000000000000000e+00 0.000000000000000000e+00 4.113662351350259172e+01
4.116220674128500434e+01 -0.000000000000000000e+00 0.000000000000000000e+00 0.000000000000000000e+00 4.116220674128500434e+01 0.000000000000000000e+00 0.000000000000000000e+00 0.000000000000000000e+00 4.116220674128500434e+01
4.110745013281707827e+01 -0.000000000000000000e+00 0.000000000000000000e+00 0.000000000000000000e+00 4.110745013281707827e+01 0.000000000000000000e+00 0.000000000000000000e+00 0.000000000000000000e+00 4.110745013281707827e+01
4.113650725101634009e+01 -0.000000000000000000e+00 0.000000000000000000e+00 0.000000000000000000e+00 4.113650725101634009e+01 0.000000000000000000e+00 0.000000000000000000e+00 0.000000000000000000e+00 4.113650725101634009e+01
4.113114004333931462e+01 -0.000000000000000000e+00 0.000000000000000000e+00 0.000000000000000000e+00 4.113114004333931462e+01 0.000000000000000000e+00 0.000000000000000000e+00 0.000000000000000000e+00 4.113114004333931462e+01
4.113371854346432599e+01 -0.000000000000000000e+00 0.000000000000000000e+00 0.000000000000000000e+00 4.113371854346432599e+01 0.000000000000000000e+00 0.000000000000000000e+00 0.000000000000000000e+00 4.113371854346432599e+01
4.113045317307722115e+01 -0.000000000000000000e+00 0.000000000000000000e+00 0.000000000000000000e+00 4.113045317307722115e+01 0.000000000000000000e+00 0.000000000000000000e+00 0.000000000000000000e+00 4.113045317307722115e+01
4.110595802974791013e+01 -0.000000000000000000e+00 0.000000000000000000e+00 0.000000000000000000e+00 4.110595802974791013e+01 0.000000000000000000e+00 0.000000000000000000e+00 0.000000000000000000e+00 4.110595802974791013e+01
4.112516817321915852e+01 -0.000000000000000000e+00 0.000000000000000000e+00 0.000000000000000000e+00 4.112516817321915852e+01 0.000000000000000000e+00 0.000000000000000000e+00 0.000000000000000000e+00 4.112516817321915852e+01
4.111134092555173680e+01 -0.000000000000000000e+00 0.000000000000000000e+00 0.000000000000000000e+00 4.111134092555173680e+01 0.000000000000000000e+00 0.000000000000000000e+00 0.000000000000000000e+00 4.111134092555173680e+01
