4.103929890118982371e+01 -0.000000000000000000e+00 0.000000000000000000e+00 0.000000000000000000e+00 4.103929890118982371e+01 0.000000000000000000e+00 0.000000000000000000e+00 0.000000000000000000e+00 4.103929890118982371e+01
4.103457357957121587e+01 -0.000000000000000000e+00 0.000000000000000000e+00 0.000000000000000000e+00 4.103457357957121587e+01 0.000000000000000000e+00 0.000000000000000000e+00 0.000000000000000000e+00 4.103457357957121587e+01
4.101828864207808323e+01 -0.000000000000000000e+00 0.000000000000000000e+00 0.000000000000000000e+00 4.101828864207808323e+01 0.000000000000000000e+00 0.000000000000000000e+00 0.000000000000000000e+00 4.101828864207808323e+01
4.099562258432379735e+01 -0.000000000000000000e+00 0.000000000000000000e+00 0.000000000000000000e+00 4.099562258432379735e+01 0.000000000000000000e+00 0.000000000000000000e+00 0.000000000000000000e+00 4.099562258432379735e+01
4.104977952657337426e+01 -0.000000000000000000e+00 0.000000000000000000e+00 0.000000000000000000e+00 4.104977952657337426e+01 0.000000000000000000e+00 0.000000000000000000e+00 0.000000000000000000e+00 4.104977952657337426e+01
4.104557225462154690e+01 -0.000000000000000000e+00 0.000000000000000000e+00 0.000000000000000000e+00 4.104557225462154690e+01 0.000000000000000000e+00 0.000000000000000000e+00 0.000000000000000000e+00 4.104557225462154690e+01
4.101153736729980892e+01 -0.000000000000000000e+00 0.000000000000000000e+00 0.000000000000000000e+00 4.101153736729980892e+01 0.000000000000000000e+00 0.000000000000000000e+00 0.000000000000000000e+00 4.101153736729980892e+01
4.100277882715293742e+01 -0.000000000000000000e+00 0.000000000000000000e+00 0.000000000000000000e+00 4.100277882715293742e+01 0.000000000000000000e+00 0.000000000000000000e+00 0.000000000000000000e+00 4.100277882715293742e+01
4.100088995278808568e+01 -0.000000000000000000e+00 0.000000000000000000e+00 0.000000000000000000e+00 4.100088995278808568e+01 0.000000000000000000e+00 0.000000000000000000e+00 0.000000000000000000e+00 4.100088995278808568e+01
4.101141294118835390e+01 -0.000000000000000000e+00 0.000000000000000000e+00 0.000000000000000000e+00 4.101141294118835390e+01 0.000000000000000000e+00 0.000000000000000000e+00 0.000000000000000000e+00 4.101141294118835390e+01
4.104979884951915636e+01 -0.000000000000000000e+00 0.000000000000000000e+00 0.000000000000000000e+00 4.104979884951915636e+01 0.000000000000000000e+00 0.000000000000000000e+00 0.000000000000000000e+00 4.104979884951915636e+01
4.103440605373475591e+01 -0.000000000000000000e+00 0.000000000000000000e+00 0.000000000000000000e+00 4.103440605373475591e+01 0.000000000000000000e+00 0.000000000000000000e+00 0.000000000000000000e+00 4.103440605373475591e+01
4.106062058525866121e+01 -0.000000000000000000e+00 0.000000000000000000e+00 0.000000000000000000e+00 4.106062058525866121e+01 0.000000000000000000e+00 0.000000000000000000e+00 0.000000000000000000e+00 4.106062058525866121e+01
4.101421978954468273e+01 -0.000000000000000000e+00 0.000000000000000000e+00 0.000000000000000000e+00 4.101421978954468273e+01 0.000000000000000000e+00 0.000000000000000000e+00 0.000000000000000000e+00 4.101421978954468273e+01
4.099517859731158609e+01 -0.000000000000000000e+00 0.000000000000000000e+00 0.000000000000000000e+00 4.099517859731158609e+01 0.000000000000000000e+00 0.000000000000000000e+00 0.000000000000000000e+00 4.099517859731158609e+01
4.099267884761002279e+01 -0.000000000000000000e+00 0.000000000000000000e+00 0.000000000000000000e+00 4.099267884761002279e+01 0.000000000000000000e+00 0.000000000000000000e+00 0.000000000000000000e+00 4.099267884761002279e+01
4.101854296462995819e+01 -0.000000000000000000e+00 0.000000000000000000e+00 0.000000000000000000e+00 4.101854296462995819e+01 0.000000000000000000e+00 0.000000000000000000e+00 0.000000000000000000e+00 4.101854296462995819e+01
4.097753989499126703e+01 -0.000000000000000000e+00 0.000000000000000000e+00 0.000000000000000000e+00 4.097753989499126703e+01 0.000000000000000000e+00 0.000000000000000000e+00 0.000000000000000000e+00 4.097753989499126703e+01
4.098381624580862592e+01 -0.000000000000000000e+00 0.000000000000000000e+00 0.000000000000000000e+00 4.098381624580862592e+01 0.000000000000000000e+00 0.000000000000000000e+00 0.000000000000000000e+00 4.098381624580862592e+01
4.101575345609681733e+01 -0.000000000000000000e+00 0.000000000000000000e+00 0.000000000000000000e+00 4.101575345609681733e+01 0.000000000000000000e+00 0.000000000000000000e+00 0.000000000000000000e+00 4.101575345609681733e+01
4.100745574128899307e+01 -0.000000000000000000e+00 0.000000000000000000e+00 0.000000000000000000e+00 4.100745574128899307e+01 0.000000000000000000e+00 0.000000000000000000e+00 0.000000000000000000e+00 4.100745574128899307e+01
4.099712890441952595e+01 -0.000000000000000000e+00 0.000000000000000000e+00 0.000000000000000000e+00 4.099712890441952595e+01 0.000000000000000000e+00 0.000000000000000000e+00 0.000000000000000000e+00 4.099712890441952595e+01
4.098589784465139729e+01 -0.000000000000000000e+00 0.000000000000000000e+00 0.000000000000000000e+00 4.098589784465139729e+01 0.000000000000000000e+00 0.000000000000000000e+00 0.000000000000000000e+00 4.098589784465139729e+01
4.096077091754349198e+01 -0.000000000000000000e+00 0.000000000000000000e+00 0.000000000000000000e+00 4.096077091754349198e+01 0.000000000000000000e+00 0.000000000000000000e+00 0.000000000000000000e+00 4.096077091754349198e+01
4.102325704244125149e+01 -0.000000000000000000e+00 0.000000000000000000e+00 0.000000000000000000e+00 4.102325704244125149e+01 0.000000000000000000e+00 0.000000000000000000e+00 0.000000000000000000e+00 4.102325704244125149e+01
4.098391523371343226e+01 -0.000000000000000000e+00 0.000000000000000000e+00 0.000000000000000000e+00 4.098391523371343226e+01 0.000000000000000000e+00 0.000000000000000000e+00 0.000000000000000000e+00 4.098391523371343226e+01
4.099646706619091674e+01 -0.000000000000000000e+00 0.000000000000000000e+00 0.000000000000000000e+00 4.099646706619091674e+01 0.000000000000000000e+00 0.000000000000000000e+00 0.000000000000000000e+00 4.099646706619091674e+01
4.099411238604658791e+01 -0.000000000000000000e+00 0.000000000000000000e+00 0.000000000000000000e+00 4.099411238604658791e+01 0.000000000000000000e+00 0.000000000000000000e+00 0.000000000000000000e+00 4.099411238604658791e+01
4.098528902718070555e+01 -0.000000000000000000e+00 0.000000000000000000e+00 0.000000000000000000e+00 4.098528902718070555e+01 0.000000000000000000e+00 0.000000000000000000e+00 0.000000000000000000e+00 4.098528902718070555e+01
4.098570685825814053e+01 -0.000000000000000000e+00 0.000000000000000000e+00 0.000000000000000000e+00 4.098570685825814053e+01 0.000000000000000000e+00 0.000000000000000000e+00 0.000000000000000000e+00 4.098570685825814053e+01
4.098665901673568612e+01 -0.000000000000000000e+00 0.000000000000000000e+00 0.000000000000000000e+00 4.098665901673568612e+01 0.000000000000000000e+00 0.000000000000000000e+00 0.000000000000000000e+00 4.098665901673568612e+01
4.099157035197826104e+01 -0.000000000000000000e+00 0.000000000000000000e+00 0.000000000000000000e+00 4.099157035197826104e+01 0.000000000000000000e+00 0.000000000000000000e+00 0.000000000000000000e+00 4.099157035197826104e+01
4.098475444119115707e+01 -0.000000000000000000e+00 0.000000000000000000e+00 0.000000000000000000e+00 4.098475444119115707e+01 0.000000000000000000e+00 0.000000000000000000e+00 0.000000000000000000e+00 4.098475444119115707e+01
4.097985508702006996e+01 -0.000000000000000000e+00 0.000000000000000000e+00 0.000000000000000000e+00 4.097985508702006996e+01 0.000000000000000000e+00 0.000000000000000000e+00 0.000000000000000000e+00 4.097985508702006996e+01
4.098463329586180492e+01 -0.000000000000000000e+00 0.000000000000000000e+00 0.000000000000000000e+00 4.098463329586180492e+01 0.000000000000000000e+00 0.000000000000000000e+00 0.000000000000000000e+00 4.098463329586180492e+01
4.099692208178904451e+01 -0.000000000000000000e+00 0.000000000000000000e+00 0.000000000000000000e+00 4.099692208178904451e+01 0.000000000000000000e+00 0.000000000000000000e+00 0.000000000000000000e+00 4.099692208178904451e+01
4.099895818986927054e+01 -0.000000000000000000e+00 0.000000000000000000e+00 0.000000000000000000e+00 4.099895818986927054e+01 0.000000000000000000e+00 0.000000000000000000e+00 0.000000000000000000e+00 4.099895818986927054e+01
4.097007313365519110e+01 -0.000000000000000000e+00 0.000000000000000000e+00 0.000000000000000000e+00 4.097007313365519110e+01 0.000000000000000000e+00 0.000000000000000000e+00 0.000000000000000000e+00 4.097007313365519110e+01
4.099357086087889002e+01 -0.000000000000000000e+00 0.000000000000000000e+00 0.000000000000000000e+00 4.099357086087889002e+01 0.000000000000000000e+00 0.000000000000000000e+00 0.000000000000000000e+00 4.099357086087889002e+01
4.096960961916602884e+01 -0.000000000000000000e+00 0.000000000000000000e+00 0.000000000000000000e+00 4.096960961916602884e+01 0.000000000000000000e+00 0.000000000000000000e+00 0.000000000000000000e+00 4.096960961916602884e+01
4.099259576945240724e+01 -0.000000000000000000e+00 0.000000000000000000e+00 0.000000000000000000e+00 4.099259576945240724e+01 0.000000000000000000e+00 0.000000000000000000e+00 0.000000000000000000e+00 4.099259576945240724e+01
4.099488179085622619e+01 -0.000000000000000000e+00 0.000000000000000000e+00 0.000000000000000000e+00 4.099488179085622619e+01 0.000000000000000000e+00 0.000000000000000000e+00 0.000000000000000000e+00 4.099488179085622619e+01
4.098960224568283195e+01 -0.000000000000000000e+00 0.000000000000000000e+00 0.000000000000000000e+00 4.098960224568283195e+01 0.000000000000000000e+00 0.000000000000000000e+00 0.000000000000000000e+00 4.098960224568283195e+01
4.099117357951938345e+01 -0.000000000000000000e+00 0.000000000000000000e+00 0.000000000000000000e+00 4.099117357951938345e+01 0.000000000000000000e+00 0.000000000000000000e+00 0.000000000000000000e+00 4.099117357951938345e+01
4.099157716223534464e+01 -0.000000000000000000e+00 0.000000000000000000e+00 0.000000000000000000e+00 4.099157716223534464e+01 0.000000000000000000e+00 0.000000000000000000e+00 0.000000000000000000e+00 4.099157716223534464e+01
4.099076492712712394e+01 -0.000000000000000000e+00 0.000000000000000000e+00 0.000000000000000000e+00 4.099076492712712394e+01 0.000000000000000000e+00 0.000000000000000000e+00 0.000000000000000000e+00 4.099076492712712394e+01
4.097947989474612029e+01 -0.000000000000000000e+00 0.000000000000000000e+00 0.000000000000000000e+00 4.097947989474612029e+01 0.000000000000000000e+00 0.000000000000000000e+00 0.000000000000000000e+00 4.097947989474612029e+01
4.097248072426260990e+01 -0.000000000000000000e+00 0.000000000000000000e+00 0.000000000000000000e+00 4.097248072426260990e+01 0.000000000000000000e+00 0.000000000000000000e+00 0.000000000000000000e+00 4.097248072426260990e+01
4.094989487390135707e+01 -0.000000000000000000e+00 0.000000000000000000e+00 0.000000000000000000e+00 4.094989487390135707e+01 0.000000000000000000e+00 0.000000000000000000e+00 0.000000000000000000e+00 4.094989487390135707e+01
4.095691265427649341e+01 -0.000000000000000000e+00 0.000000000000000000e+00 0.000000000000000000e+00 4.095691265427649341e+01 0.000000000000000000e+00 0.000000000000000000e+00 0.000000000000000000e+00 4.095691265427649341e+01
4.095822057029916152e+01 -0.000000000000000000e+00 0.000000000000000000e+00 0.000000000000000000e+00 4.095822057029916152e+01 0.000000000000000000e+00 0.000000000000000000e+00 0.000000000000000000e+00 4.095822057029916152e+01
