4.105303863349895721e+01 -0.000000000000000000e+00 0.000000000000000000e+00 0.000000000000000000e+00 4.105303863349895721e+01 0.000000000000000000e+00 0.000000000000000000e+00 0.000000000000000000e+00 4.105303863349895721e+01
4.110509555059421416e+01 -0.000000000000000000e+00 0.000000000000000000e+00 0.000000000000000000e+00 4.110509555059421416e+01 0.000000000000000000e+00 0.000000000000000000e+00 0.000000000000000000e+00 4.110509555059421416e+01
4.110575501105159191e+01 -0.000000000000000000e+00 0.000000000000000000e+00 0.000000000000000000e+00 4.110575501105159191e+01 0.000000000000000000e+00 0.000000000000000000e+00 0.000000000000000000e+00 4.110575501105159191e+01
4.104718745080277387e+01 -0.000000000000000000e+00 0.000000000000000000e+00 0.000000000000000000e+00 4.104718745080277387e+01 0.000000000000000000e+00 0.000000000000000000e+00 0.000000000000000000e+00 4.104718745080277387e+01
4.109946253229730218e+01 -0.000000000000000000e+00 0.000000000000000000e+00 0.000000000000000000e+00 4.109946253229730218e+01 0.000000000000000000e+00 0.000000000000000000e+00 0.000000000000000000e+00 4.109946253229730218e+01
4.107715391057247700e+01 -0.000000000000000000e+00 0.000000000000000000e+00 0.000000000000000000e+00 4.107715391057247700e+01 0.000000000000000000e+00 0.000000000000000000e+00 0.000000000000000000e+00 4.107715391057247700e+01
4.108002959668921505e+01 -0.000000000000000000e+00 0.000000000000000000e+00 0.000000000000000000e+00 4.108002959668921505e+01 0.000000000000000000e+00 0.000000000000000000e+00 0.000000000000000000e+00 4.108002959668921505e+01
4.106354574220247855e+01 -0.000000000000000000e+00 0.000000000000000000e+00 0.000000000000000000e+00 4.106354574220247855e+01 0.000000000000000000e+00 0.000000000000000000e+00 0.000000000000000000e+00 4.106354574220247855e+01
4.109741190906782293e+01 -0.000000000000000000e+00 0.000000000000000000e+00 0.000000000000000000e+00 4.109741190906782293e+01 0.000000000000000000e+00 0.000000000000000000e+00 0.000000000000000000e+00 4.109741190906782293e+01
4.108565089294623363e+01 -0.000000000000000000e+00 0.000000000000000000e+00 0.000000000000000000e+00 4.108565089294623363e+01 0.000000000000000000e+00 0.000000000000000000e+00 0.000000000000000000e+00 4.108565089294623363e+01
4.110517788030337982e+01 -0.000000000000000000e+00 0.000000000000000000e+00 0.000000000000000000e+00 4.110517788030337982e+01 0.000000000000000000e+00 0.000000000000000000e+00 0.000000000000000000e+00 4.110517788030337982e+01
4.109114259531755664e+01 -0.000000000000000000e+00 0.000000000000000000e+00 0.000000000000000000e+00 4.109114259531755664e+01 0.000000000000000000e+00 0.000000000000000000e+00 0.000000000000000000e+00 4.109114259531755664e+01
4.109404081360614214e+01 -0.000000000000000000e+00 0.000000000000000000e+00 0.000000000000000000e+00 4.109404081360614214e+01 0.000000000000000000e+00 0.000000000000000000e+00 0.000000000000000000e+00 4.109404081360614214e+01
4.108747988878634771e+01 -0.000000000000000000e+00 0.000000000000000000e+00 0.000000000000000000e+00 4.108747988878634771e+01 0.000000000000000000e+00 0.000000000000000000e+00 0.000000000000000000e+00 4.108747988878634771e+01
4.106851023184067628e+01 -0.000000000000000000e+00 0.000000000000000000e+00 0.000000000000000000e+00 4.106851023184067628e+01 0.000000000000000000e+00 0.000000000000000000e+00 0.000000000000000000e+00 4.106851023184067628e+01
4.104668152683167648e+01 -0.000000000000000000e+00 0.000000000000000000e+00 0.000000000000000000e+00 4.104668152683167648e+01 0.000000000000000000e+00 0.000000000000000000e+00 0.000000000000000000e+00 4.104668152683167648e+01
4.107921220268064388e+01 -0.000000000000000000e+00 0.000000000000000000e+00 0.000000000000000000e+00 4.107921220268064388e+01 0.000000000000000000e+00 0.000000000000000000e+00 0.000000000000000000e+00 4.107921220268064388e+01
4.107199541567707968e+01 -0.000000000000000000e+00 0.000000000000000000e+00 0.000000000000000000e+00 4.107199541567707968e+01 0.000000000000000000e+00 0.000000000000000000e+00 0.000000000000000000e+00 4.107199541567707968e+01
4.106551625441692011e+01 -0.000000000000000000e+00 0.000000000000000000e+00 0.000000000000000000e+00 4.106551625441692011e+01 0.000000000000000000e+00 0.000000000000000000e+00 0.000000000000000000e+00 4.106551625441692011e+01
4.106526791092956330e+01 -0.000000000000000000e+00 0.000000000000000000e+00 0.000000000000000000e+00 4.106526791092956330e+01 0.000000000000000000e+00 0.000000000000000000e+00 0.000000000000000000e+00 4.106526791092956330e+01
4.113558059017718449e+01 -0.000000000000000000e+00 0.000000000000000000e+00 0.000000000000000000e+00 4.113558059017718449e+01 0.000000000000000000e+00 0.000000000000000000e+00 0.000000000000000000e+00 4.113558059017718449e+01
4.111490894525572770e+01 -0.000000000000000000e+00 0.000000000000000000e+00 0.000000000000000000e+00 4.111490894525572770e+01 0.000000000000000000e+00 0.000000000000000000e+00 0.000000000000000000e+00 4.111490894525572770e+01
4.109271741821762447e+01 -0.000000000000000000e+00 0.000000000000000000e+00 0.000000000000000000e+00 4.109271741821762447e+01 0.000000000000000000e+00 0.000000000000000000e+00 0.000000000000000000e+00 4.109271741821762447e+01
4.101425028261144945e+01 -0.000000000000000000e+00 0.000000000000000000e+00 0.000000000000000000e+00 4.101425028261144945e+01 0.000000000000000000e+00 0.000000000000000000e+00 0.000000000000000000e+00 4.101425028261144945e+01
4.112350530291605821e+01 -0.000000000000000000e+00 0.000000000000000000e+00 0.000000000000000000e+00 4.112350530291605821e+01 0.000000000000000000e+00 0.000000000000000000e+00 0.000000000000000000e+00 4.112350530291605821e+01
4.106161897053456045e+01 -0.000000000000000000e+00 0.000000000000000000e+00 0.000000000000000000e+00 4.106161897053456045e+01 0.000000000000000000e+00 0.000000000000000000e+00 0.000000000000000000e+00 4.106161897053456045e+01
4.108754484745669799e+01 -0.000000000000000000e+00 0.000000000000000000e+00 0.000000000000000000e+00 4.108754484745669799e+01 0.000000000000000000e+00 0.000000000000000000e+00 0.000000000000000000e+00 4.108754484745669799e+01
4.105884201334642114e+01 -0.000000000000000000e+00 0.000000000000000000e+00 0.000000000000000000e+00 4.105884201334642114e+01 0.000000000000000000e+00 0.000000000000000000e+00 0.000000000000000000e+00 4.105884201334642114e+01
4.107516708019323914e+01 -0.000000000000000000e+00 0.000000000000000000e+00 0.000000000000000000e+00 4.107516708019323914e+01 0.000000000000000000e+00 0.000000000000000000e+00 0.000000000000000000e+00 4.107516708019323914e+01
4.107520523061366191e+01 -0.000000000000000000e+00 0.000000000000000000e+00 0.000000000000000000e+00 4.107520523061366191e+01 0.000000000000000000e+00 0.000000000000000000e+00 0.000000000000000000e+00 4.107520523061366191e+01
4.108414308565169648e+01 -0.000000000000000000e+00 0.000000000000000000e+00 0.000000000000000000e+00 4.108414308565169648e+01 0.000000000000000000e+00 0.000000000000000000e+00 0.000000000000000000e+00 4.108414308565169648e+01
4.106927730762683382e+01 -0.000000000000000000e+00 0.000000000000000000e+00 0.000000000000000000e+00 4.106927730762683382e+01 0.000000000000000000e+00 0.000000000000000000e+00 0.000000000000000000e+00 4.106927730762683382e+01
4.107202331348565849e+01 -0.000000000000000000e+00 0.000000000000000000e+00 0.000000000000000000e+00 4.107202331348565849e+01 0.000000000000000000e+00 0.000000000000000000e+00 0.000000000000000000e+00 4.107202331348565849e+01
4.111303914582927632e+01 -0.000000000000000000e+00 0.000000000000000000e+00 0.000000000000000000e+00 4.111303914582927632e+01 0.000000000000000000e+00 0.000000000000000000e+00 0.000000000000000000e+00 4.111303914582927632e+01
4.109466421740357589e+01 -0.000000000000000000e+00 0.000000000000000000e+00 0.000000000000000000e+00 4.109466421740357589e+01 0.000000000000000000e+00 0.000000000000000000e+00 0.000000000000000000e+00 4.109466421740357589e+01
4.106339396333278557e+01 -0.000000000000000000e+00 0.000000000000000000e+00 0.000000000000000000e+00 4.106339396333278557e+01 0.000000000000000000e+00 0.000000000000000000e+00 0.000000000000000000e+00 4.106339396333278557e+01
4.108148402298746760e+01 -0.000000000000000000e+00 0.000000000000000000e+00 0.000000000000000000e+00 4.108148402298746760e+01 0.000000000000000000e+00 0.000000000000000000e+00 0.000000000000000000e+00 4.108148402298746760e+01
4.107021064803876698e+01 -0.000000000000000000e+00 0.000000000000000000e+00 0.000000000000000000e+00 4.107021064803876698e+01 0.000000000000000000e+00 0.000000000000000000e+00 0.000000000000000000e+00 4.107021064803876698e+01
4.107427593995305415e+01 -0.000000000000000000e+00 0.000000000000000000e+00 0.000000000000000000e+00 4.107427593995305415e+01 0.000000000000000000e+00 0.000000000000000000e+00 0.000000000000000000e+00 4.107427593995305415e+01
4.110009323257830971e+01 -0.000000000000000000e+00 0.000000000000000000e+00 0.000000000000000000e+00 4.110009323257830971e+01 0.000000000000000000e+00 0.000000000000000000e+00 0.000000000000000000e+00 4.110009323257830971e+01
4.105205438485504033e+01 -0.000000000000000000e+00 0.000000000000000000e+00 0.000000000000000000e+00 4.105205438485504033e+01 0.000000000000000000e+00 0.000000000000000000e+00 0.000000000000000000e+00 4.105205438485504033e+01
4.108454360784039494e+01 -0.000000000000000000e+00 0.000000000000000000e+00 0.000000000000000000e+00 4.108454360784039494e+01 0.000000000000000000e+00 0.000000000000000000e+00 0.000000000000000000e+00 4.108454360784039494e+01
4.110369864069461698e+01 -0.000000000000000000e+00 0.000000000000000000e+00 0.000000000000000000e+00 4.110369864069461698e+01 0.000000000000000000e+00 0.000000000000000000e+00 0.000000000000000000e+00 4.110369864069461698e+01
4.107225986732214551e+01 -0.000000000000000000e+00 0.000000000000000000e+00 0.000000000000000000e+00 4.107225986732214551e+01 0.000000000000000000e+00 0.000000000000000000e+00 0.000000000000000000e+00 4.107225986732214551e+01
4.108505071730122182e+01 -0.000000000000000000e+00 0.000000000000000000e+00 0.000000000000000000e+00 4.108505071730122182e+01 0.000000000000000000e+00 0.000000000000000000e+00 0.000000000000000000e+00 4.108505071730122182e+01
4.107692014344556242e+01 -0.000000000000000000e+00 0.000000000000000000e+00 0.000000000000000000e+00 4.107692014344556242e+01 0.000000000000000000e+00 0.000000000000000000e+00 0.000000000000000000e+00 4.107692014344556242e+01
4.107746933796306621e+01 -0.000000000000000000e+00 0.000000000000000000e+00 0.000000000000000000e+00 4.107746933796306621e+01 0.000000000000000000e+00 0.000000000000000000e+00 0.000000000000000000e+00 4.107746933796306621e+01
4.106291850762139717e+01 -0.000000000000000000e+00 0.000000000000000000e+00 0.000000000000000000e+00 4.106291850762139717e+01 0.000000000000000000e+00 0.000000000000000000e+00 0.000000000000000000e+00 4.106291850762139717e+01
4.106591069452502296e+01 -0.000000000000000000e+00 0.000000000000000000e+00 0.000000000000000000e+00 4.106591069452502296e+01 0.000000000000000000e+00 0.000000000000000000e+00 0.000000000000000000e+00 4.106591069452502296e+01
4.108786997385439577e+01 -0.000000000000000000e+00 0.000000000000000000e+00 0.000000000000000000e+00 4.108786997385439577e+01 0.000000000000000000e+00 0.000000000000000000e+00 0.000000000000000000e+00 4.108786997385439577e+01
4.109345414095287197e+01 -0.000000000000000000e+00 0.000000000000000000e+00 0.000000000000000000e+00 4.109345414095287197e+01 0.000000000000000000e+00 0.000000000000000000e+00 0.000000000000000000e+00 4.109345414095287197e+01
