4.109345414095287197e+01 -0.000000000000000000e+00 0.000000000000000000e+00 0.000000000000000000e+00 4.109345414095287197e+01 0.000000000000000000e+00 0.000000000000000000e+00 0.000000000000000000e+00 4.109345414095287197e+01
4.108933899360535236e+01 -0.000000000000000000e+00 0.000000000000000000e+00 0.000000000000000000e+00 4.108933899360535236e+01 0.000000000000000000e+00 0.000000000000000000e+00 0.000000000000000000e+00 4.108933899360535236e+01
4.104367987272918583e+01 -0.000000000000000000e+00 0.000000000000000000e+00 0.000000000000000000e+00 4.104367987272918583e+01 0.000000000000000000e+00 0.000000000000000000e+00 0.000000000000000000e+00 4.104367987272918583e+01
4.107127852770386767e+01 -0.000000000000000000e+00 0.000000000000000000e+00 0.000000000000000000e+00 4.107127852770386767e+01 0.000000000000000000e+00 0.000000000000000000e+00 0.000000000000000000e+00 4.107127852770386767e+01
4.109976366185966867e+01 -0.000000000000000000e+00 0.000000000000000000e+00 0.000000000000000000e+00 4.109976366185966867e+01 0.000000000000000000e+00 0.000000000000000000e+00 0.000000000000000000e+00 4.109976366185966867e+01
4.108173510758061298e+01 -0.000000000000000000e+00 0.000000000000000000e+00 0.000000000000000000e+00 4.108173510758061298e+01 0.000000000000000000e+00 0.000000000000000000e+00 0.000000000000000000e+00 4.108173510758061298e+01
4.109766335432993856e+01 -0.000000000000000000e+00 0.000000000000000000e+00 0.000000000000000000e+00 4.109766335432993856e+01 0.000000000000000000e+00 0.000000000000000000e+00 0.000000000000000000e+00 4.109766335432993856e+01
4.106508969962386857e+01 -0.000000000000000000e+00 0.000000000000000000e+00 0.000000000000000000e+00 4.106508969962386857e+01 0.000000000000000000e+00 0.000000000000000000e+00 0.000000000000000000e+00 4.106508969962386857e+01
4.108465986268924297e+01 -0.000000000000000000e+00 0.000000000000000000e+00 0.000000000000000000e+00 4.108465986268924297e+01 0.000000000000000000e+00 0.000000000000000000e+00 0.000000000000000000e+00 4.108465986268924297e+01
4.105315273320914571e+01 -0.000000000000000000e+00 0.000000000000000000e+00 0.000000000000000000e+00 4.105315273320914571e+01 0.000000000000000000e+00 0.000000000000000000e+00 0.000000000000000000e+00 4.105315273320914571e+01
4.106762023542194839e+01 -0.000000000000000000e+00 0.000000000000000000e+00 0.000000000000000000e+00 4.106762023542194839e+01 0.000000000000000000e+00 0.000000000000000000e+00 0.000000000000000000e+00 4.106762023542194839e+01
4.105914752521380251e+01 -0.000000000000000000e+00 0.000000000000000000e+00 0.000000000000000000e+00 4.105914752521380251e+01 0.000000000000000000e+00 0.000000000000000000e+00 0.000000000000000000e+00 4.105914752521380251e+01
4.110723661659699246e+01 -0.000000000000000000e+00 0.000000000000000000e+00 0.000000000000000000e+00 4.110723661659699246e+01 0.000000000000000000e+00 0.000000000000000000e+00 0.000000000000000000e+00 4.110723661659699246e+01
4.105432943528758472e+01 -0.000000000000000000e+00 0.000000000000000000e+00 0.000000000000000000e+00 4.105432943528758472e+01 0.000000000000000000e+00 0.000000000000000000e+00 0.000000000000000000e+00 4.105432943528758472e+01
4.106456239002459796e+01 -0.000000000000000000e+00 0.000000000000000000e+00 0.000000000000000000e+00 4.106456239002459796e+01 0.000000000000000000e+00 0.000000000000000000e+00 0.000000000000000000e+00 4.106456239002459796e+01
4.106971490155024185e+01 -0.000000000000000000e+00 0.000000000000000000e+00 0.000000000000000000e+00 4.106971490155024185e+01 0.000000000000000000e+00 0.000000000000000000e+00 0.000000000000000000e+00 4.106971490155024185e+01
4.101917923520486653e+01 -0.000000000000000000e+00 0.000000000000000000e+00 0.000000000000000000e+00 4.101917923520486653e+01 0.000000000000000000e+00 0.000000000000000000e+00 0.000000000000000000e+00 4.101917923520486653e+01
4.105151069477189907e+01 -0.000000000000000000e+00 0.000000000000000000e+00 0.000000000000000000e+00 4.105151069477189907e+01 0.000000000000000000e+00 0.000000000000000000e+00 0.000000000000000000e+00 4.105151069477189907e+01
4.109688101617379630e+01 -0.000000000000000000e+00 0.000000000000000000e+00 0.000000000000000000e+00 4.109688101617379630e+01 0.000000000000000000e+00 0.000000000000000000e+00 0.000000000000000000e+00 4.109688101617379630e+01
4.108660842364641752e+01 -0.000000000000000000e+00 0.000000000000000000e+00 0.000000000000000000e+00 4.108660842364641752e+01 0.000000000000000000e+00 0.000000000000000000e+00 0.000000000000000000e+00 4.108660842364641752e+01
4.103946191098732044e+01 -0.000000000000000000e+00 0.000000000000000000e+00 0.000000000000000000e+00 4.103946191098732044e+01 0.000000000000000000e+00 0.000000000000000000e+00 0.000000000000000000e+00 4.103946191098732044e+01
4.106792693107575332e+01 -0.000000000000000000e+00 0.000000000000000000e+00 0.000000000000000000e+00 4.106792693107575332e+01 0.000000000000000000e+00 0.000000000000000000e+00 0.000000000000000000e+00 4.106792693107575332e+01
4.110897986190986586e+01 -0.000000000000000000e+00 0.000000000000000000e+00 0.000000000000000000e+00 4.110897986190986586e+01 0.000000000000000000e+00 0.000000000000000000e+00 0.000000000000000000e+00 4.110897986190986586e+01
4.107957326033080392e+01 -0.000000000000000000e+00 0.000000000000000000e+00 0.000000000000000000e+00 4.107957326033080392e+01 0.000000000000000000e+00 0.000000000000000000e+00 0.000000000000000000e+00 4.107957326033080392e+01
4.106260836803572545e+01 -0.000000000000000000e+00 0.000000000000000000e+00 0.000000000000000000e+00 4.106260836803572545e+01 0.000000000000000000e+00 0.000000000000000000e+00 0.000000000000000000e+00 4.106260836803572545e+01
4.107348232917410513e+01 -0.000000000000000000e+00 0.000000000000000000e+00 0.000000000000000000e+00 4.107348232917410513e+01 0.000000000000000000e+00 0.000000000000000000e+00 0.000000000000000000e+00 4.107348232917410513e+01
4.104073365831757059e+01 -0.000000000000000000e+00 0.000000000000000000e+00 0.000000000000000000e+00 4.104073365831757059e+01 0.000000000000000000e+00 0.000000000000000000e+00 0.000000000000000000e+00 4.104073365831757059e+01
4.108049178499763343e+01 -0.000000000000000000e+00 0.000000000000000000e+00 0.000000000000000000e+00 4.108049178499763343e+01 0.000000000000000000e+00 0.000000000000000000e+00 0.000000000000000000e+00 4.108049178499763343e+01
4.104830507557166186e+01 -0.000000000000000000e+00 0.000000000000000000e+00 0.000000000000000000e+00 4.104830507557166186e+01 0.000000000000000000e+00 0.000000000000000000e+00 0.000000000000000000e+00 4.104830507557166186e+01
4.101457273900872735e+01 -0.000000000000000000e+00 0.000000000000000000e+00 0.000000000000000000e+00 4.101457273900872735e+01 0.000000000000000000e+00 0.000000000000000000e+00 0.000000000000000000e+00 4.101457273900872735e+01
4.102790287457507645e+01 -0.000000000000000000e+00 0.000000000000000000e+00 0.000000000000000000e+00 4.102790287457507645e+01 0.000000000000000000e+00 0.000000000000000000e+00 0.000000000000000000e+00 4.102790287457507645e+01
4.108126780864852634e+01 -0.000000000000000000e+00 0.000000000000000000e+00 0.000000000000000000e+00 4.108126780864852634e+01 0.000000000000000000e+00 0.000000000000000000e+00 0.000000000000000000e+00 4.108126780864852634e+01
4.106045666147045381e+01 -0.000000000000000000e+00 0.000000000000000000e+00 0.000000000000000000e+00 4.106045666147045381e+01 0.000000000000000000e+00 0.000000000000000000e+00 0.000000000000000000e+00 4.106045666147045381e+01
4.102800402731646301e+01 -0.000000000000000000e+00 0.000000000000000000e+00 0.000000000000000000e+00 4.102800402731646301e+01 0.000000000000000000e+00 0.000000000000000000e+00 0.000000000000000000e+00 4.102800402731646301e+01
4.104662503056816547e+01 -0.000000000000000000e+00 0.000000000000000000e+00 0.000000000000000000e+00 4.104662503056816547e+01 0.000000000000000000e+00 0.000000000000000000e+00 0.000000000000000000e+00 4.104662503056816547e+01
4.104487518367967880e+01 -0.000000000000000000e+00 0.000000000000000000e+00 0.000000000000000000e+00 4.104487518367967880e+01 0.000000000000000000e+00 0.000000000000000000e+00 0.000000000000000000e+00 4.104487518367967880e+01
4.107921818531943359e+01 -0.000000000000000000e+00 0.000000000000000000e+00 0.000000000000000000e+00 4.107921818531943359e+01 0.000000000000000000e+00 0.000000000000000000e+00 0.000000000000000000e+00 4.107921818531943359e+01
4.102244003145945328e+01 -0.000000000000000000e+00 0.000000000000000000e+00 0.000000000000000000e+00 4.102244003145945328e+01 0.000000000000000000e+00 0.000000000000000000e+00 0.000000000000000000e+00 4.102244003145945328e+01
4.105424867630691210e+01 -0.000000000000000000e+00 0.000000000000000000e+00 0.000000000000000000e+00 4.105424867630691210e+01 0.000000000000000000e+00 0.000000000000000000e+00 0.000000000000000000e+00 4.105424867630691210e+01
4.104019566800165109e+01 -0.000000000000000000e+00 0.000000000000000000e+00 0.000000000000000000e+00 4.104019566800165109e+01 0.000000000000000000e+00 0.000000000000000000e+00 0.000000000000000000e+00 4.104019566800165109e+01
4.099359097815054298e+01 -0.000000000000000000e+00 0.000000000000000000e+00 0.000000000000000000e+00 4.099359097815054298e+01 0.000000000000000000e+00 0.000000000000000000e+00 0.000000000000000000e+00 4.099359097815054298e+01
4.107297628136744549e+01 -0.000000000000000000e+00 0.000000000000000000e+00 0.000000000000000000e+00 4.107297628136744549e+01 0.000000000000000000e+00 0.000000000000000000e+00 0.000000000000000000e+00 4.107297628136744549e+01
4.105205769033781849e+01 -0.000000000000000000e+00 0.000000000000000000e+00 0.000000000000000000e+00 4.105205769033781849e+01 0.000000000000000000e+00 0.000000000000000000e+00 0.000000000000000000e+00 4.105205769033781849e+01
4.103888935924602066e+01 -0.000000000000000000e+00 0.000000000000000000e+00 0.000000000000000000e+00 4.103888935924602066e+01 0.000000000000000000e+00 0.000000000000000000e+00 0.000000000000000000e+00 4.103888935924602066e+01
4.101304041293931846e+01 -0.000000000000000000e+00 0.000000000000000000e+00 0.000000000000000000e+00 4.101304041293931846e+01 0.000000000000000000e+00 0.000000000000000000e+00 0.000000000000000000e+00 4.101304041293931846e+01
4.101806931398890299e+01 -0.000000000000000000e+00 0.000000000000000000e+00 0.000000000000000000e+00 4.101806931398890299e+01 0.000000000000000000e+00 0.000000000000000000e+00 0.000000000000000000e+00 4.101806931398890299e+01
4.105143293179131092e+01 -0.000000000000000000e+00 0.000000000000000000e+00 0.000000000000000000e+00 4.105143293179131092e+01 0.000000000000000000e+00 0.000000000000000000e+00 0.000000000000000000e+00 4.105143293179131092e+01
4.101357693813607597e+01 -0.000000000000000000e+00 0.000000000000000000e+00 0.000000000000000000e+00 4.101357693813607597e+01 0.000000000000000000e+00 0.000000000000000000e+00 0.000000000000000000e+00 4.101357693813607597e+01
4.102030785033096549e+01 -0.000000000000000000e+00 0.000000000000000000e+00 0.000000000000000000e+00 4.102030785033096549e+01 0.000000000000000000e+00 0.000000000000000000e+00 0.000000000000000000e+00 4.102030785033096549e+01
4.104234786032183990e+01 -0.000000000000000000e+00 0.000000000000000000e+00 0.000000000000000000e+00 4.104234786032183990e+01 0.000000000000000000e+00 0.000000000000000000e+00 0.000000000000000000e+00 4.104234786032183990e+01
4.100198706050983333e+01 -0.000000000000000000e+00 0.000000000000000000e+00 0.000000000000000000e+00 4.100198706050983333e+01 0.000000000000000000e+00 0.000000000000000000e+00 0.000000000000000000e+00 4.100198706050983333e+01
