4.147336453164639636e+01 -0.000000000000000000e+00 0.000000000000000000e+00 0.000000000000000000e+00 4.147336453164639636e+01 0.000000000000000000e+00 0.000000000000000000e+00 0.000000000000000000e+00 4.147336453164639636e+01
4.145025596531220913e+01 -0.000000000000000000e+00 0.000000000000000000e+00 0.000000000000000000e+00 4.145025596531220913e+01 0.000000000000000000e+00 0.000000000000000000e+00 0.000000000000000000e+00 4.145025596531220913e+01
4.145732341188364956e+01 -0.000000000000000000e+00 0.000000000000000000e+00 0.000000000000000000e+00 4.145732341188364956e+01 0.000000000000000000e+00 0.000000000000000000e+00 0.000000000000000000e+00 4.145732341188364956e+01
4.145093874110022369e+01 -0.000000000000000000e+00 0.000000000000000000e+00 0.000000000000000000e+00 4.145093874110022369e+01 0.000000000000000000e+00 0.000000000000000000e+00 0.000000000000000000e+00 4.145093874110022369e+01
4.147099456672311391e+01 -0.000000000000000000e+00 0.000000000000000000e+00 0.000000000000000000e+00 4.147099456672311391e+01 0.000000000000000000e+00 0.000000000000000000e+00 0.000000000000000000e+00 4.147099456672311391e+01
4.148170540159232900e+01 -0.000000000000000000e+00 0.000000000000000000e+00 0.000000000000000000e+00 4.148170540159232900e+01 0.000000000000000000e+00 0.000000000000000000e+00 0.000000000000000000e+00 4.148170540159232900e+01
4.145458867378536638e+01 -0.000000000000000000e+00 0.000000000000000000e+00 0.000000000000000000e+00 4.145458867378536638e+01 0.000000000000000000e+00 0.000000000000000000e+00 0.000000000000000000e+00 4.145458867378536638e+01
4.146436690380865286e+01 -0.000000000000000000e+00 0.000000000000000000e+00 0.000000000000000000e+00 4.146436690380865286e+01 0.000000000000000000e+00 0.000000000000000000e+00 0.000000000000000000e+00 4.146436690380865286e+01
4.152590979855570907e+01 -0.000000000000000000e+00 0.000000000000000000e+00 0.000000000000000000e+00 4.152590979855570907e+01 0.000000000000000000e+00 0.000000000000000000e+00 0.000000000000000000e+00 4.152590979855570907e+01
4.148252720555751694e+01 -0.000000000000000000e+00 0.000000000000000000e+00 0.000000000000000000e+00 4.148252720555751694e+01 0.000000000000000000e+00 0.000000000000000000e+00 0.000000000000000000e+00 4.148252720555751694e+01
4.142799839629090286e+01 -0.000000000000000000e+00 0.000000000000000000e+00 0.000000000000000000e+00 4.142799839629090286e+01 0.000000000000000000e+00 0.000000000000000000e+00 0.000000000000000000e+00 4.142799839629090286e+01
4.146223649358779539e+01 -0.000000000000000000e+00 0.000000000000000000e+00 0.000000000000000000e+00 4.146223649358779539e+01 0.000000000000000000e+00 0.000000000000000000e+00 0.000000000000000000e+00 4.146223649358779539e+01
4.144742688510408613e+01 -0.000000000000000000e+00 0.000000000000000000e+00 0.000000000000000000e+00 4.144742688510408613e+01 0.000000000000000000e+00 0.000000000000000000e+00 0.000000000000000000e+00 4.144742688510408613e+01
4.146993173081766315e+01 -0.000000000000000000e+00 0.000000000000000000e+00 0.000000000000000000e+00 4.146993173081766315e+01 0.000000000000000000e+00 0.000000000000000000e+00 0.000000000000000000e+00 4.146993173081766315e+01
4.147800194363880877e+01 -0.000000000000000000e+00 0.000000000000000000e+00 0.000000000000000000e+00 4.147800194363880877e+01 0.000000000000000000e+00 0.000000000000000000e+00 0.000000000000000000e+00 4.147800194363880877e+01
4.146537667360227886e+01 -0.000000000000000000e+00 0.000000000000000000e+00 0.000000000000000000e+00 4.146537667360227886e+01 0.000000000000000000e+00 0.000000000000000000e+00 0.000000000000000000e+00 4.146537667360227886e+01
4.145827951819795487e+01 -0.000000000000000000e+00 0.000000000000000000e+00 0.000000000000000000e+00 4.145827951819795487e+01 0.000000000000000000e+00 0.000000000000000000e+00 0.000000000000000000e+00 4.145827951819795487e+01
4.147969346705626492e+01 -0.000000000000000000e+00 0.000000000000000000e+00 0.000000000000000000e+00 4.147969346705626492e+01 0.000000000000000000e+00 0.000000000000000000e+00 0.000000000000000000e+00 4.147969346705626492e+01
4.147336098563183526e+01 -0.000000000000000000e+00 0.000000000000000000e+00 0.000000000000000000e+00 4.147336098563183526e+01 0.000000000000000000e+00 0.000000000000000000e+00 0.000000000000000000e+00 4.147336098563183526e+01
4.146600114987941055e+01 -0.000000000000000000e+00 0.000000000000000000e+00 0.000000000000000000e+00 4.146600114987941055e+01 0.000000000000000000e+00 0.000000000000000000e+00 0.000000000000000000e+00 4.146600114987941055e+01
4.148984409156674502e+01 -0.000000000000000000e+00 0.000000000000000000e+00 0.000000000000000000e+00 4.148984409156674502e+01 0.000000000000000000e+00 0.000000000000000000e+00 0.000000000000000000e+00 4.148984409156674502e+01
4.148867835037408724e+01 -0.000000000000000000e+00 0.000000000000000000e+00 0.000000000000000000e+00 4.148867835037408724e+01 0.000000000000000000e+00 0.000000000000000000e+00 0.000000000000000000e+00 4.148867835037408724e+01
4.141372529840216998e+01 -0.000000000000000000e+00 0.000000000000000000e+00 0.000000000000000000e+00 4.141372529840216998e+01 0.000000000000000000e+00 0.000000000000000000e+00 0.000000000000000000e+00 4.141372529840216998e+01
4.147184489124793316e+01 -0.000000000000000000e+00 0.000000000000000000e+00 0.000000000000000000e+00 4.147184489124793316e+01 0.000000000000000000e+00 0.000000000000000000e+00 0.000000000000000000e+00 4.147184489124793316e+01
4.143027531945713093e+01 -0.000000000000000000e+00 0.000000000000000000e+00 0.000000000000000000e+00 4.143027531945713093e+01 0.000000000000000000e+00 0.000000000000000000e+00 0.000000000000000000e+00 4.143027531945713093e+01
4.148144090952282426e+01 -0.000000000000000000e+00 0.000000000000000000e+00 0.000000000000000000e+00 4.148144090952282426e+01 0.000000000000000000e+00 0.000000000000000000e+00 0.000000000000000000e+00 4.148144090952282426e+01
4.142564054274762952e+01 -0.000000000000000000e+00 0.000000000000000000e+00 0.000000000000000000e+00 4.142564054274762952e+01 0.000000000000000000e+00 0.000000000000000000e+00 0.000000000000000000e+00 4.142564054274762952e+01
4.144777239546849756e+01 -0.000000000000000000e+00 0.000000000000000000e+00 0.000000000000000000e+00 4.144777239546849756e+01 0.000000000000000000e+00 0.000000000000000000e+00 0.000000000000000000e+00 4.144777239546849756e+01
4.147746074132290062e+01 -0.000000000000000000e+00 0.000000000000000000e+00 0.000000000000000000e+00 4.147746074132290062e+01 0.000000000000000000e+00 0.000000000000000000e+00 0.000000000000000000e+00 4.147746074132290062e+01
4.148796388222473297e+01 -0.000000000000000000e+00 0.000000000000000000e+00 0.000000000000000000e+00 4.148796388222473297e+01 0.000000000000000000e+00 0.000000000000000000e+00 0.000000000000000000e+00 4.148796388222473297e+01
4.151868217167215391e+01 -0.000000000000000000e+00 0.000000000000000000e+00 0.000000000000000000e+00 4.151868217167215391e+01 0.000000000000000000e+00 0.000000000000000000e+00 0.000000000000000000e+00 4.151868217167215391e+01
4.148188146259211351e+01 -0.000000000000000000e+00 0.000000000000000000e+00 0.000000000000000000e+00 4.148188146259211351e+01 0.000000000000000000e+00 0.000000000000000000e+00 0.000000000000000000e+00 4.148188146259211351e+01
4.149735921054725907e+01 -0.000000000000000000e+00 0.000000000000000000e+00 0.000000000000000000e+00 4.149735921054725907e+01 0.000000000000000000e+00 0.000000000000000000e+00 0.000000000000000000e+00 4.149735921054725907e+01
4.146566104054386415e+01 -0.000000000000000000e+00 0.000000000000000000e+00 0.000000000000000000e+00 4.146566104054386415e+01 0.000000000000000000e+00 0.000000000000000000e+00 0.000000000000000000e+00 4.146566104054386415e+01
4.145702994643733064e+01 -0.000000000000000000e+00 0.000000000000000000e+00 0.000000000000000000e+00 4.145702994643733064e+01 0.000000000000000000e+00 0.000000000000000000e+00 0.000000000000000000e+00 4.145702994643733064e+01
4.145085544319556448e+01 -0.000000000000000000e+00 0.000000000000000000e+00 0.000000000000000000e+00 4.145085544319556448e+01 0.000000000000000000e+00 0.000000000000000000e+00 0.000000000000000000e+00 4.145085544319556448e+01
4.145991297944499365e+01 -0.000000000000000000e+00 0.000000000000000000e+00 0.000000000000000000e+00 4.145991297944499365e+01 0.000000000000000000e+00 0.000000000000000000e+00 0.000000000000000000e+00 4.145991297944499365e+01
4.149259851316843140e+01 -0.000000000000000000e+00 0.000000000000000000e+00 0.000000000000000000e+00 4.149259851316843140e+01 0.000000000000000000e+00 0.000000000000000000e+00 0.000000000000000000e+00 4.149259851316843140e+01
4.148588982310889151e+01 -0.000000000000000000e+00 0.000000000000000000e+00 0.000000000000000000e+00 4.148588982310889151e+01 0.000000000000000000e+00 0.000000000000000000e+00 0.000000000000000000e+00 4.148588982310889151e+01
4.151750871337232240e+01 -0.000000000000000000e+00 0.000000000000000000e+00 0.000000000000000000e+00 4.151750871337232240e+01 0.000000000000000000e+00 0.000000000000000000e+00 0.000000000000000000e+00 4.151750871337232240e+01
4.141073285934614034e+01 -0.000000000000000000e+00 0.000000000000000000e+00 0.000000000000000000e+00 4.141073285934614034e+01 0.000000000000000000e+00 0.000000000000000000e+00 0.000000000000000000e+00 4.141073285934614034e+01
4.147002884537980805e+01 -0.000000000000000000e+00 0.000000000000000000e+00 0.000000000000000000e+00 4.147002884537980805e+01 0.000000000000000000e+00 0.000000000000000000e+00 0.000000000000000000e+00 4.147002884537980805e+01
4.144710864095907255e+01 -0.000000000000000000e+00 0.000000000000000000e+00 0.000000000000000000e+00 4.144710864095907255e+01 0.000000000000000000e+00 0.000000000000000000e+00 0.000000000000000000e+00 4.144710864095907255e+01
4.151052633059298813e+01 -0.000000000000000000e+00 0.000000000000000000e+00 0.000000000000000000e+00 4.151052633059298813e+01 0.000000000000000000e+00 0.000000000000000000e+00 0.000000000000000000e+00 4.151052633059298813e+01
4.142935555225560762e+01 -0.000000000000000000e+00 0.000000000000000000e+00 0.000000000000000000e+00 4.142935555225560762e+01 0.000000000000000000e+00 0.000000000000000000e+00 0.000000000000000000e+00 4.142935555225560762e+01
4.147759138534190271e+01 -0.000000000000000000e+00 0.000000000000000000e+00 0.000000000000000000e+00 4.147759138534190271e+01 0.000000000000000000e+00 0.000000000000000000e+00 0.000000000000000000e+00 4.147759138534190271e+01
4.149232099363154447e+01 -0.000000000000000000e+00 0.000000000000000000e+00 0.000000000000000000e+00 4.149232099363154447e+01 0.000000000000000000e+00 0.000000000000000000e+00 0.000000000000000000e+00 4.149232099363154447e+01
4.142114786997521492e+01 -0.000000000000000000e+00 0.000000000000000000e+00 0.000000000000000000e+00 4.142114786997521492e+01 0.000000000000000000e+00 0.000000000000000000e+00 0.000000000000000000e+00 4.142114786997521492e+01
4.148162927514703568e+01 -0.000000000000000000e+00 0.000000000000000000e+00 0.000000000000000000e+00 4.148162927514703568e+01 0.000000000000000000e+00 0.000000000000000000e+00 0.000000000000000000e+00 4.148162927514703568e+01
4.146891522796033058e+01 -0.000000000000000000e+00 0.000000000000000000e+00 0.000000000000000000e+00 4.146891522796033058e+01 0.000000000000000000e+00 0.000000000000000000e+00 0.000000000000000000e+00 4.146891522796033058e+01
4.148659136366872247e+01 -0.000000000000000000e+00 0.000000000000000000e+00 0.000000000000000000e+00 4.148659136366872247e+01 0.000000000000000000e+00 0.000000000000000000e+00 0.000000000000000000e+00 4.148659136366872247e+01
