4.142955363324453799e+01 -0.000000000000000000e+00 0.000000000000000000e+00 0.000000000000000000e+00 4.142955363324453799e+01 0.000000000000000000e+00 0.000000000000000000e+00 0.000000000000000000e+00 4.142955363324453799e+01
4.135855848798050971e+01 -0.000000000000000000e+00 0.000000000000000000e+00 0.000000000000000000e+00 4.135855848798050971e+01 0.000000000000000000e+00 0.000000000000000000e+00 0.000000000000000000e+00 4.135855848798050971e+01
4.141611254184814328e+01 -0.000000000000000000e+00 0.000000000000000000e+00 0.000000000000000000e+00 4.141611254184814328e+01 0.000000000000000000e+00 0.000000000000000000e+00 0.000000000000000000e+00 4.141611254184814328e+01
4.138106612995236588e+01 -0.000000000000000000e+00 0.000000000000000000e+00 0.000000000000000000e+00 4.138106612995236588e+01 0.000000000000000000e+00 0.000000000000000000e+00 0.000000000000000000e+00 4.138106612995236588e+01
4.141395512688639968e+01 -0.000000000000000000e+00 0.000000000000000000e+00 0.000000000000000000e+00 4.141395512688639968e+01 0.000000000000000000e+00 0.000000000000000000e+00 0.000000000000000000e+00 4.141395512688639968e+01
4.136823940794656096e+01 -0.000000000000000000e+00 0.000000000000000000e+00 0.000000000000000000e+00 4.136823940794656096e+01 0.000000000000000000e+00 0.000000000000000000e+00 0.000000000000000000e+00 4.136823940794656096e+01
4.139689761573467308e+01 -0.000000000000000000e+00 0.000000000000000000e+00 0.000000000000000000e+00 4.139689761573467308e+01 0.000000000000000000e+00 0.000000000000000000e+00 0.000000000000000000e+00 4.139689761573467308e+01
4.144271526467854017e+01 -0.000000000000000000e+00 0.000000000000000000e+00 0.000000000000000000e+00 4.144271526467854017e+01 0.000000000000000000e+00 0.000000000000000000e+00 0.000000000000000000e+00 4.144271526467854017e+01
4.138141513523910220e+01 -0.000000000000000000e+00 0.000000000000000000e+00 0.000000000000000000e+00 4.138141513523910220e+01 0.000000000000000000e+00 0.000000000000000000e+00 0.000000000000000000e+00 4.138141513523910220e+01
4.141276676054791039e+01 -0.000000000000000000e+00 0.000000000000000000e+00 0.000000000000000000e+00 4.141276676054791039e+01 0.000000000000000000e+00 0.000000000000000000e+00 0.000000000000000000e+00 4.141276676054791039e+01
4.140850504251245923e+01 -0.000000000000000000e+00 0.000000000000000000e+00 0.000000000000000000e+00 4.140850504251245923e+01 0.000000000000000000e+00 0.000000000000000000e+00 0.000000000000000000e+00 4.140850504251245923e+01
4.140941427216763771e+01 -0.000000000000000000e+00 0.000000000000000000e+00 0.000000000000000000e+00 4.140941427216763771e+01 0.000000000000000000e+00 0.000000000000000000e+00 0.000000000000000000e+00 4.140941427216763771e+01
4.139103884753679807e+01 -0.000000000000000000e+00 0.000000000000000000e+00 0.000000000000000000e+00 4.139103884753679807e+01 0.000000000000000000e+00 0.000000000000000000e+00 0.000000000000000000e+00 4.139103884753679807e+01
4.139026151709246903e+01 -0.000000000000000000e+00 0.000000000000000000e+00 0.000000000000000000e+00 4.139026151709246903e+01 0.000000000000000000e+00 0.000000000000000000e+00 0.000000000000000000e+00 4.139026151709246903e+01
4.139477823737016138e+01 -0.000000000000000000e+00 0.000000000000000000e+00 0.000000000000000000e+00 4.139477823737016138e+01 0.000000000000000000e+00 0.000000000000000000e+00 0.000000000000000000e+00 4.139477823737016138e+01
4.140885441409227496e+01 -0.000000000000000000e+00 0.000000000000000000e+00 0.000000000000000000e+00 4.140885441409227496e+01 0.000000000000000000e+00 0.000000000000000000e+00 0.000000000000000000e+00 4.140885441409227496e+01
4.143184585110724782e+01 -0.000000000000000000e+00 0.000000000000000000e+00 0.000000000000000000e+00 4.143184585110724782e+01 0.000000000000000000e+00 0.000000000000000000e+00 0.000000000000000000e+00 4.143184585110724782e+01
4.144030580415486043e+01 -0.000000000000000000e+00 0.000000000000000000e+00 0.000000000000000000e+00 4.144030580415486043e+01 0.000000000000000000e+00 0.000000000000000000e+00 0.000000000000000000e+00 4.144030580415486043e+01
4.141305906840662487e+01 -0.000000000000000000e+00 0.000000000000000000e+00 0.000000000000000000e+00 4.141305906840662487e+01 0.000000000000000000e+00 0.000000000000000000e+00 0.000000000000000000e+00 4.141305906840662487e+01
4.140422559987162288e+01 -0.000000000000000000e+00 0.000000000000000000e+00 0.000000000000000000e+00 4.140422559987162288e+01 0.000000000000000000e+00 0.000000000000000000e+00 0.000000000000000000e+00 4.140422559987162288e+01
4.138462446229424074e+01 -0.000000000000000000e+00 0.000000000000000000e+00 0.000000000000000000e+00 4.138462446229424074e+01 0.000000000000000000e+00 0.000000000000000000e+00 0.000000000000000000e+00 4.138462446229424074e+01
4.139748877228791457e+01 -0.000000000000000000e+00 0.000000000000000000e+00 0.000000000000000000e+00 4.139748877228791457e+01 0.000000000000000000e+00 0.000000000000000000e+00 0.000000000000000000e+00 4.139748877228791457e+01
4.139016359834199932e+01 -0.000000000000000000e+00 0.000000000000000000e+00 0.000000000000000000e+00 4.139016359834199932e+01 0.000000000000000000e+00 0.000000000000000000e+00 0.000000000000000000e+00 4.139016359834199932e+01
4.140266670582170150e+01 -0.000000000000000000e+00 0.000000000000000000e+00 0.000000000000000000e+00 4.140266670582170150e+01 0.000000000000000000e+00 0.000000000000000000e+00 0.000000000000000000e+00 4.140266670582170150e+01
4.138715143064239754e+01 -0.000000000000000000e+00 0.000000000000000000e+00 0.000000000000000000e+00 4.138715143064239754e+01 0.000000000000000000e+00 0.000000000000000000e+00 0.000000000000000000e+00 4.138715143064239754e+01
4.139057454306595218e+01 -0.000000000000000000e+00 0.000000000000000000e+00 0.000000000000000000e+00 4.139057454306595218e+01 0.000000000000000000e+00 0.000000000000000000e+00 0.000000000000000000e+00 4.139057454306595218e+01
4.142685390902535403e+01 -0.000000000000000000e+00 0.000000000000000000e+00 0.000000000000000000e+00 4.142685390902535403e+01 0.000000000000000000e+00 0.000000000000000000e+00 0.000000000000000000e+00 4.142685390902535403e+01
4.141138780247665352e+01 -0.000000000000000000e+00 0.000000000000000000e+00 0.000000000000000000e+00 4.141138780247665352e+01 0.000000000000000000e+00 0.000000000000000000e+00 0.000000000000000000e+00 4.141138780247665352e+01
4.144032728673866472e+01 -0.000000000000000000e+00 0.000000000000000000e+00 0.000000000000000000e+00 4.144032728673866472e+01 0.000000000000000000e+00 0.000000000000000000e+00 0.000000000000000000e+00 4.144032728673866472e+01
4.142760492472561396e+01 -0.000000000000000000e+00 0.000000000000000000e+00 0.000000000000000000e+00 4.142760492472561396e+01 0.000000000000000000e+00 0.000000000000000000e+00 0.000000000000000000e+00 4.142760492472561396e+01
4.140163869690131548e+01 -0.000000000000000000e+00 0.000000000000000000e+00 0.000000000000000000e+00 4.140163869690131548e+01 0.000000000000000000e+00 0.000000000000000000e+00 0.000000000000000000e+00 4.140163869690131548e+01
4.139337850932220420e+01 -0.000000000000000000e+00 0.000000000000000000e+00 0.000000000000000000e+00 4.139337850932220420e+01 0.000000000000000000e+00 0.000000000000000000e+00 0.000000000000000000e+00 4.139337850932220420e+01
4.133192232771162367e+01 -0.000000000000000000e+00 0.000000000000000000e+00 0.000000000000000000e+00 4.133192232771162367e+01 0.000000000000000000e+00 0.000000000000000000e+00 0.000000000000000000e+00 4.133192232771162367e+01
4.135704104112994628e+01 -0.000000000000000000e+00 0.000000000000000000e+00 0.000000000000000000e+00 4.135704104112994628e+01 0.000000000000000000e+00 0.000000000000000000e+00 0.000000000000000000e+00 4.135704104112994628e+01
4.136720993964738113e+01 -0.000000000000000000e+00 0.000000000000000000e+00 0.000000000000000000e+00 4.136720993964738113e+01 0.000000000000000000e+00 0.000000000000000000e+00 0.000000000000000000e+00 4.136720993964738113e+01
4.143917881574552098e+01 -0.000000000000000000e+00 0.000000000000000000e+00 0.000000000000000000e+00 4.143917881574552098e+01 0.000000000000000000e+00 0.000000000000000000e+00 0.000000000000000000e+00 4.143917881574552098e+01
4.140267638457055455e+01 -0.000000000000000000e+00 0.000000000000000000e+00 0.000000000000000000e+00 4.140267638457055455e+01 0.000000000000000000e+00 0.000000000000000000e+00 0.000000000000000000e+00 4.140267638457055455e+01
4.136696637203827720e+01 -0.000000000000000000e+00 0.000000000000000000e+00 0.000000000000000000e+00 4.136696637203827720e+01 0.000000000000000000e+00 0.000000000000000000e+00 0.000000000000000000e+00 4.136696637203827720e+01
4.137628189541854340e+01 -0.000000000000000000e+00 0.000000000000000000e+00 0.000000000000000000e+00 4.137628189541854340e+01 0.000000000000000000e+00 0.000000000000000000e+00 0.000000000000000000e+00 4.137628189541854340e+01
4.140441298960862326e+01 -0.000000000000000000e+00 0.000000000000000000e+00 0.000000000000000000e+00 4.140441298960862326e+01 0.000000000000000000e+00 0.000000000000000000e+00 0.000000000000000000e+00 4.140441298960862326e+01
4.142957165006724551e+01 -0.000000000000000000e+00 0.000000000000000000e+00 0.000000000000000000e+00 4.142957165006724551e+01 0.000000000000000000e+00 0.000000000000000000e+00 0.000000000000000000e+00 4.142957165006724551e+01
4.138612113675373649e+01 -0.000000000000000000e+00 0.000000000000000000e+00 0.000000000000000000e+00 4.138612113675373649e+01 0.000000000000000000e+00 0.000000000000000000e+00 0.000000000000000000e+00 4.138612113675373649e+01
4.138699456887569283e+01 -0.000000000000000000e+00 0.000000000000000000e+00 0.000000000000000000e+00 4.138699456887569283e+01 0.000000000000000000e+00 0.000000000000000000e+00 0.000000000000000000e+00 4.138699456887569283e+01
4.143363563914117265e+01 -0.000000000000000000e+00 0.000000000000000000e+00 0.000000000000000000e+00 4.143363563914117265e+01 0.000000000000000000e+00 0.000000000000000000e+00 0.000000000000000000e+00 4.143363563914117265e+01
4.136518789338137481e+01 -0.000000000000000000e+00 0.000000000000000000e+00 0.000000000000000000e+00 4.136518789338137481e+01 0.000000000000000000e+00 0.000000000000000000e+00 0.000000000000000000e+00 4.136518789338137481e+01
4.141533259434186220e+01 -0.000000000000000000e+00 0.000000000000000000e+00 0.000000000000000000e+00 4.141533259434186220e+01 0.000000000000000000e+00 0.000000000000000000e+00 0.000000000000000000e+00 4.141533259434186220e+01
4.142109513295923762e+01 -0.000000000000000000e+00 0.000000000000000000e+00 0.000000000000000000e+00 4.142109513295923762e+01 0.000000000000000000e+00 0.000000000000000000e+00 0.000000000000000000e+00 4.142109513295923762e+01
4.134580416412274673e+01 -0.000000000000000000e+00 0.000000000000000000e+00 0.000000000000000000e+00 4.134580416412274673e+01 0.000000000000000000e+00 0.000000000000000000e+00 0.000000000000000000e+00 4.134580416412274673e+01
4.136719936155978417e+01 -0.000000000000000000e+00 0.000000000000000000e+00 0.000000000000000000e+00 4.136719936155978417e+01 0.000000000000000000e+00 0.000000000000000000e+00 0.000000000000000000e+00 4.136719936155978417e+01
4.141462305839409197e+01 -0.000000000000000000e+00 0.000000000000000000e+00 0.000000000000000000e+00 4.141462305839409197e+01 0.000000000000000000e+00 0.000000000000000000e+00 0.000000000000000000e+00 4.141462305839409197e+01
4.139183530876498907e+01 -0.000000000000000000e+00 0.000000000000000000e+00 0.000000000000000000e+00 4.139183530876498907e+01 0.000000000000000000e+00 0.000000000000000000e+00 0.000000000000000000e+00 4.139183530876498907e+01
