4.135542207164468209e+01 -0.000000000000000000e+00 0.000000000000000000e+00 0.000000000000000000e+00 4.135542207164468209e+01 0.000000000000000000e+00 0.000000000000000000e+00 0.000000000000000000e+00 4.135542207164468209e+01
4.130601731987939473e+01 -0.000000000000000000e+00 0.000000000000000000e+00 0.000000000000000000e+00 4.130601731987939473e+01 0.000000000000000000e+00 0.000000000000000000e+00 0.000000000000000000e+00 4.130601731987939473e+01
4.134324624902253476e+01 -0.000000000000000000e+00 0.000000000000000000e+00 0.000000000000000000e+00 4.134324624902253476e+01 0.000000000000000000e+00 0.000000000000000000e+00 0.000000000000000000e+00 4.134324624902253476e+01
4.135879892037765160e+01 -0.000000000000000000e+00 0.000000000000000000e+00 0.000000000000000000e+00 4.135879892037765160e+01 0.000000000000000000e+00 0.000000000000000000e+00 0.000000000000000000e+00 4.135879892037765160e+01
4.134608709601147325e+01 -0.000000000000000000e+00 0.000000000000000000e+00 0.000000000000000000e+00 4.134608709601147325e+01 0.000000000000000000e+00 0.000000000000000000e+00 0.000000000000000000e+00 4.134608709601147325e+01
4.133826918328918509e+01 -0.000000000000000000e+00 0.000000000000000000e+00 0.000000000000000000e+00 4.133826918328918509e+01 0.000000000000000000e+00 0.000000000000000000e+00 0.000000000000000000e+00 4.133826918328918509e+01
4.135506907224676354e+01 -0.000000000000000000e+00 0.000000000000000000e+00 0.000000000000000000e+00 4.135506907224676354e+01 0.000000000000000000e+00 0.000000000000000000e+00 0.000000000000000000e+00 4.135506907224676354e+01
4.131289336654430144e+01 -0.000000000000000000e+00 0.000000000000000000e+00 0.000000000000000000e+00 4.131289336654430144e+01 0.000000000000000000e+00 0.000000000000000000e+00 0.000000000000000000e+00 4.131289336654430144e+01
4.138249202571037699e+01 -0.000000000000000000e+00 0.000000000000000000e+00 0.000000000000000000e+00 4.138249202571037699e+01 0.000000000000000000e+00 0.000000000000000000e+00 0.000000000000000000e+00 4.138249202571037699e+01
4.134618719449976254e+01 -0.000000000000000000e+00 0.000000000000000000e+00 0.000000000000000000e+00 4.134618719449976254e+01 0.000000000000000000e+00 0.000000000000000000e+00 0.000000000000000000e+00 4.134618719449976254e+01
4.130356082442177978e+01 -0.000000000000000000e+00 0.000000000000000000e+00 0.000000000000000000e+00 4.130356082442177978e+01 0.000000000000000000e+00 0.000000000000000000e+00 0.000000000000000000e+00 4.130356082442177978e+01
4.135155499543231628e+01 -0.000000000000000000e+00 0.000000000000000000e+00 0.000000000000000000e+00 4.135155499543231628e+01 0.000000000000000000e+00 0.000000000000000000e+00 0.000000000000000000e+00 4.135155499543231628e+01
4.131220576260785293e+01 -0.000000000000000000e+00 0.000000000000000000e+00 0.000000000000000000e+00 4.131220576260785293e+01 0.000000000000000000e+00 0.000000000000000000e+00 0.000000000000000000e+00 4.131220576260785293e+01
4.129513492571032884e+01 -0.000000000000000000e+00 0.000000000000000000e+00 0.000000000000000000e+00 4.129513492571032884e+01 0.000000000000000000e+00 0.000000000000000000e+00 0.000000000000000000e+00 4.129513492571032884e+01
4.130696861290655164e+01 -0.000000000000000000e+00 0.000000000000000000e+00 0.000000000000000000e+00 4.130696861290655164e+01 0.000000000000000000e+00 0.000000000000000000e+00 0.000000000000000000e+00 4.130696861290655164e+01
4.131501717331344992e+01 -0.000000000000000000e+00 0.000000000000000000e+00 0.000000000000000000e+00 4.131501717331344992e+01 0.000000000000000000e+00 0.000000000000000000e+00 0.000000000000000000e+00 4.131501717331344992e+01
4.131850377434385280e+01 -0.000000000000000000e+00 0.000000000000000000e+00 0.000000000000000000e+00 4.131850377434385280e+01 0.000000000000000000e+00 0.000000000000000000e+00 0.000000000000000000e+00 4.131850377434385280e+01
4.131966505482508012e+01 -0.000000000000000000e+00 0.000000000000000000e+00 0.000000000000000000e+00 4.131966505482508012e+01 0.000000000000000000e+00 0.000000000000000000e+00 0.000000000000000000e+00 4.131966505482508012e+01
4.134610510821671880e+01 -0.000000000000000000e+00 0.000000000000000000e+00 0.000000000000000000e+00 4.134610510821671880e+01 0.000000000000000000e+00 0.000000000000000000e+00 0.000000000000000000e+00 4.134610510821671880e+01
4.129604854930272495e+01 -0.000000000000000000e+00 0.000000000000000000e+00 0.000000000000000000e+00 4.129604854930272495e+01 0.000000000000000000e+00 0.000000000000000000e+00 0.000000000000000000e+00 4.129604854930272495e+01
4.132976298377329272e+01 -0.000000000000000000e+00 0.000000000000000000e+00 0.000000000000000000e+00 4.132976298377329272e+01 0.000000000000000000e+00 0.000000000000000000e+00 0.000000000000000000e+00 4.132976298377329272e+01
4.131311539164195779e+01 -0.000000000000000000e+00 0.000000000000000000e+00 0.000000000000000000e+00 4.131311539164195779e+01 0.000000000000000000e+00 0.000000000000000000e+00 0.000000000000000000e+00 4.131311539164195779e+01
4.129127931429759713e+01 -0.000000000000000000e+00 0.000000000000000000e+00 0.000000000000000000e+00 4.129127931429759713e+01 0.000000000000000000e+00 0.000000000000000000e+00 0.000000000000000000e+00 4.129127931429759713e+01
4.132604950895733964e+01 -0.000000000000000000e+00 0.000000000000000000e+00 0.000000000000000000e+00 4.132604950895733964e+01 0.000000000000000000e+00 0.000000000000000000e+00 0.000000000000000000e+00 4.132604950895733964e+01
4.129439590369648272e+01 -0.000000000000000000e+00 0.000000000000000000e+00 0.000000000000000000e+00 4.129439590369648272e+01 0.000000000000000000e+00 0.000000000000000000e+00 0.000000000000000000e+00 4.129439590369648272e+01
4.130682960987616070e+01 -0.000000000000000000e+00 0.000000000000000000e+00 0.000000000000000000e+00 4.130682960987616070e+01 0.000000000000000000e+00 0.000000000000000000e+00 0.000000000000000000e+00 4.130682960987616070e+01
4.131642291261653099e+01 -0.000000000000000000e+00 0.000000000000000000e+00 0.000000000000000000e+00 4.131642291261653099e+01 0.000000000000000000e+00 0.000000000000000000e+00 0.000000000000000000e+00 4.131642291261653099e+01
4.131422252627061198e+01 -0.000000000000000000e+00 0.000000000000000000e+00 0.000000000000000000e+00 4.131422252627061198e+01 0.000000000000000000e+00 0.000000000000000000e+00 0.000000000000000000e+00 4.131422252627061198e+01
4.132449674661021533e+01 -0.000000000000000000e+00 0.000000000000000000e+00 0.000000000000000000e+00 4.132449674661021533e+01 0.000000000000000000e+00 0.000000000000000000e+00 0.000000000000000000e+00 4.132449674661021533e+01
4.125624506701211658e+01 -0.000000000000000000e+00 0.000000000000000000e+00 0.000000000000000000e+00 4.125624506701211658e+01 0.000000000000000000e+00 0.000000000000000000e+00 0.000000000000000000e+00 4.125624506701211658e+01
4.131889350995837873e+01 -0.000000000000000000e+00 0.000000000000000000e+00 0.000000000000000000e+00 4.131889350995837873e+01 0.000000000000000000e+00 0.000000000000000000e+00 0.000000000000000000e+00 4.131889350995837873e+01
4.134644764172506370e+01 -0.000000000000000000e+00 0.000000000000000000e+00 0.000000000000000000e+00 4.134644764172506370e+01 0.000000000000000000e+00 0.000000000000000000e+00 0.000000000000000000e+00 4.134644764172506370e+01
4.132467022450146032e+01 -0.000000000000000000e+00 0.000000000000000000e+00 0.000000000000000000e+00 4.132467022450146032e+01 0.000000000000000000e+00 0.000000000000000000e+00 0.000000000000000000e+00 4.132467022450146032e+01
4.131946196377838021e+01 -0.000000000000000000e+00 0.000000000000000000e+00 0.000000000000000000e+00 4.131946196377838021e+01 0.000000000000000000e+00 0.000000000000000000e+00 0.000000000000000000e+00 4.131946196377838021e+01
4.130060955635829600e+01 -0.000000000000000000e+00 0.000000000000000000e+00 0.000000000000000000e+00 4.130060955635829600e+01 0.000000000000000000e+00 0.000000000000000000e+00 0.000000000000000000e+00 4.130060955635829600e+01
4.130866555647641292e+01 -0.000000000000000000e+00 0.000000000000000000e+00 0.000000000000000000e+00 4.130866555647641292e+01 0.000000000000000000e+00 0.000000000000000000e+00 0.000000000000000000e+00 4.130866555647641292e+01
4.127946184098606608e+01 -0.000000000000000000e+00 0.000000000000000000e+00 0.000000000000000000e+00 4.127946184098606608e+01 0.000000000000000000e+00 0.000000000000000000e+00 0.000000000000000000e+00 4.127946184098606608e+01
4.131308437026186198e+01 -0.000000000000000000e+00 0.000000000000000000e+00 0.000000000000000000e+00 4.131308437026186198e+01 0.000000000000000000e+00 0.000000000000000000e+00 0.000000000000000000e+00 4.131308437026186198e+01
4.128597736233911064e+01 -0.000000000000000000e+00 0.000000000000000000e+00 0.000000000000000000e+00 4.128597736233911064e+01 0.000000000000000000e+00 0.000000000000000000e+00 0.000000000000000000e+00 4.128597736233911064e+01
4.129659057666331989e+01 -0.000000000000000000e+00 0.000000000000000000e+00 0.000000000000000000e+00 4.129659057666331989e+01 0.000000000000000000e+00 0.000000000000000000e+00 0.000000000000000000e+00 4.129659057666331989e+01
4.131354910950387449e+01 -0.000000000000000000e+00 0.000000000000000000e+00 0.000000000000000000e+00 4.131354910950387449e+01 0.000000000000000000e+00 0.000000000000000000e+00 0.000000000000000000e+00 4.131354910950387449e+01
4.127001159305645928e+01 -0.000000000000000000e+00 0.000000000000000000e+00 0.000000000000000000e+00 4.127001159305645928e+01 0.000000000000000000e+00 0.000000000000000000e+00 0.000000000000000000e+00 4.127001159305645928e+01
4.130082146210732219e+01 -0.000000000000000000e+00 0.000000000000000000e+00 0.000000000000000000e+00 4.130082146210732219e+01 0.000000000000000000e+00 0.000000000000000000e+00 0.000000000000000000e+00 4.130082146210732219e+01
4.128621083762969590e+01 -0.000000000000000000e+00 0.000000000000000000e+00 0.000000000000000000e+00 4.128621083762969590e+01 0.000000000000000000e+00 0.000000000000000000e+00 0.000000000000000000e+00 4.128621083762969590e+01
4.130236711018687856e+01 -0.000000000000000000e+00 0.000000000000000000e+00 0.000000000000000000e+00 4.130236711018687856e+01 0.000000000000000000e+00 0.000000000000000000e+00 0.000000000000000000e+00 4.130236711018687856e+01
4.129421120961043812e+01 -0.000000000000000000e+00 0.000000000000000000e+00 0.000000000000000000e+00 4.129421120961043812e+01 0.000000000000000000e+00 0.000000000000000000e+00 0.000000000000000000e+00 4.129421120961043812e+01
4.131058094462308361e+01 -0.000000000000000000e+00 0.000000000000000000e+00 0.000000000000000000e+00 4.131058094462308361e+01 0.000000000000000000e+00 0.000000000000000000e+00 0.000000000000000000e+00 4.131058094462308361e+01
4.130178229973850534e+01 -0.000000000000000000e+00 0.000000000000000000e+00 0.000000000000000000e+00 4.130178229973850534e+01 0.000000000000000000e+00 0.000000000000000000e+00 0.000000000000000000e+00 4.130178229973850534e+01
4.129827406045315286e+01 -0.000000000000000000e+00 0.000000000000000000e+00 0.000000000000000000e+00 4.129827406045315286e+01 0.000000000000000000e+00 0.000000000000000000e+00 0.000000000000000000e+00 4.129827406045315286e+01
4.120847960490016249e+01 -0.000000000000000000e+00 0.000000000000000000e+00 0.000000000000000000e+00 4.120847960490016249e+01 0.000000000000000000e+00 0.000000000000000000e+00 0.000000000000000000e+00 4.120847960490016249e+01
4.124750492160438853e+01 -0.000000000000000000e+00 0.000000000000000000e+00 0.000000000000000000e+00 4.124750492160438853e+01 0.000000000000000000e+00 0.000000000000000000e+00 0.000000000000000000e+00 4.124750492160438853e+01
