4.119224539743551361e+01 -0.000000000000000000e+00 0.000000000000000000e+00 0.000000000000000000e+00 4.119224539743551361e+01 0.000000000000000000e+00 0.000000000000000000e+00 0.000000000000000000e+00 4.119224539743551361e+01
4.119441821813093441e+01 -0.000000000000000000e+00 0.000000000000000000e+00 0.000000000000000000e+00 4.119441821813093441e+01 0.000000000000000000e+00 0.000000000000000000e+00 0.000000000000000000e+00 4.119441821813093441e+01
4.123509887675948704e+01 -0.000000000000000000e+00 0.000000000000000000e+00 0.000000000000000000e+00 4.123509887675948704e+01 0.000000000000000000e+00 0.000000000000000000e+00 0.000000000000000000e+00 4.123509887675948704e+01
4.123696491381604545e+01 -0.000000000000000000e+00 0.000000000000000000e+00 0.000000000000000000e+00 4.123696491381604545e+01 0.000000000000000000e+00 0.000000000000000000e+00 0.000000000000000000e+00 4.123696491381604545e+01
4.115645883890269374e+01 -0.000000000000000000e+00 0.000000000000000000e+00 0.000000000000000000e+00 4.115645883890269374e+01 0.000000000000000000e+00 0.000000000000000000e+00 0.000000000000000000e+00 4.115645883890269374e+01
4.117021761807873759e+01 -0.000000000000000000e+00 0.000000000000000000e+00 0.000000000000000000e+00 4.117021761807873759e+01 0.000000000000000000e+00 0.000000000000000000e+00 0.000000000000000000e+00 4.117021761807873759e+01
4.124981600800495585e+01 -0.000000000000000000e+00 0.000000000000000000e+00 0.000000000000000000e+00 4.124981600800495585e+01 0.000000000000000000e+00 0.000000000000000000e+00 0.000000000000000000e+00 4.124981600800495585e+01
4.123462601232129998e+01 -0.000000000000000000e+00 0.000000000000000000e+00 0.000000000000000000e+00 4.123462601232129998e+01 0.000000000000000000e+00 0.000000000000000000e+00 0.000000000000000000e+00 4.123462601232129998e+01
4.121418558974624347e+01 -0.000000000000000000e+00 0.000000000000000000e+00 0.000000000000000000e+00 4.121418558974624347e+01 0.000000000000000000e+00 0.000000000000000000e+00 0.000000000000000000e+00 4.121418558974624347e+01
4.119093829917144234e+01 -0.000000000000000000e+00 0.000000000000000000e+00 0.000000000000000000e+00 4.119093829917144234e+01 0.000000000000000000e+00 0.000000000000000000e+00 0.000000000000000000e+00 4.119093829917144234e+01
4.119821904298186865e+01 -0.000000000000000000e+00 0.000000000000000000e+00 0.000000000000000000e+00 4.119821904298186865e+01 0.000000000000000000e+00 0.000000000000000000e+00 0.000000000000000000e+00 4.119821904298186865e+01
4.120884557508570367e+01 -0.000000000000000000e+00 0.000000000000000000e+00 0.000000000000000000e+00 4.120884557508570367e+01 0.000000000000000000e+00 0.000000000000000000e+00 0.000000000000000000e+00 4.120884557508570367e+01
4.122740012030087087e+01 -0.000000000000000000e+00 0.000000000000000000e+00 0.000000000000000000e+00 4.122740012030087087e+01 0.000000000000000000e+00 0.000000000000000000e+00 0.000000000000000000e+00 4.122740012030087087e+01
4.118689377940421537e+01 -0.000000000000000000e+00 0.000000000000000000e+00 0.000000000000000000e+00 4.118689377940421537e+01 0.000000000000000000e+00 0.000000000000000000e+00 0.000000000000000000e+00 4.118689377940421537e+01
4.119934262795156599e+01 -0.000000000000000000e+00 0.000000000000000000e+00 0.000000000000000000e+00 4.119934262795156599e+01 0.000000000000000000e+00 0.000000000000000000e+00 0.000000000000000000e+00 4.119934262795156599e+01
4.122475440041837658e+01 -0.000000000000000000e+00 0.000000000000000000e+00 0.000000000000000000e+00 4.122475440041837658e+01 0.000000000000000000e+00 0.000000000000000000e+00 0.000000000000000000e+00 4.122475440041837658e+01
4.120104997565805860e+01 -0.000000000000000000e+00 0.000000000000000000e+00 0.000000000000000000e+00 4.120104997565805860e+01 0.000000000000000000e+00 0.000000000000000000e+00 0.000000000000000000e+00 4.120104997565805860e+01
4.118738460091383047e+01 -0.000000000000000000e+00 0.000000000000000000e+00 0.000000000000000000e+00 4.118738460091383047e+01 0.000000000000000000e+00 0.000000000000000000e+00 0.000000000000000000e+00 4.118738460091383047e+01
4.123668086133117328e+01 -0.000000000000000000e+00 0.000000000000000000e+00 0.000000000000000000e+00 4.123668086133117328e+01 0.000000000000000000e+00 0.000000000000000000e+00 0.000000000000000000e+00 4.123668086133117328e+01
4.120007358713732515e+01 -0.000000000000000000e+00 0.000000000000000000e+00 0.000000000000000000e+00 4.120007358713732515e+01 0.000000000000000000e+00 0.000000000000000000e+00 0.000000000000000000e+00 4.120007358713732515e+01
4.114187270787268602e+01 -0.000000000000000000e+00 0.000000000000000000e+00 0.000000000000000000e+00 4.114187270787268602e+01 0.000000000000000000e+00 0.000000000000000000e+00 0.000000000000000000e+00 4.114187270787268602e+01
4.120469348865196935e+01 -0.000000000000000000e+00 0.000000000000000000e+00 0.000000000000000000e+00 4.120469348865196935e+01 0.000000000000000000e+00 0.000000000000000000e+00 0.000000000000000000e+00 4.120469348865196935e+01
4.122677915645046198e+01 -0.000000000000000000e+00 0.000000000000000000e+00 0.000000000000000000e+00 4.122677915645046198e+01 0.000000000000000000e+00 0.000000000000000000e+00 0.000000000000000000e+00 4.122677915645046198e+01
4.121416260597300862e+01 -0.000000000000000000e+00 0.000000000000000000e+00 0.000000000000000000e+00 4.121416260597300862e+01 0.000000000000000000e+00 0.000000000000000000e+00 0.000000000000000000e+00 4.121416260597300862e+01
4.116942759675251295e+01 -0.000000000000000000e+00 0.000000000000000000e+00 0.000000000000000000e+00 4.116942759675251295e+01 0.000000000000000000e+00 0.000000000000000000e+00 0.000000000000000000e+00 4.116942759675251295e+01
4.118166401665705223e+01 -0.000000000000000000e+00 0.000000000000000000e+00 0.000000000000000000e+00 4.118166401665705223e+01 0.000000000000000000e+00 0.000000000000000000e+00 0.000000000000000000e+00 4.118166401665705223e+01
4.116747682687094567e+01 -0.000000000000000000e+00 0.000000000000000000e+00 0.000000000000000000e+00 4.116747682687094567e+01 0.000000000000000000e+00 0.000000000000000000e+00 0.000000000000000000e+00 4.116747682687094567e+01
4.117594749241715135e+01 -0.000000000000000000e+00 0.000000000000000000e+00 0.000000000000000000e+00 4.117594749241715135e+01 0.000000000000000000e+00 0.000000000000000000e+00 0.000000000000000000e+00 4.117594749241715135e+01
4.120172809503004885e+01 -0.000000000000000000e+00 0.000000000000000000e+00 0.000000000000000000e+00 4.120172809503004885e+01 0.000000000000000000e+00 0.000000000000000000e+00 0.000000000000000000e+00 4.120172809503004885e+01
4.119876663263345762e+01 -0.000000000000000000e+00 0.000000000000000000e+00 0.000000000000000000e+00 4.119876663263345762e+01 0.000000000000000000e+00 0.000000000000000000e+00 0.000000000000000000e+00 4.119876663263345762e+01
4.118805756060911705e+01 -0.000000000000000000e+00 0.000000000000000000e+00 0.000000000000000000e+00 4.118805756060911705e+01 0.000000000000000000e+00 0.000000000000000000e+00 0.000000000000000000e+00 4.118805756060911705e+01
4.117018944981374773e+01 -0.000000000000000000e+00 0.000000000000000000e+00 0.000000000000000000e+00 4.117018944981374773e+01 0.000000000000000000e+00 0.000000000000000000e+00 0.000000000000000000e+00 4.117018944981374773e+01
4.118300876034701474e+01 -0.000000000000000000e+00 0.000000000000000000e+00 0.000000000000000000e+00 4.118300876034701474e+01 0.000000000000000000e+00 0.000000000000000000e+00 0.000000000000000000e+00 4.118300876034701474e+01
4.119301742070292249e+01 -0.000000000000000000e+00 0.000000000000000000e+00 0.000000000000000000e+00 4.119301742070292249e+01 0.000000000000000000e+00 0.000000000000000000e+00 0.000000000000000000e+00 4.119301742070292249e+01
4.118322418915684580e+01 -0.000000000000000000e+00 0.000000000000000000e+00 0.000000000000000000e+00 4.118322418915684580e+01 0.000000000000000000e+00 0.000000000000000000e+00 0.000000000000000000e+00 4.118322418915684580e+01
4.120430906858466358e+01 -0.000000000000000000e+00 0.000000000000000000e+00 0.000000000000000000e+00 4.120430906858466358e+01 0.000000000000000000e+00 0.000000000000000000e+00 0.000000000000000000e+00 4.120430906858466358e+01
4.116275756326982105e+01 -0.000000000000000000e+00 0.000000000000000000e+00 0.000000000000000000e+00 4.116275756326982105e+01 0.000000000000000000e+00 0.000000000000000000e+00 0.000000000000000000e+00 4.116275756326982105e+01
4.117978745979952748e+01 -0.000000000000000000e+00 0.000000000000000000e+00 0.000000000000000000e+00 4.117978745979952748e+01 0.000000000000000000e+00 0.000000000000000000e+00 0.000000000000000000e+00 4.117978745979952748e+01
4.113096240533611336e+01 -0.000000000000000000e+00 0.000000000000000000e+00 0.000000000000000000e+00 4.113096240533611336e+01 0.000000000000000000e+00 0.000000000000000000e+00 0.000000000000000000e+00 4.113096240533611336e+01
4.116579215062952102e+01 -0.000000000000000000e+00 0.000000000000000000e+00 0.000000000000000000e+00 4.116579215062952102e+01 0.000000000000000000e+00 0.000000000000000000e+00 0.000000000000000000e+00 4.116579215062952102e+01
4.119140467229779290e+01 -0.000000000000000000e+00 0.000000000000000000e+00 0.000000000000000000e+00 4.119140467229779290e+01 0.000000000000000000e+00 0.000000000000000000e+00 0.000000000000000000e+00 4.119140467229779290e+01
4.118375040720400193e+01 -0.000000000000000000e+00 0.000000000000000000e+00 0.000000000000000000e+00 4.118375040720400193e+01 0.000000000000000000e+00 0.000000000000000000e+00 0.000000000000000000e+00 4.118375040720400193e+01
4.119257218066925930e+01 -0.000000000000000000e+00 0.000000000000000000e+00 0.000000000000000000e+00 4.119257218066925930e+01 0.000000000000000000e+00 0.000000000000000000e+00 0.000000000000000000e+00 4.119257218066925930e+01
4.116843115503672124e+01 -0.000000000000000000e+00 0.000000000000000000e+00 0.000000000000000000e+00 4.116843115503672124e+01 0.000000000000000000e+00 0.000000000000000000e+00 0.000000000000000000e+00 4.116843115503672124e+01
4.113386529039839701e+01 -0.000000000000000000e+00 0.000000000000000000e+00 0.000000000000000000e+00 4.113386529039839701e+01 0.000000000000000000e+00 0.000000000000000000e+00 0.000000000000000000e+00 4.113386529039839701e+01
4.116233267567735510e+01 -0.000000000000000000e+00 0.000000000000000000e+00 0.000000000000000000e+00 4.116233267567735510e+01 0.000000000000000000e+00 0.000000000000000000e+00 0.000000000000000000e+00 4.116233267567735510e+01
4.117726548299467737e+01 -0.000000000000000000e+00 0.000000000000000000e+00 0.000000000000000000e+00 4.117726548299467737e+01 0.000000000000000000e+00 0.000000000000000000e+00 0.000000000000000000e+00 4.117726548299467737e+01
4.113561075821689883e+01 -0.000000000000000000e+00 0.000000000000000000e+00 0.000000000000000000e+00 4.113561075821689883e+01 0.000000000000000000e+00 0.000000000000000000e+00 0.000000000000000000e+00 4.113561075821689883e+01
4.114453931042145030e+01 -0.000000000000000000e+00 0.000000000000000000e+00 0.000000000000000000e+00 4.114453931042145030e+01 0.000000000000000000e+00 0.000000000000000000e+00 0.000000000000000000e+00 4.114453931042145030e+01
4.116996968636248511e+01 -0.000000000000000000e+00 0.000000000000000000e+00 0.000000000000000000e+00 4.116996968636248511e+01 0.000000000000000000e+00 0.000000000000000000e+00 0.000000000000000000e+00 4.116996968636248511e+01
4.118568433962305164e+01 -0.000000000000000000e+00 0.000000000000000000e+00 0.000000000000000000e+00 4.118568433962305164e+01 0.000000000000000000e+00 0.000000000000000000e+00 0.000000000000000000e+00 4.118568433962305164e+01
