4.149566195066311280e+01 -0.000000000000000000e+00 0.000000000000000000e+00 0.000000000000000000e+00 4.149566195066311280e+01 0.000000000000000000e+00 0.000000000000000000e+00 0.000000000000000000e+00 4.149566195066311280e+01
4.150761358653466004e+01 -0.000000000000000000e+00 0.000000000000000000e+00 0.000000000000000000e+00 4.150761358653466004e+01 0.000000000000000000e+00 0.000000000000000000e+00 0.000000000000000000e+00 4.150761358653466004e+01
4.151628746930138902e+01 -0.000000000000000000e+00 0.000000000000000000e+00 0.000000000000000000e+00 4.151628746930138902e+01 0.000000000000000000e+00 0.000000000000000000e+00 0.000000000000000000e+00 4.151628746930138902e+01
4.152423418748607276e+01 -0.000000000000000000e+00 0.000000000000000000e+00 0.000000000000000000e+00 4.152423418748607276e+01 0.000000000000000000e+00 0.000000000000000000e+00 0.000000000000000000e+00 4.152423418748607276e+01
4.144975947989219378e+01 -0.000000000000000000e+00 0.000000000000000000e+00 0.000000000000000000e+00 4.144975947989219378e+01 0.000000000000000000e+00 0.000000000000000000e+00 0.000000000000000000e+00 4.144975947989219378e+01
4.150055334734247481e+01 -0.000000000000000000e+00 0.000000000000000000e+00 0.000000000000000000e+00 4.150055334734247481e+01 0.000000000000000000e+00 0.000000000000000000e+00 0.000000000000000000e+00 4.150055334734247481e+01
4.151134635589755817e+01 -0.000000000000000000e+00 0.000000000000000000e+00 0.000000000000000000e+00 4.151134635589755817e+01 0.000000000000000000e+00 0.000000000000000000e+00 0.000000000000000000e+00 4.151134635589755817e+01
4.149654434480092391e+01 -0.000000000000000000e+00 0.000000000000000000e+00 0.000000000000000000e+00 4.149654434480092391e+01 0.000000000000000000e+00 0.000000000000000000e+00 0.000000000000000000e+00 4.149654434480092391e+01
4.149218368416839553e+01 -0.000000000000000000e+00 0.000000000000000000e+00 0.000000000000000000e+00 4.149218368416839553e+01 0.000000000000000000e+00 0.000000000000000000e+00 0.000000000000000000e+00 4.149218368416839553e+01
4.146898122067405268e+01 -0.000000000000000000e+00 0.000000000000000000e+00 0.000000000000000000e+00 4.146898122067405268e+01 0.000000000000000000e+00 0.000000000000000000e+00 0.000000000000000000e+00 4.146898122067405268e+01
4.151021510532379466e+01 -0.000000000000000000e+00 0.000000000000000000e+00 0.000000000000000000e+00 4.151021510532379466e+01 0.000000000000000000e+00 0.000000000000000000e+00 0.000000000000000000e+00 4.151021510532379466e+01
4.149395249118561679e+01 -0.000000000000000000e+00 0.000000000000000000e+00 0.000000000000000000e+00 4.149395249118561679e+01 0.000000000000000000e+00 0.000000000000000000e+00 0.000000000000000000e+00 4.149395249118561679e+01
4.150283787195738228e+01 -0.000000000000000000e+00 0.000000000000000000e+00 0.000000000000000000e+00 4.150283787195738228e+01 0.000000000000000000e+00 0.000000000000000000e+00 0.000000000000000000e+00 4.150283787195738228e+01
4.149547677827756331e+01 -0.000000000000000000e+00 0.000000000000000000e+00 0.000000000000000000e+00 4.149547677827756331e+01 0.000000000000000000e+00 0.000000000000000000e+00 0.000000000000000000e+00 4.149547677827756331e+01
4.151654905433601783e+01 -0.000000000000000000e+00 0.000000000000000000e+00 0.000000000000000000e+00 4.151654905433601783e+01 0.000000000000000000e+00 0.000000000000000000e+00 0.000000000000000000e+00 4.151654905433601783e+01
4.151842456506869894e+01 -0.000000000000000000e+00 0.000000000000000000e+00 0.000000000000000000e+00 4.151842456506869894e+01 0.000000000000000000e+00 0.000000000000000000e+00 0.000000000000000000e+00 4.151842456506869894e+01
4.149842498504629162e+01 -0.000000000000000000e+00 0.000000000000000000e+00 0.000000000000000000e+00 4.149842498504629162e+01 0.000000000000000000e+00 0.000000000000000000e+00 0.000000000000000000e+00 4.149842498504629162e+01
4.152748966208272918e+01 -0.000000000000000000e+00 0.000000000000000000e+00 0.000000000000000000e+00 4.152748966208272918e+01 0.000000000000000000e+00 0.000000000000000000e+00 0.000000000000000000e+00 4.152748966208272918e+01
4.148313555089988824e+01 -0.000000000000000000e+00 0.000000000000000000e+00 0.000000000000000000e+00 4.148313555089988824e+01 0.000000000000000000e+00 0.000000000000000000e+00 0.000000000000000000e+00 4.148313555089988824e+01
4.149649192782814566e+01 -0.000000000000000000e+00 0.000000000000000000e+00 0.000000000000000000e+00 4.149649192782814566e+01 0.000000000000000000e+00 0.000000000000000000e+00 0.000000000000000000e+00 4.149649192782814566e+01
4.151348928124625104e+01 -0.000000000000000000e+00 0.000000000000000000e+00 0.000000000000000000e+00 4.151348928124625104e+01 0.000000000000000000e+00 0.000000000000000000e+00 0.000000000000000000e+00 4.151348928124625104e+01
4.151104952297227157e+01 -0.000000000000000000e+00 0.000000000000000000e+00 0.000000000000000000e+00 4.151104952297227157e+01 0.000000000000000000e+00 0.000000000000000000e+00 0.000000000000000000e+00 4.151104952297227157e+01
4.154207416910661266e+01 -0.000000000000000000e+00 0.000000000000000000e+00 0.000000000000000000e+00 4.154207416910661266e+01 0.000000000000000000e+00 0.000000000000000000e+00 0.000000000000000000e+00 4.154207416910661266e+01
4.145982253868420742e+01 -0.000000000000000000e+00 0.000000000000000000e+00 0.000000000000000000e+00 4.145982253868420742e+01 0.000000000000000000e+00 0.000000000000000000e+00 0.000000000000000000e+00 4.145982253868420742e+01
4.147335465816432531e+01 -0.000000000000000000e+00 0.000000000000000000e+00 0.000000000000000000e+00 4.147335465816432531e+01 0.000000000000000000e+00 0.000000000000000000e+00 0.000000000000000000e+00 4.147335465816432531e+01
4.150512265734279538e+01 -0.000000000000000000e+00 0.000000000000000000e+00 0.000000000000000000e+00 4.150512265734279538e+01 0.000000000000000000e+00 0.000000000000000000e+00 0.000000000000000000e+00 4.150512265734279538e+01
4.147668407025744841e+01 -0.000000000000000000e+00 0.000000000000000000e+00 0.000000000000000000e+00 4.147668407025744841e+01 0.000000000000000000e+00 0.000000000000000000e+00 0.000000000000000000e+00 4.147668407025744841e+01
4.153213789175050863e+01 -0.000000000000000000e+00 0.000000000000000000e+00 0.000000000000000000e+00 4.153213789175050863e+01 0.000000000000000000e+00 0.000000000000000000e+00 0.000000000000000000e+00 4.153213789175050863e+01
4.146802513525751266e+01 -0.000000000000000000e+00 0.000000000000000000e+00 0.000000000000000000e+00 4.146802513525751266e+01 0.000000000000000000e+00 0.000000000000000000e+00 0.000000000000000000e+00 4.146802513525751266e+01
4.151189924475477966e+01 -0.000000000000000000e+00 0.000000000000000000e+00 0.000000000000000000e+00 4.151189924475477966e+01 0.000000000000000000e+00 0.000000000000000000e+00 0.000000000000000000e+00 4.151189924475477966e+01
4.149600584027338357e+01 -0.000000000000000000e+00 0.000000000000000000e+00 0.000000000000000000e+00 4.149600584027338357e+01 0.000000000000000000e+00 0.000000000000000000e+00 0.000000000000000000e+00 4.149600584027338357e+01
4.151771879016889955e+01 -0.000000000000000000e+00 0.000000000000000000e+00 0.000000000000000000e+00 4.151771879016889955e+01 0.000000000000000000e+00 0.000000000000000000e+00 0.000000000000000000e+00 4.151771879016889955e+01
4.151578367688594540e+01 -0.000000000000000000e+00 0.000000000000000000e+00 0.000000000000000000e+00 4.151578367688594540e+01 0.000000000000000000e+00 0.000000000000000000e+00 0.000000000000000000e+00 4.151578367688594540e+01
4.145358436417127734e+01 -0.000000000000000000e+00 0.000000000000000000e+00 0.000000000000000000e+00 4.145358436417127734e+01 0.000000000000000000e+00 0.000000000000000000e+00 0.000000000000000000e+00 4.145358436417127734e+01
4.154364665269962131e+01 -0.000000000000000000e+00 0.000000000000000000e+00 0.000000000000000000e+00 4.154364665269962131e+01 0.000000000000000000e+00 0.000000000000000000e+00 0.000000000000000000e+00 4.154364665269962131e+01
4.145123332529045967e+01 -0.000000000000000000e+00 0.000000000000000000e+00 0.000000000000000000e+00 4.145123332529045967e+01 0.000000000000000000e+00 0.000000000000000000e+00 0.000000000000000000e+00 4.145123332529045967e+01
4.145805138346153740e+01 -0.000000000000000000e+00 0.000000000000000000e+00 0.000000000000000000e+00 4.145805138346153740e+01 0.000000000000000000e+00 0.000000000000000000e+00 0.000000000000000000e+00 4.145805138346153740e+01
4.147728436771983240e+01 -0.000000000000000000e+00 0.000000000000000000e+00 0.000000000000000000e+00 4.147728436771983240e+01 0.000000000000000000e+00 0.000000000000000000e+00 0.000000000000000000e+00 4.147728436771983240e+01
4.146562694654329562e+01 -0.000000000000000000e+00 0.000000000000000000e+00 0.000000000000000000e+00 4.146562694654329562e+01 0.000000000000000000e+00 0.000000000000000000e+00 0.000000000000000000e+00 4.146562694654329562e+01
4.146856669719325339e+01 -0.000000000000000000e+00 0.000000000000000000e+00 0.000000000000000000e+00 4.146856669719325339e+01 0.000000000000000000e+00 0.000000000000000000e+00 0.000000000000000000e+00 4.146856669719325339e+01
4.143880865491888699e+01 -0.000000000000000000e+00 0.000000000000000000e+00 0.000000000000000000e+00 4.143880865491888699e+01 0.000000000000000000e+00 0.000000000000000000e+00 0.000000000000000000e+00 4.143880865491888699e+01
4.150000052275461115e+01 -0.000000000000000000e+00 0.000000000000000000e+00 0.000000000000000000e+00 4.150000052275461115e+01 0.000000000000000000e+00 0.000000000000000000e+00 0.000000000000000000e+00 4.150000052275461115e+01
4.144616945939858965e+01 -0.000000000000000000e+00 0.000000000000000000e+00 0.000000000000000000e+00 4.144616945939858965e+01 0.000000000000000000e+00 0.000000000000000000e+00 0.000000000000000000e+00 4.144616945939858965e+01
4.146141950235818285e+01 -0.000000000000000000e+00 0.000000000000000000e+00 0.000000000000000000e+00 4.146141950235818285e+01 0.000000000000000000e+00 0.000000000000000000e+00 0.000000000000000000e+00 4.146141950235818285e+01
4.141794182900736843e+01 -0.000000000000000000e+00 0.000000000000000000e+00 0.000000000000000000e+00 4.141794182900736843e+01 0.000000000000000000e+00 0.000000000000000000e+00 0.000000000000000000e+00 4.141794182900736843e+01
4.149949072129128069e+01 -0.000000000000000000e+00 0.000000000000000000e+00 0.000000000000000000e+00 4.149949072129128069e+01 0.000000000000000000e+00 0.000000000000000000e+00 0.000000000000000000e+00 4.149949072129128069e+01
4.149265924755670198e+01 -0.000000000000000000e+00 0.000000000000000000e+00 0.000000000000000000e+00 4.149265924755670198e+01 0.000000000000000000e+00 0.000000000000000000e+00 0.000000000000000000e+00 4.149265924755670198e+01
4.147841040958935821e+01 -0.000000000000000000e+00 0.000000000000000000e+00 0.000000000000000000e+00 4.147841040958935821e+01 0.000000000000000000e+00 0.000000000000000000e+00 0.000000000000000000e+00 4.147841040958935821e+01
4.139774192662376606e+01 -0.000000000000000000e+00 0.000000000000000000e+00 0.000000000000000000e+00 4.139774192662376606e+01 0.000000000000000000e+00 0.000000000000000000e+00 0.000000000000000000e+00 4.139774192662376606e+01
4.147111315207300208e+01 -0.000000000000000000e+00 0.000000000000000000e+00 0.000000000000000000e+00 4.147111315207300208e+01 0.000000000000000000e+00 0.000000000000000000e+00 0.000000000000000000e+00 4.147111315207300208e+01
4.147336453164639636e+01 -0.000000000000000000e+00 0.000000000000000000e+00 0.000000000000000000e+00 4.147336453164639636e+01 0.000000000000000000e+00 0.000000000000000000e+00 0.000000000000000000e+00 4.147336453164639636e+01
