4.139183530876498907e+01 -0.000000000000000000e+00 0.000000000000000000e+00 0.000000000000000000e+00 4.139183530876498907e+01 0.000000000000000000e+00 0.000000000000000000e+00 0.000000000000000000e+00 4.139183530876498907e+01
4.142952955905684576e+01 -0.000000000000000000e+00 0.000000000000000000e+00 0.000000000000000000e+00 4.142952955905684576e+01 0.000000000000000000e+00 0.000000000000000000e+00 0.000000000000000000e+00 4.142952955905684576e+01
4.138179662387921098e+01 -0.000000000000000000e+00 0.000000000000000000e+00 0.000000000000000000e+00 4.138179662387921098e+01 0.000000000000000000e+00 0.000000000000000000e+00 0.000000000000000000e+00 4.138179662387921098e+01
4.138394558621934038e+01 -0.000000000000000000e+00 0.000000000000000000e+00 0.000000000000000000e+00 4.138394558621934038e+01 0.000000000000000000e+00 0.000000000000000000e+00 0.000000000000000000e+00 4.138394558621934038e+01
4.138067968127286633e+01 -0.000000000000000000e+00 0.000000000000000000e+00 0.000000000000000000e+00 4.138067968127286633e+01 0.000000000000000000e+00 0.000000000000000000e+00 0.000000000000000000e+00 4.138067968127286633e+01
4.141742643786510314e+01 -0.000000000000000000e+00 0.000000000000000000e+00 0.000000000000000000e+00 4.141742643786510314e+01 0.000000000000000000e+00 0.000000000000000000e+00 0.000000000000000000e+00 4.141742643786510314e+01
4.131870077903737126e+01 -0.000000000000000000e+00 0.000000000000000000e+00 0.000000000000000000e+00 4.131870077903737126e+01 0.000000000000000000e+00 0.000000000000000000e+00 0.000000000000000000e+00 4.131870077903737126e+01
4.138824227384974108e+01 -0.000000000000000000e+00 0.000000000000000000e+00 0.000000000000000000e+00 4.138824227384974108e+01 0.000000000000000000e+00 0.000000000000000000e+00 0.000000000000000000e+00 4.138824227384974108e+01
4.141828942551978798e+01 -0.000000000000000000e+00 0.000000000000000000e+00 0.000000000000000000e+00 4.141828942551978798e+01 0.000000000000000000e+00 0.000000000000000000e+00 0.000000000000000000e+00 4.141828942551978798e+01
4.137733296352553225e+01 -0.000000000000000000e+00 0.000000000000000000e+00 0.000000000000000000e+00 4.137733296352553225e+01 0.000000000000000000e+00 0.000000000000000000e+00 0.000000000000000000e+00 4.137733296352553225e+01
4.144187154904435033e+01 -0.000000000000000000e+00 0.000000000000000000e+00 0.000000000000000000e+00 4.144187154904435033e+01 0.000000000000000000e+00 0.000000000000000000e+00 0.000000000000000000e+00 4.144187154904435033e+01
4.141679755384235762e+01 -0.000000000000000000e+00 0.000000000000000000e+00 0.000000000000000000e+00 4.141679755384235762e+01 0.000000000000000000e+00 0.000000000000000000e+00 0.000000000000000000e+00 4.141679755384235762e+01
4.137780189707134326e+01 -0.000000000000000000e+00 0.000000000000000000e+00 0.000000000000000000e+00 4.137780189707134326e+01 0.000000000000000000e+00 0.000000000000000000e+00 0.000000000000000000e+00 4.137780189707134326e+01
4.139856930968583981e+01 -0.000000000000000000e+00 0.000000000000000000e+00 0.000000000000000000e+00 4.139856930968583981e+01 0.000000000000000000e+00 0.000000000000000000e+00 0.000000000000000000e+00 4.139856930968583981e+01
4.136985921417945633e+01 -0.000000000000000000e+00 0.000000000000000000e+00 0.000000000000000000e+00 4.136985921417945633e+01 0.000000000000000000e+00 0.000000000000000000e+00 0.000000000000000000e+00 4.136985921417945633e+01
4.136269025027939961e+01 -0.000000000000000000e+00 0.000000000000000000e+00 0.000000000000000000e+00 4.136269025027939961e+01 0.000000000000000000e+00 0.000000000000000000e+00 0.000000000000000000e+00 4.136269025027939961e+01
4.141677787125780696e+01 -0.000000000000000000e+00 0.000000000000000000e+00 0.000000000000000000e+00 4.141677787125780696e+01 0.000000000000000000e+00 0.000000000000000000e+00 0.000000000000000000e+00 4.141677787125780696e+01
4.136254288665325873e+01 -0.000000000000000000e+00 0.000000000000000000e+00 0.000000000000000000e+00 4.136254288665325873e+01 0.000000000000000000e+00 0.000000000000000000e+00 0.000000000000000000e+00 4.136254288665325873e+01
4.135959556729227415e+01 -0.000000000000000000e+00 0.000000000000000000e+00 0.000000000000000000e+00 4.135959556729227415e+01 0.000000000000000000e+00 0.000000000000000000e+00 0.000000000000000000e+00 4.135959556729227415e+01
4.137110189681143169e+01 -0.000000000000000000e+00 0.000000000000000000e+00 0.000000000000000000e+00 4.137110189681143169e+01 0.000000000000000000e+00 0.000000000000000000e+00 0.000000000000000000e+00 4.137110189681143169e+01
4.139513983331623592e+01 -0.000000000000000000e+00 0.000000000000000000e+00 0.000000000000000000e+00 4.139513983331623592e+01 0.000000000000000000e+00 0.000000000000000000e+00 0.000000000000000000e+00 4.139513983331623592e+01
4.137521053110536684e+01 -0.000000000000000000e+00 0.000000000000000000e+00 0.000000000000000000e+00 4.137521053110536684e+01 0.000000000000000000e+00 0.000000000000000000e+00 0.000000000000000000e+00 4.137521053110536684e+01
4.139842371458293258e+01 -0.000000000000000000e+00 0.000000000000000000e+00 0.000000000000000000e+00 4.139842371458293258e+01 0.000000000000000000e+00 0.000000000000000000e+00 0.000000000000000000e+00 4.139842371458293258e+01
4.138502294259983216e+01 -0.000000000000000000e+00 0.000000000000000000e+00 0.000000000000000000e+00 4.138502294259983216e+01 0.000000000000000000e+00 0.000000000000000000e+00 0.000000000000000000e+00 4.138502294259983216e+01
4.140231290390780572e+01 -0.000000000000000000e+00 0.000000000000000000e+00 0.000000000000000000e+00 4.140231290390780572e+01 0.000000000000000000e+00 0.000000000000000000e+00 0.000000000000000000e+00 4.140231290390780572e+01
4.139318210029567524e+01 -0.000000000000000000e+00 0.000000000000000000e+00 0.000000000000000000e+00 4.139318210029567524e+01 0.000000000000000000e+00 0.000000000000000000e+00 0.000000000000000000e+00 4.139318210029567524e+01
4.138890403651689098e+01 -0.000000000000000000e+00 0.000000000000000000e+00 0.000000000000000000e+00 4.138890403651689098e+01 0.000000000000000000e+00 0.000000000000000000e+00 0.000000000000000000e+00 4.138890403651689098e+01
4.142553192824426844e+01 -0.000000000000000000e+00 0.000000000000000000e+00 0.000000000000000000e+00 4.142553192824426844e+01 0.000000000000000000e+00 0.000000000000000000e+00 0.000000000000000000e+00 4.142553192824426844e+01
4.141937404751570995e+01 -0.000000000000000000e+00 0.000000000000000000e+00 0.000000000000000000e+00 4.141937404751570995e+01 0.000000000000000000e+00 0.000000000000000000e+00 0.000000000000000000e+00 4.141937404751570995e+01
4.142194686760930722e+01 -0.000000000000000000e+00 0.000000000000000000e+00 0.000000000000000000e+00 4.142194686760930722e+01 0.000000000000000000e+00 0.000000000000000000e+00 0.000000000000000000e+00 4.142194686760930722e+01
4.135236113984432649e+01 -0.000000000000000000e+00 0.000000000000000000e+00 0.000000000000000000e+00 4.135236113984432649e+01 0.000000000000000000e+00 0.000000000000000000e+00 0.000000000000000000e+00 4.135236113984432649e+01
4.136927445926257008e+01 -0.000000000000000000e+00 0.000000000000000000e+00 0.000000000000000000e+00 4.136927445926257008e+01 0.000000000000000000e+00 0.000000000000000000e+00 0.000000000000000000e+00 4.136927445926257008e+01
4.138785103610864269e+01 -0.000000000000000000e+00 0.000000000000000000e+00 0.000000000000000000e+00 4.138785103610864269e+01 0.000000000000000000e+00 0.000000000000000000e+00 0.000000000000000000e+00 4.138785103610864269e+01
4.136802622817835839e+01 -0.000000000000000000e+00 0.000000000000000000e+00 0.000000000000000000e+00 4.136802622817835839e+01 0.000000000000000000e+00 0.000000000000000000e+00 0.000000000000000000e+00 4.136802622817835839e+01
4.136796242316383143e+01 -0.000000000000000000e+00 0.000000000000000000e+00 0.000000000000000000e+00 4.136796242316383143e+01 0.000000000000000000e+00 0.000000000000000000e+00 0.000000000000000000e+00 4.136796242316383143e+01
4.137872177523864536e+01 -0.000000000000000000e+00 0.000000000000000000e+00 0.000000000000000000e+00 4.137872177523864536e+01 0.000000000000000000e+00 0.000000000000000000e+00 0.000000000000000000e+00 4.137872177523864536e+01
4.134000495427901001e+01 -0.000000000000000000e+00 0.000000000000000000e+00 0.000000000000000000e+00 4.134000495427901001e+01 0.000000000000000000e+00 0.000000000000000000e+00 0.000000000000000000e+00 4.134000495427901001e+01
4.137522769389985910e+01 -0.000000000000000000e+00 0.000000000000000000e+00 0.000000000000000000e+00 4.137522769389985910e+01 0.000000000000000000e+00 0.000000000000000000e+00 0.000000000000000000e+00 4.137522769389985910e+01
4.140721094641369859e+01 -0.000000000000000000e+00 0.000000000000000000e+00 0.000000000000000000e+00 4.140721094641369859e+01 0.000000000000000000e+00 0.000000000000000000e+00 0.000000000000000000e+00 4.140721094641369859e+01
4.135747528656927585e+01 -0.000000000000000000e+00 0.000000000000000000e+00 0.000000000000000000e+00 4.135747528656927585e+01 0.000000000000000000e+00 0.000000000000000000e+00 0.000000000000000000e+00 4.135747528656927585e+01
4.135466287937587992e+01 -0.000000000000000000e+00 0.000000000000000000e+00 0.000000000000000000e+00 4.135466287937587992e+01 0.000000000000000000e+00 0.000000000000000000e+00 0.000000000000000000e+00 4.135466287937587992e+01
4.135719890023445089e+01 -0.000000000000000000e+00 0.000000000000000000e+00 0.000000000000000000e+00 4.135719890023445089e+01 0.000000000000000000e+00 0.000000000000000000e+00 0.000000000000000000e+00 4.135719890023445089e+01
4.135630618732410113e+01 -0.000000000000000000e+00 0.000000000000000000e+00 0.000000000000000000e+00 4.135630618732410113e+01 0.000000000000000000e+00 0.000000000000000000e+00 0.000000000000000000e+00 4.135630618732410113e+01
4.134563848298459732e+01 -0.000000000000000000e+00 0.000000000000000000e+00 0.000000000000000000e+00 4.134563848298459732e+01 0.000000000000000000e+00 0.000000000000000000e+00 0.000000000000000000e+00 4.134563848298459732e+01
4.135812422991077852e+01 -0.000000000000000000e+00 0.000000000000000000e+00 0.000000000000000000e+00 4.135812422991077852e+01 0.000000000000000000e+00 0.000000000000000000e+00 0.000000000000000000e+00 4.135812422991077852e+01
4.132104967762781200e+01 -0.000000000000000000e+00 0.000000000000000000e+00 0.000000000000000000e+00 4.132104967762781200e+01 0.000000000000000000e+00 0.000000000000000000e+00 0.000000000000000000e+00 4.132104967762781200e+01
4.133697588583969207e+01 -0.000000000000000000e+00 0.000000000000000000e+00 0.000000000000000000e+00 4.133697588583969207e+01 0.000000000000000000e+00 0.000000000000000000e+00 0.000000000000000000e+00 4.133697588583969207e+01
4.137392674412456017e+01 -0.000000000000000000e+00 0.000000000000000000e+00 0.000000000000000000e+00 4.137392674412456017e+01 0.000000000000000000e+00 0.000000000000000000e+00 0.000000000000000000e+00 4.137392674412456017e+01
4.134959547973656413e+01 -0.000000000000000000e+00 0.000000000000000000e+00 0.000000000000000000e+00 4.134959547973656413e+01 0.000000000000000000e+00 0.000000000000000000e+00 0.000000000000000000e+00 4.134959547973656413e+01
4.134130768958193869e+01 -0.000000000000000000e+00 0.000000000000000000e+00 0.000000000000000000e+00 4.134130768958193869e+01 0.000000000000000000e+00 0.000000000000000000e+00 0.000000000000000000e+00 4.134130768958193869e+01
4.134584352319990330e+01 -0.000000000000000000e+00 0.000000000000000000e+00 0.000000000000000000e+00 4.134584352319990330e+01 0.000000000000000000e+00 0.000000000000000000e+00 0.000000000000000000e+00 4.134584352319990330e+01
