4.124750492160438853e+01 -0.000000000000000000e+00 0.000000000000000000e+00 0.000000000000000000e+00 4.124750492160438853e+01 0.000000000000000000e+00 0.000000000000000000e+00 0.000000000000000000e+00 4.124750492160438853e+01
4.130834646742945182e+01 -0.000000000000000000e+00 0.000000000000000000e+00 0.000000000000000000e+00 4.130834646742945182e+01 0.000000000000000000e+00 0.000000000000000000e+00 0.000000000000000000e+00 4.130834646742945182e+01
4.126890941457383377e+01 -0.000000000000000000e+00 0.000000000000000000e+00 0.000000000000000000e+00 4.126890941457383377e+01 0.000000000000000000e+00 0.000000000000000000e+00 0.000000000000000000e+00 4.126890941457383377e+01
4.125592851285056639e+01 -0.000000000000000000e+00 0.000000000000000000e+00 0.000000000000000000e+00 4.125592851285056639e+01 0.000000000000000000e+00 0.000000000000000000e+00 0.000000000000000000e+00 4.125592851285056639e+01
4.127792532932869563e+01 -0.000000000000000000e+00 0.000000000000000000e+00 0.000000000000000000e+00 4.127792532932869563e+01 0.000000000000000000e+00 0.000000000000000000e+00 0.000000000000000000e+00 4.127792532932869563e+01
4.129643301152347590e+01 -0.000000000000000000e+00 0.000000000000000000e+00 0.000000000000000000e+00 4.129643301152347590e+01 0.000000000000000000e+00 0.000000000000000000e+00 0.000000000000000000e+00 4.129643301152347590e+01
4.127245916898498734e+01 -0.000000000000000000e+00 0.000000000000000000e+00 0.000000000000000000e+00 4.127245916898498734e+01 0.000000000000000000e+00 0.000000000000000000e+00 0.000000000000000000e+00 4.127245916898498734e+01
4.129808684728510570e+01 -0.000000000000000000e+00 0.000000000000000000e+00 0.000000000000000000e+00 4.129808684728510570e+01 0.000000000000000000e+00 0.000000000000000000e+00 0.000000000000000000e+00 4.129808684728510570e+01
4.122880084653039034e+01 -0.000000000000000000e+00 0.000000000000000000e+00 0.000000000000000000e+00 4.122880084653039034e+01 0.000000000000000000e+00 0.000000000000000000e+00 0.000000000000000000e+00 4.122880084653039034e+01
4.123458101597518777e+01 -0.000000000000000000e+00 0.000000000000000000e+00 0.000000000000000000e+00 4.123458101597518777e+01 0.000000000000000000e+00 0.000000000000000000e+00 0.000000000000000000e+00 4.123458101597518777e+01
4.128259278007756450e+01 -0.000000000000000000e+00 0.000000000000000000e+00 0.000000000000000000e+00 4.128259278007756450e+01 0.000000000000000000e+00 0.000000000000000000e+00 0.000000000000000000e+00 4.128259278007756450e+01
4.128885411443680198e+01 -0.000000000000000000e+00 0.000000000000000000e+00 0.000000000000000000e+00 4.128885411443680198e+01 0.000000000000000000e+00 0.000000000000000000e+00 0.000000000000000000e+00 4.128885411443680198e+01
4.127943891545464794e+01 -0.000000000000000000e+00 0.000000000000000000e+00 0.000000000000000000e+00 4.127943891545464794e+01 0.000000000000000000e+00 0.000000000000000000e+00 0.000000000000000000e+00 4.127943891545464794e+01
4.128139631354531502e+01 -0.000000000000000000e+00 0.000000000000000000e+00 0.000000000000000000e+00 4.128139631354531502e+01 0.000000000000000000e+00 0.000000000000000000e+00 0.000000000000000000e+00 4.128139631354531502e+01
4.127936970906014125e+01 -0.000000000000000000e+00 0.000000000000000000e+00 0.000000000000000000e+00 4.127936970906014125e+01 0.000000000000000000e+00 0.000000000000000000e+00 0.000000000000000000e+00 4.127936970906014125e+01
4.126651591938586705e+01 -0.000000000000000000e+00 0.000000000000000000e+00 0.000000000000000000e+00 4.126651591938586705e+01 0.000000000000000000e+00 0.000000000000000000e+00 0.000000000000000000e+00 4.126651591938586705e+01
4.126916690278401489e+01 -0.000000000000000000e+00 0.000000000000000000e+00 0.000000000000000000e+00 4.126916690278401489e+01 0.000000000000000000e+00 0.000000000000000000e+00 0.000000000000000000e+00 4.126916690278401489e+01
4.128682819977073848e+01 -0.000000000000000000e+00 0.000000000000000000e+00 0.000000000000000000e+00 4.128682819977073848e+01 0.000000000000000000e+00 0.000000000000000000e+00 0.000000000000000000e+00 4.128682819977073848e+01
4.131918675443822053e+01 -0.000000000000000000e+00 0.000000000000000000e+00 0.000000000000000000e+00 4.131918675443822053e+01 0.000000000000000000e+00 0.000000000000000000e+00 0.000000000000000000e+00 4.131918675443822053e+01
4.131185851441546930e+01 -0.000000000000000000e+00 0.000000000000000000e+00 0.000000000000000000e+00 4.131185851441546930e+01 0.000000000000000000e+00 0.000000000000000000e+00 0.000000000000000000e+00 4.131185851441546930e+01
4.132725636684474324e+01 -0.000000000000000000e+00 0.000000000000000000e+00 0.000000000000000000e+00 4.132725636684474324e+01 0.000000000000000000e+00 0.000000000000000000e+00 0.000000000000000000e+00 4.132725636684474324e+01
4.126979169535725589e+01 -0.000000000000000000e+00 0.000000000000000000e+00 0.000000000000000000e+00 4.126979169535725589e+01 0.000000000000000000e+00 0.000000000000000000e+00 0.000000000000000000e+00 4.126979169535725589e+01
4.127736682750123975e+01 -0.000000000000000000e+00 0.000000000000000000e+00 0.000000000000000000e+00 4.127736682750123975e+01 0.000000000000000000e+00 0.000000000000000000e+00 0.000000000000000000e+00 4.127736682750123975e+01
4.128504023759011687e+01 -0.000000000000000000e+00 0.000000000000000000e+00 0.000000000000000000e+00 4.128504023759011687e+01 0.000000000000000000e+00 0.000000000000000000e+00 0.000000000000000000e+00 4.128504023759011687e+01
4.127217740396156387e+01 -0.000000000000000000e+00 0.000000000000000000e+00 0.000000000000000000e+00 4.127217740396156387e+01 0.000000000000000000e+00 0.000000000000000000e+00 0.000000000000000000e+00 4.127217740396156387e+01
4.130389112474605184e+01 -0.000000000000000000e+00 0.000000000000000000e+00 0.000000000000000000e+00 4.130389112474605184e+01 0.000000000000000000e+00 0.000000000000000000e+00 0.000000000000000000e+00 4.130389112474605184e+01
4.132276702686773717e+01 -0.000000000000000000e+00 0.000000000000000000e+00 0.000000000000000000e+00 4.132276702686773717e+01 0.000000000000000000e+00 0.000000000000000000e+00 0.000000000000000000e+00 4.132276702686773717e+01
4.132591279683229146e+01 -0.000000000000000000e+00 0.000000000000000000e+00 0.000000000000000000e+00 4.132591279683229146e+01 0.000000000000000000e+00 0.000000000000000000e+00 0.000000000000000000e+00 4.132591279683229146e+01
4.132156635846993709e+01 -0.000000000000000000e+00 0.000000000000000000e+00 0.000000000000000000e+00 4.132156635846993709e+01 0.000000000000000000e+00 0.000000000000000000e+00 0.000000000000000000e+00 4.132156635846993709e+01
4.129527612943792292e+01 -0.000000000000000000e+00 0.000000000000000000e+00 0.000000000000000000e+00 4.129527612943792292e+01 0.000000000000000000e+00 0.000000000000000000e+00 0.000000000000000000e+00 4.129527612943792292e+01
4.125172636290794514e+01 -0.000000000000000000e+00 0.000000000000000000e+00 0.000000000000000000e+00 4.125172636290794514e+01 0.000000000000000000e+00 0.000000000000000000e+00 0.000000000000000000e+00 4.125172636290794514e+01
4.134802594572168744e+01 -0.000000000000000000e+00 0.000000000000000000e+00 0.000000000000000000e+00 4.134802594572168744e+01 0.000000000000000000e+00 0.000000000000000000e+00 0.000000000000000000e+00 4.134802594572168744e+01
4.117769131165090357e+01 -0.000000000000000000e+00 0.000000000000000000e+00 0.000000000000000000e+00 4.117769131165090357e+01 0.000000000000000000e+00 0.000000000000000000e+00 0.000000000000000000e+00 4.117769131165090357e+01
4.128413462001144296e+01 -0.000000000000000000e+00 0.000000000000000000e+00 0.000000000000000000e+00 4.128413462001144296e+01 0.000000000000000000e+00 0.000000000000000000e+00 0.000000000000000000e+00 4.128413462001144296e+01
4.128695997599538714e+01 -0.000000000000000000e+00 0.000000000000000000e+00 0.000000000000000000e+00 4.128695997599538714e+01 0.000000000000000000e+00 0.000000000000000000e+00 0.000000000000000000e+00 4.128695997599538714e+01
4.121426574625797912e+01 -0.000000000000000000e+00 0.000000000000000000e+00 0.000000000000000000e+00 4.121426574625797912e+01 0.000000000000000000e+00 0.000000000000000000e+00 0.000000000000000000e+00 4.121426574625797912e+01
4.127861148153482418e+01 -0.000000000000000000e+00 0.000000000000000000e+00 0.000000000000000000e+00 4.127861148153482418e+01 0.000000000000000000e+00 0.000000000000000000e+00 0.000000000000000000e+00 4.127861148153482418e+01
4.129213869164587436e+01 -0.000000000000000000e+00 0.000000000000000000e+00 0.000000000000000000e+00 4.129213869164587436e+01 0.000000000000000000e+00 0.000000000000000000e+00 0.000000000000000000e+00 4.129213869164587436e+01
4.130310226961996989e+01 -0.000000000000000000e+00 0.000000000000000000e+00 0.000000000000000000e+00 4.130310226961996989e+01 0.000000000000000000e+00 0.000000000000000000e+00 0.000000000000000000e+00 4.130310226961996989e+01
4.125848136448372117e+01 -0.000000000000000000e+00 0.000000000000000000e+00 0.000000000000000000e+00 4.125848136448372117e+01 0.000000000000000000e+00 0.000000000000000000e+00 0.000000000000000000e+00 4.125848136448372117e+01
4.132951194719460375e+01 -0.000000000000000000e+00 0.000000000000000000e+00 0.000000000000000000e+00 4.132951194719460375e+01 0.000000000000000000e+00 0.000000000000000000e+00 0.000000000000000000e+00 4.132951194719460375e+01
4.130711053425936541e+01 -0.000000000000000000e+00 0.000000000000000000e+00 0.000000000000000000e+00 4.130711053425936541e+01 0.000000000000000000e+00 0.000000000000000000e+00 0.000000000000000000e+00 4.130711053425936541e+01
4.127788193194754740e+01 -0.000000000000000000e+00 0.000000000000000000e+00 0.000000000000000000e+00 4.127788193194754740e+01 0.000000000000000000e+00 0.000000000000000000e+00 0.000000000000000000e+00 4.127788193194754740e+01
4.128952634096906849e+01 -0.000000000000000000e+00 0.000000000000000000e+00 0.000000000000000000e+00 4.128952634096906849e+01 0.000000000000000000e+00 0.000000000000000000e+00 0.000000000000000000e+00 4.128952634096906849e+01
4.129240570633908902e+01 -0.000000000000000000e+00 0.000000000000000000e+00 0.000000000000000000e+00 4.129240570633908902e+01 0.000000000000000000e+00 0.000000000000000000e+00 0.000000000000000000e+00 4.129240570633908902e+01
4.127098200043367626e+01 -0.000000000000000000e+00 0.000000000000000000e+00 0.000000000000000000e+00 4.127098200043367626e+01 0.000000000000000000e+00 0.000000000000000000e+00 0.000000000000000000e+00 4.127098200043367626e+01
4.126087402404809978e+01 -0.000000000000000000e+00 0.000000000000000000e+00 0.000000000000000000e+00 4.126087402404809978e+01 0.000000000000000000e+00 0.000000000000000000e+00 0.000000000000000000e+00 4.126087402404809978e+01
4.126675270054531097e+01 -0.000000000000000000e+00 0.000000000000000000e+00 0.000000000000000000e+00 4.126675270054531097e+01 0.000000000000000000e+00 0.000000000000000000e+00 0.000000000000000000e+00 4.126675270054531097e+01
4.129279198454278799e+01 -0.000000000000000000e+00 0.000000000000000000e+00 0.000000000000000000e+00 4.129279198454278799e+01 0.000000000000000000e+00 0.000000000000000000e+00 0.000000000000000000e+00 4.129279198454278799e+01
4.124430322595200948e+01 -0.000000000000000000e+00 0.000000000000000000e+00 0.000000000000000000e+00 4.124430322595200948e+01 0.000000000000000000e+00 0.000000000000000000e+00 0.000000000000000000e+00 4.124430322595200948e+01
4.132608768520015019e+01 -0.000000000000000000e+00 0.000000000000000000e+00 0.000000000000000000e+00 4.132608768520015019e+01 0.000000000000000000e+00 0.000000000000000000e+00 0.000000000000000000e+00 4.132608768520015019e+01
