4.132608768520015019e+01 -0.000000000000000000e+00 0.000000000000000000e+00 0.000000000000000000e+00 4.132608768520015019e+01 0.000000000000000000e+00 0.000000000000000000e+00 0.000000000000000000e+00 4.132608768520015019e+01
4.130038602457214836e+01 -0.000000000000000000e+00 0.000000000000000000e+00 0.000000000000000000e+00 4.130038602457214836e+01 0.000000000000000000e+00 0.000000000000000000e+00 0.000000000000000000e+00 4.130038602457214836e+01
4.126166907798548777e+01 -0.000000000000000000e+00 0.000000000000000000e+00 0.000000000000000000e+00 4.126166907798548777e+01 0.000000000000000000e+00 0.000000000000000000e+00 0.000000000000000000e+00 4.126166907798548777e+01
4.128943182078880625e+01 -0.000000000000000000e+00 0.000000000000000000e+00 0.000000000000000000e+00 4.128943182078880625e+01 0.000000000000000000e+00 0.000000000000000000e+00 0.000000000000000000e+00 4.128943182078880625e+01
4.127177885070979357e+01 -0.000000000000000000e+00 0.000000000000000000e+00 0.000000000000000000e+00 4.127177885070979357e+01 0.000000000000000000e+00 0.000000000000000000e+00 0.000000000000000000e+00 4.127177885070979357e+01
4.128273221139914995e+01 -0.000000000000000000e+00 0.000000000000000000e+00 0.000000000000000000e+00 4.128273221139914995e+01 0.000000000000000000e+00 0.000000000000000000e+00 0.000000000000000000e+00 4.128273221139914995e+01
4.128757006766960558e+01 -0.000000000000000000e+00 0.000000000000000000e+00 0.000000000000000000e+00 4.128757006766960558e+01 0.000000000000000000e+00 0.000000000000000000e+00 0.000000000000000000e+00 4.128757006766960558e+01
4.125041547455023050e+01 -0.000000000000000000e+00 0.000000000000000000e+00 0.000000000000000000e+00 4.125041547455023050e+01 0.000000000000000000e+00 0.000000000000000000e+00 0.000000000000000000e+00 4.125041547455023050e+01
4.129601185748566650e+01 -0.000000000000000000e+00 0.000000000000000000e+00 0.000000000000000000e+00 4.129601185748566650e+01 0.000000000000000000e+00 0.000000000000000000e+00 0.000000000000000000e+00 4.129601185748566650e+01
4.129816653542282268e+01 -0.000000000000000000e+00 0.000000000000000000e+00 0.000000000000000000e+00 4.129816653542282268e+01 0.000000000000000000e+00 0.000000000000000000e+00 0.000000000000000000e+00 4.129816653542282268e+01
4.125508040999474701e+01 -0.000000000000000000e+00 0.000000000000000000e+00 0.000000000000000000e+00 4.125508040999474701e+01 0.000000000000000000e+00 0.000000000000000000e+00 0.000000000000000000e+00 4.125508040999474701e+01
4.131507298450735277e+01 -0.000000000000000000e+00 0.000000000000000000e+00 0.000000000000000000e+00 4.131507298450735277e+01 0.000000000000000000e+00 0.000000000000000000e+00 0.000000000000000000e+00 4.131507298450735277e+01
4.125665206316796940e+01 -0.000000000000000000e+00 0.000000000000000000e+00 0.000000000000000000e+00 4.125665206316796940e+01 0.000000000000000000e+00 0.000000000000000000e+00 0.000000000000000000e+00 4.125665206316796940e+01
4.129410739044983814e+01 -0.000000000000000000e+00 0.000000000000000000e+00 0.000000000000000000e+00 4.129410739044983814e+01 0.000000000000000000e+00 0.000000000000000000e+00 0.000000000000000000e+00 4.129410739044983814e+01
4.125943518027582968e+01 -0.000000000000000000e+00 0.000000000000000000e+00 0.000000000000000000e+00 4.125943518027582968e+01 0.000000000000000000e+00 0.000000000000000000e+00 0.000000000000000000e+00 4.125943518027582968e+01
4.130006689484275739e+01 -0.000000000000000000e+00 0.000000000000000000e+00 0.000000000000000000e+00 4.130006689484275739e+01 0.000000000000000000e+00 0.000000000000000000e+00 0.000000000000000000e+00 4.130006689484275739e+01
4.132582732294066830e+01 -0.000000000000000000e+00 0.000000000000000000e+00 0.000000000000000000e+00 4.132582732294066830e+01 0.000000000000000000e+00 0.000000000000000000e+00 0.000000000000000000e+00 4.132582732294066830e+01
4.123376506501860206e+01 -0.000000000000000000e+00 0.000000000000000000e+00 0.000000000000000000e+00 4.123376506501860206e+01 0.000000000000000000e+00 0.000000000000000000e+00 0.000000000000000000e+00 4.123376506501860206e+01
4.126321755811606806e+01 -0.000000000000000000e+00 0.000000000000000000e+00 0.000000000000000000e+00 4.126321755811606806e+01 0.000000000000000000e+00 0.000000000000000000e+00 0.000000000000000000e+00 4.126321755811606806e+01
4.123812279535646041e+01 -0.000000000000000000e+00 0.000000000000000000e+00 0.000000000000000000e+00 4.123812279535646041e+01 0.000000000000000000e+00 0.000000000000000000e+00 0.000000000000000000e+00 4.123812279535646041e+01
4.126308657580632655e+01 -0.000000000000000000e+00 0.000000000000000000e+00 0.000000000000000000e+00 4.126308657580632655e+01 0.000000000000000000e+00 0.000000000000000000e+00 0.000000000000000000e+00 4.126308657580632655e+01
4.127141479819147207e+01 -0.000000000000000000e+00 0.000000000000000000e+00 0.000000000000000000e+00 4.127141479819147207e+01 0.000000000000000000e+00 0.000000000000000000e+00 0.000000000000000000e+00 4.127141479819147207e+01
4.124536867601499068e+01 -0.000000000000000000e+00 0.000000000000000000e+00 0.000000000000000000e+00 4.124536867601499068e+01 0.000000000000000000e+00 0.000000000000000000e+00 0.000000000000000000e+00 4.124536867601499068e+01
4.126661507516602967e+01 -0.000000000000000000e+00 0.000000000000000000e+00 0.000000000000000000e+00 4.126661507516602967e+01 0.000000000000000000e+00 0.000000000000000000e+00 0.000000000000000000e+00 4.126661507516602967e+01
4.124159499773976023e+01 -0.000000000000000000e+00 0.000000000000000000e+00 0.000000000000000000e+00 4.124159499773976023e+01 0.000000000000000000e+00 0.000000000000000000e+00 0.000000000000000000e+00 4.124159499773976023e+01
4.122959859278974193e+01 -0.000000000000000000e+00 0.000000000000000000e+00 0.000000000000000000e+00 4.122959859278974193e+01 0.000000000000000000e+00 0.000000000000000000e+00 0.000000000000000000e+00 4.122959859278974193e+01
4.124959847612613117e+01 -0.000000000000000000e+00 0.000000000000000000e+00 0.000000000000000000e+00 4.124959847612613117e+01 0.000000000000000000e+00 0.000000000000000000e+00 0.000000000000000000e+00 4.124959847612613117e+01
4.124284570693941276e+01 -0.000000000000000000e+00 0.000000000000000000e+00 0.000000000000000000e+00 4.124284570693941276e+01 0.000000000000000000e+00 0.000000000000000000e+00 0.000000000000000000e+00 4.124284570693941276e+01
4.121986387017734899e+01 -0.000000000000000000e+00 0.000000000000000000e+00 0.000000000000000000e+00 4.121986387017734899e+01 0.000000000000000000e+00 0.000000000000000000e+00 0.000000000000000000e+00 4.121986387017734899e+01
4.120751866219882942e+01 -0.000000000000000000e+00 0.000000000000000000e+00 0.000000000000000000e+00 4.120751866219882942e+01 0.000000000000000000e+00 0.000000000000000000e+00 0.000000000000000000e+00 4.120751866219882942e+01
4.123145847599891312e+01 -0.000000000000000000e+00 0.000000000000000000e+00 0.000000000000000000e+00 4.123145847599891312e+01 0.000000000000000000e+00 0.000000000000000000e+00 0.000000000000000000e+00 4.123145847599891312e+01
4.128707199223056534e+01 -0.000000000000000000e+00 0.000000000000000000e+00 0.000000000000000000e+00 4.128707199223056534e+01 0.000000000000000000e+00 0.000000000000000000e+00 0.000000000000000000e+00 4.128707199223056534e+01
4.124607540743701861e+01 -0.000000000000000000e+00 0.000000000000000000e+00 0.000000000000000000e+00 4.124607540743701861e+01 0.000000000000000000e+00 0.000000000000000000e+00 0.000000000000000000e+00 4.124607540743701861e+01
4.120014694253036680e+01 -0.000000000000000000e+00 0.000000000000000000e+00 0.000000000000000000e+00 4.120014694253036680e+01 0.000000000000000000e+00 0.000000000000000000e+00 0.000000000000000000e+00 4.120014694253036680e+01
4.125890011932375501e+01 -0.000000000000000000e+00 0.000000000000000000e+00 0.000000000000000000e+00 4.125890011932375501e+01 0.000000000000000000e+00 0.000000000000000000e+00 0.000000000000000000e+00 4.125890011932375501e+01
4.123275549011646035e+01 -0.000000000000000000e+00 0.000000000000000000e+00 0.000000000000000000e+00 4.123275549011646035e+01 0.000000000000000000e+00 0.000000000000000000e+00 0.000000000000000000e+00 4.123275549011646035e+01
4.124844731112980867e+01 -0.000000000000000000e+00 0.000000000000000000e+00 0.000000000000000000e+00 4.124844731112980867e+01 0.000000000000000000e+00 0.000000000000000000e+00 0.000000000000000000e+00 4.124844731112980867e+01
4.123630279274520660e+01 -0.000000000000000000e+00 0.000000000000000000e+00 0.000000000000000000e+00 4.123630279274520660e+01 0.000000000000000000e+00 0.000000000000000000e+00 0.000000000000000000e+00 4.123630279274520660e+01
4.120551820616564953e+01 -0.000000000000000000e+00 0.000000000000000000e+00 0.000000000000000000e+00 4.120551820616564953e+01 0.000000000000000000e+00 0.000000000000000000e+00 0.000000000000000000e+00 4.120551820616564953e+01
4.125478145628993332e+01 -0.000000000000000000e+00 0.000000000000000000e+00 0.000000000000000000e+00 4.125478145628993332e+01 0.000000000000000000e+00 0.000000000000000000e+00 0.000000000000000000e+00 4.125478145628993332e+01
4.121543556002050934e+01 -0.000000000000000000e+00 0.000000000000000000e+00 0.000000000000000000e+00 4.121543556002050934e+01 0.000000000000000000e+00 0.000000000000000000e+00 0.000000000000000000e+00 4.121543556002050934e+01
4.122735101300317240e+01 -0.000000000000000000e+00 0.000000000000000000e+00 0.000000000000000000e+00 4.122735101300317240e+01 0.000000000000000000e+00 0.000000000000000000e+00 0.000000000000000000e+00 4.122735101300317240e+01
4.118675531675022228e+01 -0.000000000000000000e+00 0.000000000000000000e+00 0.000000000000000000e+00 4.118675531675022228e+01 0.000000000000000000e+00 0.000000000000000000e+00 0.000000000000000000e+00 4.118675531675022228e+01
4.126125047430564763e+01 -0.000000000000000000e+00 0.000000000000000000e+00 0.000000000000000000e+00 4.126125047430564763e+01 0.000000000000000000e+00 0.000000000000000000e+00 0.000000000000000000e+00 4.126125047430564763e+01
4.125294051105530002e+01 -0.000000000000000000e+00 0.000000000000000000e+00 0.000000000000000000e+00 4.125294051105530002e+01 0.000000000000000000e+00 0.000000000000000000e+00 0.000000000000000000e+00 4.125294051105530002e+01
4.128399250654391750e+01 -0.000000000000000000e+00 0.000000000000000000e+00 0.000000000000000000e+00 4.128399250654391750e+01 0.000000000000000000e+00 0.000000000000000000e+00 0.000000000000000000e+00 4.128399250654391750e+01
4.120453835484234162e+01 -0.000000000000000000e+00 0.000000000000000000e+00 0.000000000000000000e+00 4.120453835484234162e+01 0.000000000000000000e+00 0.000000000000000000e+00 0.000000000000000000e+00 4.120453835484234162e+01
4.120740337705808543e+01 -0.000000000000000000e+00 0.000000000000000000e+00 0.000000000000000000e+00 4.120740337705808543e+01 0.000000000000000000e+00 0.000000000000000000e+00 0.000000000000000000e+00 4.120740337705808543e+01
4.122368773636981842e+01 -0.000000000000000000e+00 0.000000000000000000e+00 0.000000000000000000e+00 4.122368773636981842e+01 0.000000000000000000e+00 0.000000000000000000e+00 0.000000000000000000e+00 4.122368773636981842e+01
4.119896537016904858e+01 -0.000000000000000000e+00 0.000000000000000000e+00 0.000000000000000000e+00 4.119896537016904858e+01 0.000000000000000000e+00 0.000000000000000000e+00 0.000000000000000000e+00 4.119896537016904858e+01
4.122872656554196169e+01 -0.000000000000000000e+00 0.000000000000000000e+00 0.000000000000000000e+00 4.122872656554196169e+01 0.000000000000000000e+00 0.000000000000000000e+00 0.000000000000000000e+00 4.122872656554196169e+01
