4.148659136366872247e+01 -0.000000000000000000e+00 0.000000000000000000e+00 0.000000000000000000e+00 4.148659136366872247e+01 0.000000000000000000e+00 0.000000000000000000e+00 0.000000000000000000e+00 4.148659136366872247e+01
4.144481335860498916e+01 -0.000000000000000000e+00 0.000000000000000000e+00 0.000000000000000000e+00 4.144481335860498916e+01 0.000000000000000000e+00 0.000000000000000000e+00 0.000000000000000000e+00 4.144481335860498916e+01
4.149417403622453548e+01 -0.000000000000000000e+00 0.000000000000000000e+00 0.000000000000000000e+00 4.149417403622453548e+01 0.000000000000000000e+00 0.000000000000000000e+00 0.000000000000000000e+00 4.149417403622453548e+01
4.145045845843446841e+01 -0.000000000000000000e+00 0.000000000000000000e+00 0.000000000000000000e+00 4.145045845843446841e+01 0.000000000000000000e+00 0.000000000000000000e+00 0.000000000000000000e+00 4.145045845843446841e+01
4.143379112211943749e+01 -0.000000000000000000e+00 0.000000000000000000e+00 0.000000000000000000e+00 4.143379112211943749e+01 0.000000000000000000e+00 0.000000000000000000e+00 0.000000000000000000e+00 4.143379112211943749e+01
4.152986028717744205e+01 -0.000000000000000000e+00 0.000000000000000000e+00 0.000000000000000000e+00 4.152986028717744205e+01 0.000000000000000000e+00 0.000000000000000000e+00 0.000000000000000000e+00 4.152986028717744205e+01
4.145260879923432640e+01 -0.000000000000000000e+00 0.000000000000000000e+00 0.000000000000000000e+00 4.145260879923432640e+01 0.000000000000000000e+00 0.000000000000000000e+00 0.000000000000000000e+00 4.145260879923432640e+01
4.146267663687757477e+01 -0.000000000000000000e+00 0.000000000000000000e+00 0.000000000000000000e+00 4.146267663687757477e+01 0.000000000000000000e+00 0.000000000000000000e+00 0.000000000000000000e+00 4.146267663687757477e+01
4.144977677302334484e+01 -0.000000000000000000e+00 0.000000000000000000e+00 0.000000000000000000e+00 4.144977677302334484e+01 0.000000000000000000e+00 0.000000000000000000e+00 0.000000000000000000e+00 4.144977677302334484e+01
4.147726149574884857e+01 -0.000000000000000000e+00 0.000000000000000000e+00 0.000000000000000000e+00 4.147726149574884857e+01 0.000000000000000000e+00 0.000000000000000000e+00 0.000000000000000000e+00 4.147726149574884857e+01
4.145585066198522384e+01 -0.000000000000000000e+00 0.000000000000000000e+00 0.000000000000000000e+00 4.145585066198522384e+01 0.000000000000000000e+00 0.000000000000000000e+00 0.000000000000000000e+00 4.145585066198522384e+01
4.148210407832519309e+01 -0.000000000000000000e+00 0.000000000000000000e+00 0.000000000000000000e+00 4.148210407832519309e+01 0.000000000000000000e+00 0.000000000000000000e+00 0.000000000000000000e+00 4.148210407832519309e+01
4.144694780907839515e+01 -0.000000000000000000e+00 0.000000000000000000e+00 0.000000000000000000e+00 4.144694780907839515e+01 0.000000000000000000e+00 0.000000000000000000e+00 0.000000000000000000e+00 4.144694780907839515e+01
4.145408918631310513e+01 -0.000000000000000000e+00 0.000000000000000000e+00 0.000000000000000000e+00 4.145408918631310513e+01 0.000000000000000000e+00 0.000000000000000000e+00 0.000000000000000000e+00 4.145408918631310513e+01
4.145504470696143073e+01 -0.000000000000000000e+00 0.000000000000000000e+00 0.000000000000000000e+00 4.145504470696143073e+01 0.000000000000000000e+00 0.000000000000000000e+00 0.000000000000000000e+00 4.145504470696143073e+01
4.146651921312581379e+01 -0.000000000000000000e+00 0.000000000000000000e+00 0.000000000000000000e+00 4.146651921312581379e+01 0.000000000000000000e+00 0.000000000000000000e+00 0.000000000000000000e+00 4.146651921312581379e+01
4.151019464975878748e+01 -0.000000000000000000e+00 0.000000000000000000e+00 0.000000000000000000e+00 4.151019464975878748e+01 0.000000000000000000e+00 0.000000000000000000e+00 0.000000000000000000e+00 4.151019464975878748e+01
4.143954729298154405e+01 -0.000000000000000000e+00 0.000000000000000000e+00 0.000000000000000000e+00 4.143954729298154405e+01 0.000000000000000000e+00 0.000000000000000000e+00 0.000000000000000000e+00 4.143954729298154405e+01
4.146100824206531144e+01 -0.000000000000000000e+00 0.000000000000000000e+00 0.000000000000000000e+00 4.146100824206531144e+01 0.000000000000000000e+00 0.000000000000000000e+00 0.000000000000000000e+00 4.146100824206531144e+01
4.144522449479167392e+01 -0.000000000000000000e+00 0.000000000000000000e+00 0.000000000000000000e+00 4.144522449479167392e+01 0.000000000000000000e+00 0.000000000000000000e+00 0.000000000000000000e+00 4.144522449479167392e+01
4.144623469554077388e+01 -0.000000000000000000e+00 0.000000000000000000e+00 0.000000000000000000e+00 4.144623469554077388e+01 0.000000000000000000e+00 0.000000000000000000e+00 0.000000000000000000e+00 4.144623469554077388e+01
4.145656462599130521e+01 -0.000000000000000000e+00 0.000000000000000000e+00 0.000000000000000000e+00 4.145656462599130521e+01 0.000000000000000000e+00 0.000000000000000000e+00 0.000000000000000000e+00 4.145656462599130521e+01
4.145371155137246433e+01 -0.000000000000000000e+00 0.000000000000000000e+00 0.000000000000000000e+00 4.145371155137246433e+01 0.000000000000000000e+00 0.000000000000000000e+00 0.000000000000000000e+00 4.145371155137246433e+01
4.144952353812166734e+01 -0.000000000000000000e+00 0.000000000000000000e+00 0.000000000000000000e+00 4.144952353812166734e+01 0.000000000000000000e+00 0.000000000000000000e+00 0.000000000000000000e+00 4.144952353812166734e+01
4.141769426545953792e+01 -0.000000000000000000e+00 0.000000000000000000e+00 0.000000000000000000e+00 4.141769426545953792e+01 0.000000000000000000e+00 0.000000000000000000e+00 0.000000000000000000e+00 4.141769426545953792e+01
4.142958166759226657e+01 -0.000000000000000000e+00 0.000000000000000000e+00 0.000000000000000000e+00 4.142958166759226657e+01 0.000000000000000000e+00 0.000000000000000000e+00 0.000000000000000000e+00 4.142958166759226657e+01
4.140938967565760720e+01 -0.000000000000000000e+00 0.000000000000000000e+00 0.000000000000000000e+00 4.140938967565760720e+01 0.000000000000000000e+00 0.000000000000000000e+00 0.000000000000000000e+00 4.140938967565760720e+01
4.147224325712787163e+01 -0.000000000000000000e+00 0.000000000000000000e+00 0.000000000000000000e+00 4.147224325712787163e+01 0.000000000000000000e+00 0.000000000000000000e+00 0.000000000000000000e+00 4.147224325712787163e+01
4.142610544703687481e+01 -0.000000000000000000e+00 0.000000000000000000e+00 0.000000000000000000e+00 4.142610544703687481e+01 0.000000000000000000e+00 0.000000000000000000e+00 0.000000000000000000e+00 4.142610544703687481e+01
4.141119301631144367e+01 -0.000000000000000000e+00 0.000000000000000000e+00 0.000000000000000000e+00 4.141119301631144367e+01 0.000000000000000000e+00 0.000000000000000000e+00 0.000000000000000000e+00 4.141119301631144367e+01
4.144446506875711123e+01 -0.000000000000000000e+00 0.000000000000000000e+00 0.000000000000000000e+00 4.144446506875711123e+01 0.000000000000000000e+00 0.000000000000000000e+00 0.000000000000000000e+00 4.144446506875711123e+01
4.140864965546353460e+01 -0.000000000000000000e+00 0.000000000000000000e+00 0.000000000000000000e+00 4.140864965546353460e+01 0.000000000000000000e+00 0.000000000000000000e+00 0.000000000000000000e+00 4.140864965546353460e+01
4.142645929512963221e+01 -0.000000000000000000e+00 0.000000000000000000e+00 0.000000000000000000e+00 4.142645929512963221e+01 0.000000000000000000e+00 0.000000000000000000e+00 0.000000000000000000e+00 4.142645929512963221e+01
4.141050866676557973e+01 -0.000000000000000000e+00 0.000000000000000000e+00 0.000000000000000000e+00 4.141050866676557973e+01 0.000000000000000000e+00 0.000000000000000000e+00 0.000000000000000000e+00 4.141050866676557973e+01
4.142302406084030508e+01 -0.000000000000000000e+00 0.000000000000000000e+00 0.000000000000000000e+00 4.142302406084030508e+01 0.000000000000000000e+00 0.000000000000000000e+00 0.000000000000000000e+00 4.142302406084030508e+01
4.135779575285422993e+01 -0.000000000000000000e+00 0.000000000000000000e+00 0.000000000000000000e+00 4.135779575285422993e+01 0.000000000000000000e+00 0.000000000000000000e+00 0.000000000000000000e+00 4.135779575285422993e+01
4.138629489864823796e+01 -0.000000000000000000e+00 0.000000000000000000e+00 0.000000000000000000e+00 4.138629489864823796e+01 0.000000000000000000e+00 0.000000000000000000e+00 0.000000000000000000e+00 4.138629489864823796e+01
4.145090019466040587e+01 -0.000000000000000000e+00 0.000000000000000000e+00 0.000000000000000000e+00 4.145090019466040587e+01 0.000000000000000000e+00 0.000000000000000000e+00 0.000000000000000000e+00 4.145090019466040587e+01
4.140737596496943240e+01 -0.000000000000000000e+00 0.000000000000000000e+00 0.000000000000000000e+00 4.140737596496943240e+01 0.000000000000000000e+00 0.000000000000000000e+00 0.000000000000000000e+00 4.140737596496943240e+01
4.143648909476614506e+01 -0.000000000000000000e+00 0.000000000000000000e+00 0.000000000000000000e+00 4.143648909476614506e+01 0.000000000000000000e+00 0.000000000000000000e+00 0.000000000000000000e+00 4.143648909476614506e+01
4.142609297555438275e+01 -0.000000000000000000e+00 0.000000000000000000e+00 0.000000000000000000e+00 4.142609297555438275e+01 0.000000000000000000e+00 0.000000000000000000e+00 0.000000000000000000e+00 4.142609297555438275e+01
4.140054198329625024e+01 -0.000000000000000000e+00 0.000000000000000000e+00 0.000000000000000000e+00 4.140054198329625024e+01 0.000000000000000000e+00 0.000000000000000000e+00 0.000000000000000000e+00 4.140054198329625024e+01
4.139741332725187561e+01 -0.000000000000000000e+00 0.000000000000000000e+00 0.000000000000000000e+00 4.139741332725187561e+01 0.000000000000000000e+00 0.000000000000000000e+00 0.000000000000000000e+00 4.139741332725187561e+01
4.146067627287092705e+01 -0.000000000000000000e+00 0.000000000000000000e+00 0.000000000000000000e+00 4.146067627287092705e+01 0.000000000000000000e+00 0.000000000000000000e+00 0.000000000000000000e+00 4.146067627287092705e+01
4.140692118394974841e+01 -0.000000000000000000e+00 0.000000000000000000e+00 0.000000000000000000e+00 4.140692118394974841e+01 0.000000000000000000e+00 0.000000000000000000e+00 0.000000000000000000e+00 4.140692118394974841e+01
4.135854388398934134e+01 -0.000000000000000000e+00 0.000000000000000000e+00 0.000000000000000000e+00 4.135854388398934134e+01 0.000000000000000000e+00 0.000000000000000000e+00 0.000000000000000000e+00 4.135854388398934134e+01
4.139111339154392510e+01 -0.000000000000000000e+00 0.000000000000000000e+00 0.000000000000000000e+00 4.139111339154392510e+01 0.000000000000000000e+00 0.000000000000000000e+00 0.000000000000000000e+00 4.139111339154392510e+01
4.136982010272765820e+01 -0.000000000000000000e+00 0.000000000000000000e+00 0.000000000000000000e+00 4.136982010272765820e+01 0.000000000000000000e+00 0.000000000000000000e+00 0.000000000000000000e+00 4.136982010272765820e+01
4.138346010078636539e+01 -0.000000000000000000e+00 0.000000000000000000e+00 0.000000000000000000e+00 4.138346010078636539e+01 0.000000000000000000e+00 0.000000000000000000e+00 0.000000000000000000e+00 4.138346010078636539e+01
4.138850784393582671e+01 -0.000000000000000000e+00 0.000000000000000000e+00 0.000000000000000000e+00 4.138850784393582671e+01 0.000000000000000000e+00 0.000000000000000000e+00 0.000000000000000000e+00 4.138850784393582671e+01
4.142955363324453799e+01 -0.000000000000000000e+00 0.000000000000000000e+00 0.000000000000000000e+00 4.142955363324453799e+01 0.000000000000000000e+00 0.000000000000000000e+00 0.000000000000000000e+00 4.142955363324453799e+01
