4.134584352319990330e+01 -0.000000000000000000e+00 0.000000000000000000e+00 0.000000000000000000e+00 4.134584352319990330e+01 0.000000000000000000e+00 0.000000000000000000e+00 0.000000000000000000e+00 4.134584352319990330e+01
4.133195774514476284e+01 -0.000000000000000000e+00 0.000000000000000000e+00 0.000000000000000000e+00 4.133195774514476284e+01 0.000000000000000000e+00 0.000000000000000000e+00 0.000000000000000000e+00 4.133195774514476284e+01
4.133974456556597943e+01 -0.000000000000000000e+00 0.000000000000000000e+00 0.000000000000000000e+00 4.133974456556597943e+01 0.000000000000000000e+00 0.000000000000000000e+00 0.000000000000000000e+00 4.133974456556597943e+01
4.133198922854180068e+01 -0.000000000000000000e+00 0.000000000000000000e+00 0.000000000000000000e+00 4.133198922854180068e+01 0.000000000000000000e+00 0.000000000000000000e+00 0.000000000000000000e+00 4.133198922854180068e+01
4.133914736952057467e+01 -0.000000000000000000e+00 0.000000000000000000e+00 0.000000000000000000e+00 4.133914736952057467e+01 0.000000000000000000e+00 0.000000000000000000e+00 0.000000000000000000e+00 4.133914736952057467e+01
4.131331283715144309e+01 -0.000000000000000000e+00 0.000000000000000000e+00 0.000000000000000000e+00 4.131331283715144309e+01 0.000000000000000000e+00 0.000000000000000000e+00 0.000000000000000000e+00 4.131331283715144309e+01
4.131024464314852906e+01 -0.000000000000000000e+00 0.000000000000000000e+00 0.000000000000000000e+00 4.131024464314852906e+01 0.000000000000000000e+00 0.000000000000000000e+00 0.000000000000000000e+00 4.131024464314852906e+01
4.131244527923502119e+01 -0.000000000000000000e+00 0.000000000000000000e+00 0.000000000000000000e+00 4.131244527923502119e+01 0.000000000000000000e+00 0.000000000000000000e+00 0.000000000000000000e+00 4.131244527923502119e+01
4.134723578411620792e+01 -0.000000000000000000e+00 0.000000000000000000e+00 0.000000000000000000e+00 4.134723578411620792e+01 0.000000000000000000e+00 0.000000000000000000e+00 0.000000000000000000e+00 4.134723578411620792e+01
4.135622281855257398e+01 -0.000000000000000000e+00 0.000000000000000000e+00 0.000000000000000000e+00 4.135622281855257398e+01 0.000000000000000000e+00 0.000000000000000000e+00 0.000000000000000000e+00 4.135622281855257398e+01
4.131209789752972483e+01 -0.000000000000000000e+00 0.000000000000000000e+00 0.000000000000000000e+00 4.131209789752972483e+01 0.000000000000000000e+00 0.000000000000000000e+00 0.000000000000000000e+00 4.131209789752972483e+01
4.132386273410897104e+01 -0.000000000000000000e+00 0.000000000000000000e+00 0.000000000000000000e+00 4.132386273410897104e+01 0.000000000000000000e+00 0.000000000000000000e+00 0.000000000000000000e+00 4.132386273410897104e+01
4.138089413199170963e+01 -0.000000000000000000e+00 0.000000000000000000e+00 0.000000000000000000e+00 4.138089413199170963e+01 0.000000000000000000e+00 0.000000000000000000e+00 0.000000000000000000e+00 4.138089413199170963e+01
4.130937250155864149e+01 -0.000000000000000000e+00 0.000000000000000000e+00 0.000000000000000000e+00 4.130937250155864149e+01 0.000000000000000000e+00 0.000000000000000000e+00 0.000000000000000000e+00 4.130937250155864149e+01
4.134542996918793278e+01 -0.000000000000000000e+00 0.000000000000000000e+00 0.000000000000000000e+00 4.134542996918793278e+01 0.000000000000000000e+00 0.000000000000000000e+00 0.000000000000000000e+00 4.134542996918793278e+01
4.140453513342720271e+01 -0.000000000000000000e+00 0.000000000000000000e+00 0.000000000000000000e+00 4.140453513342720271e+01 0.000000000000000000e+00 0.000000000000000000e+00 0.000000000000000000e+00 4.140453513342720271e+01
4.133761643304136157e+01 -0.000000000000000000e+00 0.000000000000000000e+00 0.000000000000000000e+00 4.133761643304136157e+01 0.000000000000000000e+00 0.000000000000000000e+00 0.000000000000000000e+00 4.133761643304136157e+01
4.130598391541840897e+01 -0.000000000000000000e+00 0.000000000000000000e+00 0.000000000000000000e+00 4.130598391541840897e+01 0.000000000000000000e+00 0.000000000000000000e+00 0.000000000000000000e+00 4.130598391541840897e+01
4.135894510579402095e+01 -0.000000000000000000e+00 0.000000000000000000e+00 0.000000000000000000e+00 4.135894510579402095e+01 0.000000000000000000e+00 0.000000000000000000e+00 0.000000000000000000e+00 4.135894510579402095e+01
4.136884584590757896e+01 -0.000000000000000000e+00 0.000000000000000000e+00 0.000000000000000000e+00 4.136884584590757896e+01 0.000000000000000000e+00 0.000000000000000000e+00 0.000000000000000000e+00 4.136884584590757896e+01
4.128919088149211802e+01 -0.000000000000000000e+00 0.000000000000000000e+00 0.000000000000000000e+00 4.128919088149211802e+01 0.000000000000000000e+00 0.000000000000000000e+00 0.000000000000000000e+00 4.128919088149211802e+01
4.134767523398391376e+01 -0.000000000000000000e+00 0.000000000000000000e+00 0.000000000000000000e+00 4.134767523398391376e+01 0.000000000000000000e+00 0.000000000000000000e+00 0.000000000000000000e+00 4.134767523398391376e+01
4.129499007625373252e+01 -0.000000000000000000e+00 0.000000000000000000e+00 0.000000000000000000e+00 4.129499007625373252e+01 0.000000000000000000e+00 0.000000000000000000e+00 0.000000000000000000e+00 4.129499007625373252e+01
4.130394126616501183e+01 -0.000000000000000000e+00 0.000000000000000000e+00 0.000000000000000000e+00 4.130394126616501183e+01 0.000000000000000000e+00 0.000000000000000000e+00 0.000000000000000000e+00 4.130394126616501183e+01
4.133732926398809582e+01 -0.000000000000000000e+00 0.000000000000000000e+00 0.000000000000000000e+00 4.133732926398809582e+01 0.000000000000000000e+00 0.000000000000000000e+00 0.000000000000000000e+00 4.133732926398809582e+01
4.133341632902144624e+01 -0.000000000000000000e+00 0.000000000000000000e+00 0.000000000000000000e+00 4.133341632902144624e+01 0.000000000000000000e+00 0.000000000000000000e+00 0.000000000000000000e+00 4.133341632902144624e+01
4.135087145434798117e+01 -0.000000000000000000e+00 0.000000000000000000e+00 0.000000000000000000e+00 4.135087145434798117e+01 0.000000000000000000e+00 0.000000000000000000e+00 0.000000000000000000e+00 4.135087145434798117e+01
4.138009453287034489e+01 -0.000000000000000000e+00 0.000000000000000000e+00 0.000000000000000000e+00 4.138009453287034489e+01 0.000000000000000000e+00 0.000000000000000000e+00 0.000000000000000000e+00 4.138009453287034489e+01
4.135180313085827919e+01 -0.000000000000000000e+00 0.000000000000000000e+00 0.000000000000000000e+00 4.135180313085827919e+01 0.000000000000000000e+00 0.000000000000000000e+00 0.000000000000000000e+00 4.135180313085827919e+01
4.135346544776678712e+01 -0.000000000000000000e+00 0.000000000000000000e+00 0.000000000000000000e+00 4.135346544776678712e+01 0.000000000000000000e+00 0.000000000000000000e+00 0.000000000000000000e+00 4.135346544776678712e+01
4.133067358450871609e+01 -0.000000000000000000e+00 0.000000000000000000e+00 0.000000000000000000e+00 4.133067358450871609e+01 0.000000000000000000e+00 0.000000000000000000e+00 0.000000000000000000e+00 4.133067358450871609e+01
4.133571494354845299e+01 -0.000000000000000000e+00 0.000000000000000000e+00 0.000000000000000000e+00 4.133571494354845299e+01 0.000000000000000000e+00 0.000000000000000000e+00 0.000000000000000000e+00 4.133571494354845299e+01
4.133037345123472051e+01 -0.000000000000000000e+00 0.000000000000000000e+00 0.000000000000000000e+00 4.133037345123472051e+01 0.000000000000000000e+00 0.000000000000000000e+00 0.000000000000000000e+00 4.133037345123472051e+01
4.135325648853544322e+01 -0.000000000000000000e+00 0.000000000000000000e+00 0.000000000000000000e+00 4.135325648853544322e+01 0.000000000000000000e+00 0.000000000000000000e+00 0.000000000000000000e+00 4.135325648853544322e+01
4.133064897319310660e+01 -0.000000000000000000e+00 0.000000000000000000e+00 0.000000000000000000e+00 4.133064897319310660e+01 0.000000000000000000e+00 0.000000000000000000e+00 0.000000000000000000e+00 4.133064897319310660e+01
4.135444128583607437e+01 -0.000000000000000000e+00 0.000000000000000000e+00 0.000000000000000000e+00 4.135444128583607437e+01 0.000000000000000000e+00 0.000000000000000000e+00 0.000000000000000000e+00 4.135444128583607437e+01
4.132585498442449534e+01 -0.000000000000000000e+00 0.000000000000000000e+00 0.000000000000000000e+00 4.132585498442449534e+01 0.000000000000000000e+00 0.000000000000000000e+00 0.000000000000000000e+00 4.132585498442449534e+01
4.135937123517851433e+01 -0.000000000000000000e+00 0.000000000000000000e+00 0.000000000000000000e+00 4.135937123517851433e+01 0.000000000000000000e+00 0.000000000000000000e+00 0.000000000000000000e+00 4.135937123517851433e+01
4.134159301247024132e+01 -0.000000000000000000e+00 0.000000000000000000e+00 0.000000000000000000e+00 4.134159301247024132e+01 0.000000000000000000e+00 0.000000000000000000e+00 0.000000000000000000e+00 4.134159301247024132e+01
4.136880981968239723e+01 -0.000000000000000000e+00 0.000000000000000000e+00 0.000000000000000000e+00 4.136880981968239723e+01 0.000000000000000000e+00 0.000000000000000000e+00 0.000000000000000000e+00 4.136880981968239723e+01
4.136452308751641738e+01 -0.000000000000000000e+00 0.000000000000000000e+00 0.000000000000000000e+00 4.136452308751641738e+01 0.000000000000000000e+00 0.000000000000000000e+00 0.000000000000000000e+00 4.136452308751641738e+01
4.134991514256789458e+01 -0.000000000000000000e+00 0.000000000000000000e+00 0.000000000000000000e+00 4.134991514256789458e+01 0.000000000000000000e+00 0.000000000000000000e+00 0.000000000000000000e+00 4.134991514256789458e+01
4.134904554507427576e+01 -0.000000000000000000e+00 0.000000000000000000e+00 0.000000000000000000e+00 4.134904554507427576e+01 0.000000000000000000e+00 0.000000000000000000e+00 0.000000000000000000e+00 4.134904554507427576e+01
4.138762249665815318e+01 -0.000000000000000000e+00 0.000000000000000000e+00 0.000000000000000000e+00 4.138762249665815318e+01 0.000000000000000000e+00 0.000000000000000000e+00 0.000000000000000000e+00 4.138762249665815318e+01
4.131002956890263533e+01 -0.000000000000000000e+00 0.000000000000000000e+00 0.000000000000000000e+00 4.131002956890263533e+01 0.000000000000000000e+00 0.000000000000000000e+00 0.000000000000000000e+00 4.131002956890263533e+01
4.134156786423963581e+01 -0.000000000000000000e+00 0.000000000000000000e+00 0.000000000000000000e+00 4.134156786423963581e+01 0.000000000000000000e+00 0.000000000000000000e+00 0.000000000000000000e+00 4.134156786423963581e+01
4.133750663127374025e+01 -0.000000000000000000e+00 0.000000000000000000e+00 0.000000000000000000e+00 4.133750663127374025e+01 0.000000000000000000e+00 0.000000000000000000e+00 0.000000000000000000e+00 4.133750663127374025e+01
4.133338241601430241e+01 -0.000000000000000000e+00 0.000000000000000000e+00 0.000000000000000000e+00 4.133338241601430241e+01 0.000000000000000000e+00 0.000000000000000000e+00 0.000000000000000000e+00 4.133338241601430241e+01
4.131300288549572031e+01 -0.000000000000000000e+00 0.000000000000000000e+00 0.000000000000000000e+00 4.131300288549572031e+01 0.000000000000000000e+00 0.000000000000000000e+00 0.000000000000000000e+00 4.131300288549572031e+01
4.133614188358608033e+01 -0.000000000000000000e+00 0.000000000000000000e+00 0.000000000000000000e+00 4.133614188358608033e+01 0.000000000000000000e+00 0.000000000000000000e+00 0.000000000000000000e+00 4.133614188358608033e+01
4.135542207164468209e+01 -0.000000000000000000e+00 0.000000000000000000e+00 0.000000000000000000e+00 4.135542207164468209e+01 0.000000000000000000e+00 0.000000000000000000e+00 0.000000000000000000e+00 4.135542207164468209e+01
