4.100198706050983333e+01 -0.000000000000000000e+00 0.000000000000000000e+00 0.000000000000000000e+00 4.100198706050983333e+01 0.000000000000000000e+00 0.000000000000000000e+00 0.000000000000000000e+00 4.100198706050983333e+01
4.104294412462732566e+01 -0.000000000000000000e+00 0.000000000000000000e+00 0.000000000000000000e+00 4.104294412462732566e+01 0.000000000000000000e+00 0.000000000000000000e+00 0.000000000000000000e+00 4.104294412462732566e+01
4.102341460354791991e+01 -0.000000000000000000e+00 0.000000000000000000e+00 0.000000000000000000e+00 4.102341460354791991e+01 0.000000000000000000e+00 0.000000000000000000e+00 0.000000000000000000e+00 4.102341460354791991e+01
4.098390585663436525e+01 -0.000000000000000000e+00 0.000000000000000000e+00 0.000000000000000000e+00 4.098390585663436525e+01 0.000000000000000000e+00 0.000000000000000000e+00 0.000000000000000000e+00 4.098390585663436525e+01
4.100840459624373580e+01 -0.000000000000000000e+00 0.000000000000000000e+00 0.000000000000000000e+00 4.100840459624373580e+01 0.000000000000000000e+00 0.000000000000000000e+00 0.000000000000000000e+00 4.100840459624373580e+01
4.107832326529599953e+01 -0.000000000000000000e+00 0.000000000000000000e+00 0.000000000000000000e+00 4.107832326529599953e+01 0.000000000000000000e+00 0.000000000000000000e+00 0.000000000000000000e+00 4.107832326529599953e+01
4.102243838858729674e+01 -0.000000000000000000e+00 0.000000000000000000e+00 0.000000000000000000e+00 4.102243838858729674e+01 0.000000000000000000e+00 0.000000000000000000e+00 0.000000000000000000e+00 4.102243838858729674e+01
4.102903260708127675e+01 -0.000000000000000000e+00 0.000000000000000000e+00 0.000000000000000000e+00 4.102903260708127675e+01 0.000000000000000000e+00 0.000000000000000000e+00 0.000000000000000000e+00 4.102903260708127675e+01
4.102319943389026946e+01 -0.000000000000000000e+00 0.000000000000000000e+00 0.000000000000000000e+00 4.102319943389026946e+01 0.000000000000000000e+00 0.000000000000000000e+00 0.000000000000000000e+00 4.102319943389026946e+01
4.102882044595978073e+01 -0.000000000000000000e+00 0.000000000000000000e+00 0.000000000000000000e+00 4.102882044595978073e+01 0.000000000000000000e+00 0.000000000000000000e+00 0.000000000000000000e+00 4.102882044595978073e+01
4.099517012883968903e+01 -0.000000000000000000e+00 0.000000000000000000e+00 0.000000000000000000e+00 4.099517012883968903e+01 0.000000000000000000e+00 0.000000000000000000e+00 0.000000000000000000e+00 4.099517012883968903e+01
4.104003729067693484e+01 -0.000000000000000000e+00 0.000000000000000000e+00 0.000000000000000000e+00 4.104003729067693484e+01 0.000000000000000000e+00 0.000000000000000000e+00 0.000000000000000000e+00 4.104003729067693484e+01
4.102074295263412296e+01 -0.000000000000000000e+00 0.000000000000000000e+00 0.000000000000000000e+00 4.102074295263412296e+01 0.000000000000000000e+00 0.000000000000000000e+00 0.000000000000000000e+00 4.102074295263412296e+01
4.102266082448606710e+01 -0.000000000000000000e+00 0.000000000000000000e+00 0.000000000000000000e+00 4.102266082448606710e+01 0.000000000000000000e+00 0.000000000000000000e+00 0.000000000000000000e+00 4.102266082448606710e+01
4.103731432402916113e+01 -0.000000000000000000e+00 0.000000000000000000e+00 0.000000000000000000e+00 4.103731432402916113e+01 0.000000000000000000e+00 0.000000000000000000e+00 0.000000000000000000e+00 4.103731432402916113e+01
4.100513818787592868e+01 -0.000000000000000000e+00 0.000000000000000000e+00 0.000000000000000000e+00 4.100513818787592868e+01 0.000000000000000000e+00 0.000000000000000000e+00 0.000000000000000000e+00 4.100513818787592868e+01
4.099808953080232499e+01 -0.000000000000000000e+00 0.000000000000000000e+00 0.000000000000000000e+00 4.099808953080232499e+01 0.000000000000000000e+00 0.000000000000000000e+00 0.000000000000000000e+00 4.099808953080232499e+01
4.100086869620821517e+01 -0.000000000000000000e+00 0.000000000000000000e+00 0.000000000000000000e+00 4.100086869620821517e+01 0.000000000000000000e+00 0.000000000000000000e+00 0.000000000000000000e+00 4.100086869620821517e+01
4.096580950625215678e+01 -0.000000000000000000e+00 0.000000000000000000e+00 0.000000000000000000e+00 4.096580950625215678e+01 0.000000000000000000e+00 0.000000000000000000e+00 0.000000000000000000e+00 4.096580950625215678e+01
4.105049726133050569e+01 -0.000000000000000000e+00 0.000000000000000000e+00 0.000000000000000000e+00 4.105049726133050569e+01 0.000000000000000000e+00 0.000000000000000000e+00 0.000000000000000000e+00 4.105049726133050569e+01
4.099733328042489688e+01 -0.000000000000000000e+00 0.000000000000000000e+00 0.000000000000000000e+00 4.099733328042489688e+01 0.000000000000000000e+00 0.000000000000000000e+00 0.000000000000000000e+00 4.099733328042489688e+01
4.101212545416180433e+01 -0.000000000000000000e+00 0.000000000000000000e+00 0.000000000000000000e+00 4.101212545416180433e+01 0.000000000000000000e+00 0.000000000000000000e+00 0.000000000000000000e+00 4.101212545416180433e+01
4.104333918005441006e+01 -0.000000000000000000e+00 0.000000000000000000e+00 0.000000000000000000e+00 4.104333918005441006e+01 0.000000000000000000e+00 0.000000000000000000e+00 0.000000000000000000e+00 4.104333918005441006e+01
4.102812752427141163e+01 -0.000000000000000000e+00 0.000000000000000000e+00 0.000000000000000000e+00 4.102812752427141163e+01 0.000000000000000000e+00 0.000000000000000000e+00 0.000000000000000000e+00 4.102812752427141163e+01
4.105655114949502860e+01 -0.000000000000000000e+00 0.000000000000000000e+00 0.000000000000000000e+00 4.105655114949502860e+01 0.000000000000000000e+00 0.000000000000000000e+00 0.000000000000000000e+00 4.105655114949502860e+01
4.102728747244448471e+01 -0.000000000000000000e+00 0.000000000000000000e+00 0.000000000000000000e+00 4.102728747244448471e+01 0.000000000000000000e+00 0.000000000000000000e+00 0.000000000000000000e+00 4.102728747244448471e+01
4.103119010757357188e+01 -0.000000000000000000e+00 0.000000000000000000e+00 0.000000000000000000e+00 4.103119010757357188e+01 0.000000000000000000e+00 0.000000000000000000e+00 0.000000000000000000e+00 4.103119010757357188e+01
4.106137697465996439e+01 -0.000000000000000000e+00 0.000000000000000000e+00 0.000000000000000000e+00 4.106137697465996439e+01 0.000000000000000000e+00 0.000000000000000000e+00 0.000000000000000000e+00 4.106137697465996439e+01
4.102678160414934894e+01 -0.000000000000000000e+00 0.000000000000000000e+00 0.000000000000000000e+00 4.102678160414934894e+01 0.000000000000000000e+00 0.000000000000000000e+00 0.000000000000000000e+00 4.102678160414934894e+01
4.103103897589768678e+01 -0.000000000000000000e+00 0.000000000000000000e+00 0.000000000000000000e+00 4.103103897589768678e+01 0.000000000000000000e+00 0.000000000000000000e+00 0.000000000000000000e+00 4.103103897589768678e+01
4.105756459756892696e+01 -0.000000000000000000e+00 0.000000000000000000e+00 0.000000000000000000e+00 4.105756459756892696e+01 0.000000000000000000e+00 0.000000000000000000e+00 0.000000000000000000e+00 4.105756459756892696e+01
4.100459420404405364e+01 -0.000000000000000000e+00 0.000000000000000000e+00 0.000000000000000000e+00 4.100459420404405364e+01 0.000000000000000000e+00 0.000000000000000000e+00 0.000000000000000000e+00 4.100459420404405364e+01
4.099425432368816047e+01 -0.000000000000000000e+00 0.000000000000000000e+00 0.000000000000000000e+00 4.099425432368816047e+01 0.000000000000000000e+00 0.000000000000000000e+00 0.000000000000000000e+00 4.099425432368816047e+01
4.101782066664618753e+01 -0.000000000000000000e+00 0.000000000000000000e+00 0.000000000000000000e+00 4.101782066664618753e+01 0.000000000000000000e+00 0.000000000000000000e+00 0.000000000000000000e+00 4.101782066664618753e+01
4.100431510705239901e+01 -0.000000000000000000e+00 0.000000000000000000e+00 0.000000000000000000e+00 4.100431510705239901e+01 0.000000000000000000e+00 0.000000000000000000e+00 0.000000000000000000e+00 4.100431510705239901e+01
4.104604126407193831e+01 -0.000000000000000000e+00 0.000000000000000000e+00 0.000000000000000000e+00 4.104604126407193831e+01 0.000000000000000000e+00 0.000000000000000000e+00 0.000000000000000000e+00 4.104604126407193831e+01
4.104149406905948183e+01 -0.000000000000000000e+00 0.000000000000000000e+00 0.000000000000000000e+00 4.104149406905948183e+01 0.000000000000000000e+00 0.000000000000000000e+00 0.000000000000000000e+00 4.104149406905948183e+01
4.103993428571408941e+01 -0.000000000000000000e+00 0.000000000000000000e+00 0.000000000000000000e+00 4.103993428571408941e+01 0.000000000000000000e+00 0.000000000000000000e+00 0.000000000000000000e+00 4.103993428571408941e+01
4.102521721018355549e+01 -0.000000000000000000e+00 0.000000000000000000e+00 0.000000000000000000e+00 4.102521721018355549e+01 0.000000000000000000e+00 0.000000000000000000e+00 0.000000000000000000e+00 4.102521721018355549e+01
4.105844870734598828e+01 -0.000000000000000000e+00 0.000000000000000000e+00 0.000000000000000000e+00 4.105844870734598828e+01 0.000000000000000000e+00 0.000000000000000000e+00 0.000000000000000000e+00 4.105844870734598828e+01
4.104441428087282162e+01 -0.000000000000000000e+00 0.000000000000000000e+00 0.000000000000000000e+00 4.104441428087282162e+01 0.000000000000000000e+00 0.000000000000000000e+00 0.000000000000000000e+00 4.104441428087282162e+01
4.100917612652992261e+01 -0.000000000000000000e+00 0.000000000000000000e+00 0.000000000000000000e+00 4.100917612652992261e+01 0.000000000000000000e+00 0.000000000000000000e+00 0.000000000000000000e+00 4.100917612652992261e+01
4.104801733343782644e+01 -0.000000000000000000e+00 0.000000000000000000e+00 0.000000000000000000e+00 4.104801733343782644e+01 0.000000000000000000e+00 0.000000000000000000e+00 0.000000000000000000e+00 4.104801733343782644e+01
4.100206819688307291e+01 -0.000000000000000000e+00 0.000000000000000000e+00 0.000000000000000000e+00 4.100206819688307291e+01 0.000000000000000000e+00 0.000000000000000000e+00 0.000000000000000000e+00 4.100206819688307291e+01
4.097180325571632409e+01 -0.000000000000000000e+00 0.000000000000000000e+00 0.000000000000000000e+00 4.097180325571632409e+01 0.000000000000000000e+00 0.000000000000000000e+00 0.000000000000000000e+00 4.097180325571632409e+01
4.105030794598504684e+01 -0.000000000000000000e+00 0.000000000000000000e+00 0.000000000000000000e+00 4.105030794598504684e+01 0.000000000000000000e+00 0.000000000000000000e+00 0.000000000000000000e+00 4.105030794598504684e+01
4.101975307047932517e+01 -0.000000000000000000e+00 0.000000000000000000e+00 0.000000000000000000e+00 4.101975307047932517e+01 0.000000000000000000e+00 0.000000000000000000e+00 0.000000000000000000e+00 4.101975307047932517e+01
4.097716451231352153e+01 -0.000000000000000000e+00 0.000000000000000000e+00 0.000000000000000000e+00 4.097716451231352153e+01 0.000000000000000000e+00 0.000000000000000000e+00 0.000000000000000000e+00 4.097716451231352153e+01
4.104330714081886100e+01 -0.000000000000000000e+00 0.000000000000000000e+00 0.000000000000000000e+00 4.104330714081886100e+01 0.000000000000000000e+00 0.000000000000000000e+00 0.000000000000000000e+00 4.104330714081886100e+01
4.096368335208228473e+01 -0.000000000000000000e+00 0.000000000000000000e+00 0.000000000000000000e+00 4.096368335208228473e+01 0.000000000000000000e+00 0.000000000000000000e+00 0.000000000000000000e+00 4.096368335208228473e+01
4.103929890118982371e+01 -0.000000000000000000e+00 0.000000000000000000e+00 0.000000000000000000e+00 4.103929890118982371e+01 0.000000000000000000e+00 0.000000000000000000e+00 0.000000000000000000e+00 4.103929890118982371e+01
