4.118568433962305164e+01 -0.000000000000000000e+00 0.000000000000000000e+00 0.000000000000000000e+00 4.118568433962305164e+01 0.000000000000000000e+00 0.000000000000000000e+00 0.000000000000000000e+00 4.118568433962305164e+01
4.117868289835843143e+01 -0.000000000000000000e+00 0.000000000000000000e+00 0.000000000000000000e+00 4.117868289835843143e+01 0.000000000000000000e+00 0.000000000000000000e+00 0.000000000000000000e+00 4.117868289835843143e+01
4.114519221892109613e+01 -0.000000000000000000e+00 0.000000000000000000e+00 0.000000000000000000e+00 4.114519221892109613e+01 0.000000000000000000e+00 0.000000000000000000e+00 0.000000000000000000e+00 4.114519221892109613e+01
4.117945984914092605e+01 -0.000000000000000000e+00 0.000000000000000000e+00 0.000000000000000000e+00 4.117945984914092605e+01 0.000000000000000000e+00 0.000000000000000000e+00 0.000000000000000000e+00 4.117945984914092605e+01
4.111702631095522520e+01 -0.000000000000000000e+00 0.000000000000000000e+00 0.000000000000000000e+00 4.111702631095522520e+01 0.000000000000000000e+00 0.000000000000000000e+00 0.000000000000000000e+00 4.111702631095522520e+01
4.113485346964604616e+01 -0.000000000000000000e+00 0.000000000000000000e+00 0.000000000000000000e+00 4.113485346964604616e+01 0.000000000000000000e+00 0.000000000000000000e+00 0.000000000000000000e+00 4.113485346964604616e+01
4.113988859024198774e+01 -0.000000000000000000e+00 0.000000000000000000e+00 0.000000000000000000e+00 4.113988859024198774e+01 0.000000000000000000e+00 0.000000000000000000e+00 0.000000000000000000e+00 4.113988859024198774e+01
4.112033814460845349e+01 -0.000000000000000000e+00 0.000000000000000000e+00 0.000000000000000000e+00 4.112033814460845349e+01 0.000000000000000000e+00 0.000000000000000000e+00 0.000000000000000000e+00 4.112033814460845349e+01
4.116972705617665440e+01 -0.000000000000000000e+00 0.000000000000000000e+00 0.000000000000000000e+00 4.116972705617665440e+01 0.000000000000000000e+00 0.000000000000000000e+00 0.000000000000000000e+00 4.116972705617665440e+01
4.115100531940210260e+01 -0.000000000000000000e+00 0.000000000000000000e+00 0.000000000000000000e+00 4.115100531940210260e+01 0.000000000000000000e+00 0.000000000000000000e+00 0.000000000000000000e+00 4.115100531940210260e+01
4.118347805862566702e+01 -0.000000000000000000e+00 0.000000000000000000e+00 0.000000000000000000e+00 4.118347805862566702e+01 0.000000000000000000e+00 0.000000000000000000e+00 0.000000000000000000e+00 4.118347805862566702e+01
4.115077835996126510e+01 -0.000000000000000000e+00 0.000000000000000000e+00 0.000000000000000000e+00 4.115077835996126510e+01 0.000000000000000000e+00 0.000000000000000000e+00 0.000000000000000000e+00 4.115077835996126510e+01
4.116411286157264726e+01 -0.000000000000000000e+00 0.000000000000000000e+00 0.000000000000000000e+00 4.116411286157264726e+01 0.000000000000000000e+00 0.000000000000000000e+00 0.000000000000000000e+00 4.116411286157264726e+01
4.117374521683912292e+01 -0.000000000000000000e+00 0.000000000000000000e+00 0.000000000000000000e+00 4.117374521683912292e+01 0.000000000000000000e+00 0.000000000000000000e+00 0.000000000000000000e+00 4.117374521683912292e+01
4.115227110032370206e+01 -0.000000000000000000e+00 0.000000000000000000e+00 0.000000000000000000e+00 4.115227110032370206e+01 0.000000000000000000e+00 0.000000000000000000e+00 0.000000000000000000e+00 4.115227110032370206e+01
4.117307654559281360e+01 -0.000000000000000000e+00 0.000000000000000000e+00 0.000000000000000000e+00 4.117307654559281360e+01 0.000000000000000000e+00 0.000000000000000000e+00 0.000000000000000000e+00 4.117307654559281360e+01
4.119484034919835835e+01 -0.000000000000000000e+00 0.000000000000000000e+00 0.000000000000000000e+00 4.119484034919835835e+01 0.000000000000000000e+00 0.000000000000000000e+00 0.000000000000000000e+00 4.119484034919835835e+01
4.118312395320831598e+01 -0.000000000000000000e+00 0.000000000000000000e+00 0.000000000000000000e+00 4.118312395320831598e+01 0.000000000000000000e+00 0.000000000000000000e+00 0.000000000000000000e+00 4.118312395320831598e+01
4.113330868537366314e+01 -0.000000000000000000e+00 0.000000000000000000e+00 0.000000000000000000e+00 4.113330868537366314e+01 0.000000000000000000e+00 0.000000000000000000e+00 0.000000000000000000e+00 4.113330868537366314e+01
4.117456705796736571e+01 -0.000000000000000000e+00 0.000000000000000000e+00 0.000000000000000000e+00 4.117456705796736571e+01 0.000000000000000000e+00 0.000000000000000000e+00 0.000000000000000000e+00 4.117456705796736571e+01
4.115864397153960397e+01 -0.000000000000000000e+00 0.000000000000000000e+00 0.000000000000000000e+00 4.115864397153960397e+01 0.000000000000000000e+00 0.000000000000000000e+00 0.000000000000000000e+00 4.115864397153960397e+01
4.115094347541975139e+01 -0.000000000000000000e+00 0.000000000000000000e+00 0.000000000000000000e+00 4.115094347541975139e+01 0.000000000000000000e+00 0.000000000000000000e+00 0.000000000000000000e+00 4.115094347541975139e+01
4.118190688318928494e+01 -0.000000000000000000e+00 0.000000000000000000e+00 0.000000000000000000e+00 4.118190688318928494e+01 0.000000000000000000e+00 0.000000000000000000e+00 0.000000000000000000e+00 4.118190688318928494e+01
4.115738180763338505e+01 -0.000000000000000000e+00 0.000000000000000000e+00 0.000000000000000000e+00 4.115738180763338505e+01 0.000000000000000000e+00 0.000000000000000000e+00 0.000000000000000000e+00 4.115738180763338505e+01
4.115440349676476472e+01 -0.000000000000000000e+00 0.000000000000000000e+00 0.000000000000000000e+00 4.115440349676476472e+01 0.000000000000000000e+00 0.000000000000000000e+00 0.000000000000000000e+00 4.115440349676476472e+01
4.112798891211785701e+01 -0.000000000000000000e+00 0.000000000000000000e+00 0.000000000000000000e+00 4.112798891211785701e+01 0.000000000000000000e+00 0.000000000000000000e+00 0.000000000000000000e+00 4.112798891211785701e+01
4.118602955121544085e+01 -0.000000000000000000e+00 0.000000000000000000e+00 0.000000000000000000e+00 4.118602955121544085e+01 0.000000000000000000e+00 0.000000000000000000e+00 0.000000000000000000e+00 4.118602955121544085e+01
4.117284010712346287e+01 -0.000000000000000000e+00 0.000000000000000000e+00 0.000000000000000000e+00 4.117284010712346287e+01 0.000000000000000000e+00 0.000000000000000000e+00 0.000000000000000000e+00 4.117284010712346287e+01
4.115858254560080809e+01 -0.000000000000000000e+00 0.000000000000000000e+00 0.000000000000000000e+00 4.115858254560080809e+01 0.000000000000000000e+00 0.000000000000000000e+00 0.000000000000000000e+00 4.115858254560080809e+01
4.116719562117177134e+01 -0.000000000000000000e+00 0.000000000000000000e+00 0.000000000000000000e+00 4.116719562117177134e+01 0.000000000000000000e+00 0.000000000000000000e+00 0.000000000000000000e+00 4.116719562117177134e+01
4.114415214590559344e+01 -0.000000000000000000e+00 0.000000000000000000e+00 0.000000000000000000e+00 4.114415214590559344e+01 0.000000000000000000e+00 0.000000000000000000e+00 0.000000000000000000e+00 4.114415214590559344e+01
4.111891694326002522e+01 -0.000000000000000000e+00 0.000000000000000000e+00 0.000000000000000000e+00 4.111891694326002522e+01 0.000000000000000000e+00 0.000000000000000000e+00 0.000000000000000000e+00 4.111891694326002522e+01
4.115755433274664199e+01 -0.000000000000000000e+00 0.000000000000000000e+00 0.000000000000000000e+00 4.115755433274664199e+01 0.000000000000000000e+00 0.000000000000000000e+00 0.000000000000000000e+00 4.115755433274664199e+01
4.117228448197097634e+01 -0.000000000000000000e+00 0.000000000000000000e+00 0.000000000000000000e+00 4.117228448197097634e+01 0.000000000000000000e+00 0.000000000000000000e+00 0.000000000000000000e+00 4.117228448197097634e+01
4.118281783688502173e+01 -0.000000000000000000e+00 0.000000000000000000e+00 0.000000000000000000e+00 4.118281783688502173e+01 0.000000000000000000e+00 0.000000000000000000e+00 0.000000000000000000e+00 4.118281783688502173e+01
4.112381459138499906e+01 -0.000000000000000000e+00 0.000000000000000000e+00 0.000000000000000000e+00 4.112381459138499906e+01 0.000000000000000000e+00 0.000000000000000000e+00 0.000000000000000000e+00 4.112381459138499906e+01
4.110518330955268596e+01 -0.000000000000000000e+00 0.000000000000000000e+00 0.000000000000000000e+00 4.110518330955268596e+01 0.000000000000000000e+00 0.000000000000000000e+00 0.000000000000000000e+00 4.110518330955268596e+01
4.116589425807749336e+01 -0.000000000000000000e+00 0.000000000000000000e+00 0.000000000000000000e+00 4.116589425807749336e+01 0.000000000000000000e+00 0.000000000000000000e+00 0.000000000000000000e+00 4.116589425807749336e+01
4.112767204505405516e+01 -0.000000000000000000e+00 0.000000000000000000e+00 0.000000000000000000e+00 4.112767204505405516e+01 0.000000000000000000e+00 0.000000000000000000e+00 0.000000000000000000e+00 4.112767204505405516e+01
4.114862177466120841e+01 -0.000000000000000000e+00 0.000000000000000000e+00 0.000000000000000000e+00 4.114862177466120841e+01 0.000000000000000000e+00 0.000000000000000000e+00 0.000000000000000000e+00 4.114862177466120841e+01
4.113401634462564971e+01 -0.000000000000000000e+00 0.000000000000000000e+00 0.000000000000000000e+00 4.113401634462564971e+01 0.000000000000000000e+00 0.000000000000000000e+00 0.000000000000000000e+00 4.113401634462564971e+01
4.120108681357710623e+01 -0.000000000000000000e+00 0.000000000000000000e+00 0.000000000000000000e+00 4.120108681357710623e+01 0.000000000000000000e+00 0.000000000000000000e+00 0.000000000000000000e+00 4.120108681357710623e+01
4.112647598262623916e+01 -0.000000000000000000e+00 0.000000000000000000e+00 0.000000000000000000e+00 4.112647598262623916e+01 0.000000000000000000e+00 0.000000000000000000e+00 0.000000000000000000e+00 4.112647598262623916e+01
4.114857850874830092e+01 -0.000000000000000000e+00 0.000000000000000000e+00 0.000000000000000000e+00 4.114857850874830092e+01 0.000000000000000000e+00 0.000000000000000000e+00 0.000000000000000000e+00 4.114857850874830092e+01
4.110083459462278199e+01 -0.000000000000000000e+00 0.000000000000000000e+00 0.000000000000000000e+00 4.110083459462278199e+01 0.000000000000000000e+00 0.000000000000000000e+00 0.000000000000000000e+00 4.110083459462278199e+01
4.116959276970285941e+01 -0.000000000000000000e+00 0.000000000000000000e+00 0.000000000000000000e+00 4.116959276970285941e+01 0.000000000000000000e+00 0.000000000000000000e+00 0.000000000000000000e+00 4.116959276970285941e+01
4.120256266851691862e+01 -0.000000000000000000e+00 0.000000000000000000e+00 0.000000000000000000e+00 4.120256266851691862e+01 0.000000000000000000e+00 0.000000000000000000e+00 0.000000000000000000e+00 4.120256266851691862e+01
4.119478008263492796e+01 -0.000000000000000000e+00 0.000000000000000000e+00 0.000000000000000000e+00 4.119478008263492796e+01 0.000000000000000000e+00 0.000000000000000000e+00 0.000000000000000000e+00 4.119478008263492796e+01
4.118597894572305051e+01 -0.000000000000000000e+00 0.000000000000000000e+00 0.000000000000000000e+00 4.118597894572305051e+01 0.000000000000000000e+00 0.000000000000000000e+00 0.000000000000000000e+00 4.118597894572305051e+01
4.113729473400387349e+01 -0.000000000000000000e+00 0.000000000000000000e+00 0.000000000000000000e+00 4.113729473400387349e+01 0.000000000000000000e+00 0.000000000000000000e+00 0.000000000000000000e+00 4.113729473400387349e+01
4.116052425436093642e+01 -0.000000000000000000e+00 0.000000000000000000e+00 0.000000000000000000e+00 4.116052425436093642e+01 0.000000000000000000e+00 0.000000000000000000e+00 0.000000000000000000e+00 4.116052425436093642e+01
