4.122872656554196169e+01 -0.000000000000000000e+00 0.000000000000000000e+00 0.000000000000000000e+00 4.122872656554196169e+01 0.000000000000000000e+00 0.000000000000000000e+00 0.000000000000000000e+00 4.122872656554196169e+01
4.122745422471705012e+01 -0.000000000000000000e+00 0.000000000000000000e+00 0.000000000000000000e+00 4.122745422471705012e+01 0.000000000000000000e+00 0.000000000000000000e+00 0.000000000000000000e+00 4.122745422471705012e+01
4.121923994935665547e+01 -0.000000000000000000e+00 0.000000000000000000e+00 0.000000000000000000e+00 4.121923994935665547e+01 0.000000000000000000e+00 0.000000000000000000e+00 0.000000000000000000e+00 4.121923994935665547e+01
4.120974092621557361e+01 -0.000000000000000000e+00 0.000000000000000000e+00 0.000000000000000000e+00 4.120974092621557361e+01 0.000000000000000000e+00 0.000000000000000000e+00 0.000000000000000000e+00 4.120974092621557361e+01
4.120983987851097652e+01 -0.000000000000000000e+00 0.000000000000000000e+00 0.000000000000000000e+00 4.120983987851097652e+01 0.000000000000000000e+00 0.000000000000000000e+00 0.000000000000000000e+00 4.120983987851097652e+01
4.121467011775391853e+01 -0.000000000000000000e+00 0.000000000000000000e+00 0.000000000000000000e+00 4.121467011775391853e+01 0.000000000000000000e+00 0.000000000000000000e+00 0.000000000000000000e+00 4.121467011775391853e+01
4.118977408416959918e+01 -0.000000000000000000e+00 0.000000000000000000e+00 0.000000000000000000e+00 4.118977408416959918e+01 0.000000000000000000e+00 0.000000000000000000e+00 0.000000000000000000e+00 4.118977408416959918e+01
4.121905452547287041e+01 -0.000000000000000000e+00 0.000000000000000000e+00 0.000000000000000000e+00 4.121905452547287041e+01 0.000000000000000000e+00 0.000000000000000000e+00 0.000000000000000000e+00 4.121905452547287041e+01
4.120852959395776338e+01 -0.000000000000000000e+00 0.000000000000000000e+00 0.000000000000000000e+00 4.120852959395776338e+01 0.000000000000000000e+00 0.000000000000000000e+00 0.000000000000000000e+00 4.120852959395776338e+01
4.120267172071659445e+01 -0.000000000000000000e+00 0.000000000000000000e+00 0.000000000000000000e+00 4.120267172071659445e+01 0.000000000000000000e+00 0.000000000000000000e+00 0.000000000000000000e+00 4.120267172071659445e+01
4.120852547333315385e+01 -0.000000000000000000e+00 0.000000000000000000e+00 0.000000000000000000e+00 4.120852547333315385e+01 0.000000000000000000e+00 0.000000000000000000e+00 0.000000000000000000e+00 4.120852547333315385e+01
4.125171848077135905e+01 -0.000000000000000000e+00 0.000000000000000000e+00 0.000000000000000000e+00 4.125171848077135905e+01 0.000000000000000000e+00 0.000000000000000000e+00 0.000000000000000000e+00 4.125171848077135905e+01
4.123016092271827659e+01 -0.000000000000000000e+00 0.000000000000000000e+00 0.000000000000000000e+00 4.123016092271827659e+01 0.000000000000000000e+00 0.000000000000000000e+00 0.000000000000000000e+00 4.123016092271827659e+01
4.120280151681554059e+01 -0.000000000000000000e+00 0.000000000000000000e+00 0.000000000000000000e+00 4.120280151681554059e+01 0.000000000000000000e+00 0.000000000000000000e+00 0.000000000000000000e+00 4.120280151681554059e+01
4.120268017064455535e+01 -0.000000000000000000e+00 0.000000000000000000e+00 0.000000000000000000e+00 4.120268017064455535e+01 0.000000000000000000e+00 0.000000000000000000e+00 0.000000000000000000e+00 4.120268017064455535e+01
4.119811488004872757e+01 -0.000000000000000000e+00 0.000000000000000000e+00 0.000000000000000000e+00 4.119811488004872757e+01 0.000000000000000000e+00 0.000000000000000000e+00 0.000000000000000000e+00 4.119811488004872757e+01
4.123395930410660526e+01 -0.000000000000000000e+00 0.000000000000000000e+00 0.000000000000000000e+00 4.123395930410660526e+01 0.000000000000000000e+00 0.000000000000000000e+00 0.000000000000000000e+00 4.123395930410660526e+01
4.120208002092790878e+01 -0.000000000000000000e+00 0.000000000000000000e+00 0.000000000000000000e+00 4.120208002092790878e+01 0.000000000000000000e+00 0.000000000000000000e+00 0.000000000000000000e+00 4.120208002092790878e+01
4.119565644624780987e+01 -0.000000000000000000e+00 0.000000000000000000e+00 0.000000000000000000e+00 4.119565644624780987e+01 0.000000000000000000e+00 0.000000000000000000e+00 0.000000000000000000e+00 4.119565644624780987e+01
4.116136175871764635e+01 -0.000000000000000000e+00 0.000000000000000000e+00 0.000000000000000000e+00 4.116136175871764635e+01 0.000000000000000000e+00 0.000000000000000000e+00 0.000000000000000000e+00 4.116136175871764635e+01
4.119474565817411360e+01 -0.000000000000000000e+00 0.000000000000000000e+00 0.000000000000000000e+00 4.119474565817411360e+01 0.000000000000000000e+00 0.000000000000000000e+00 0.000000000000000000e+00 4.119474565817411360e+01
4.121870583715909220e+01 -0.000000000000000000e+00 0.000000000000000000e+00 0.000000000000000000e+00 4.121870583715909220e+01 0.000000000000000000e+00 0.000000000000000000e+00 0.000000000000000000e+00 4.121870583715909220e+01
4.121043143685685806e+01 -0.000000000000000000e+00 0.000000000000000000e+00 0.000000000000000000e+00 4.121043143685685806e+01 0.000000000000000000e+00 0.000000000000000000e+00 0.000000000000000000e+00 4.121043143685685806e+01
4.121471667570121866e+01 -0.000000000000000000e+00 0.000000000000000000e+00 0.000000000000000000e+00 4.121471667570121866e+01 0.000000000000000000e+00 0.000000000000000000e+00 0.000000000000000000e+00 4.121471667570121866e+01
4.116677468464892087e+01 -0.000000000000000000e+00 0.000000000000000000e+00 0.000000000000000000e+00 4.116677468464892087e+01 0.000000000000000000e+00 0.000000000000000000e+00 0.000000000000000000e+00 4.116677468464892087e+01
4.120159503419323244e+01 -0.000000000000000000e+00 0.000000000000000000e+00 0.000000000000000000e+00 4.120159503419323244e+01 0.000000000000000000e+00 0.000000000000000000e+00 0.000000000000000000e+00 4.120159503419323244e+01
4.119841973965987592e+01 -0.000000000000000000e+00 0.000000000000000000e+00 0.000000000000000000e+00 4.119841973965987592e+01 0.000000000000000000e+00 0.000000000000000000e+00 0.000000000000000000e+00 4.119841973965987592e+01
4.123749277067592800e+01 -0.000000000000000000e+00 0.000000000000000000e+00 0.000000000000000000e+00 4.123749277067592800e+01 0.000000000000000000e+00 0.000000000000000000e+00 0.000000000000000000e+00 4.123749277067592800e+01
4.122599134594653947e+01 -0.000000000000000000e+00 0.000000000000000000e+00 0.000000000000000000e+00 4.122599134594653947e+01 0.000000000000000000e+00 0.000000000000000000e+00 0.000000000000000000e+00 4.122599134594653947e+01
4.121276118612934880e+01 -0.000000000000000000e+00 0.000000000000000000e+00 0.000000000000000000e+00 4.121276118612934880e+01 0.000000000000000000e+00 0.000000000000000000e+00 0.000000000000000000e+00 4.121276118612934880e+01
4.117979738623959918e+01 -0.000000000000000000e+00 0.000000000000000000e+00 0.000000000000000000e+00 4.117979738623959918e+01 0.000000000000000000e+00 0.000000000000000000e+00 0.000000000000000000e+00 4.117979738623959918e+01
4.119861935122711571e+01 -0.000000000000000000e+00 0.000000000000000000e+00 0.000000000000000000e+00 4.119861935122711571e+01 0.000000000000000000e+00 0.000000000000000000e+00 0.000000000000000000e+00 4.119861935122711571e+01
4.122591475189638288e+01 -0.000000000000000000e+00 0.000000000000000000e+00 0.000000000000000000e+00 4.122591475189638288e+01 0.000000000000000000e+00 0.000000000000000000e+00 0.000000000000000000e+00 4.122591475189638288e+01
4.122092461451265422e+01 -0.000000000000000000e+00 0.000000000000000000e+00 0.000000000000000000e+00 4.122092461451265422e+01 0.000000000000000000e+00 0.000000000000000000e+00 0.000000000000000000e+00 4.122092461451265422e+01
4.122881879906967129e+01 -0.000000000000000000e+00 0.000000000000000000e+00 0.000000000000000000e+00 4.122881879906967129e+01 0.000000000000000000e+00 0.000000000000000000e+00 0.000000000000000000e+00 4.122881879906967129e+01
4.125620187206626355e+01 -0.000000000000000000e+00 0.000000000000000000e+00 0.000000000000000000e+00 4.125620187206626355e+01 0.000000000000000000e+00 0.000000000000000000e+00 0.000000000000000000e+00 4.125620187206626355e+01
4.121129914926203242e+01 -0.000000000000000000e+00 0.000000000000000000e+00 0.000000000000000000e+00 4.121129914926203242e+01 0.000000000000000000e+00 0.000000000000000000e+00 0.000000000000000000e+00 4.121129914926203242e+01
4.123796495880709045e+01 -0.000000000000000000e+00 0.000000000000000000e+00 0.000000000000000000e+00 4.123796495880709045e+01 0.000000000000000000e+00 0.000000000000000000e+00 0.000000000000000000e+00 4.123796495880709045e+01
4.124741507025591147e+01 -0.000000000000000000e+00 0.000000000000000000e+00 0.000000000000000000e+00 4.124741507025591147e+01 0.000000000000000000e+00 0.000000000000000000e+00 0.000000000000000000e+00 4.124741507025591147e+01
4.121060915783991163e+01 -0.000000000000000000e+00 0.000000000000000000e+00 0.000000000000000000e+00 4.121060915783991163e+01 0.000000000000000000e+00 0.000000000000000000e+00 0.000000000000000000e+00 4.121060915783991163e+01
4.119456856212460139e+01 -0.000000000000000000e+00 0.000000000000000000e+00 0.000000000000000000e+00 4.119456856212460139e+01 0.000000000000000000e+00 0.000000000000000000e+00 0.000000000000000000e+00 4.119456856212460139e+01
4.121062477092822007e+01 -0.000000000000000000e+00 0.000000000000000000e+00 0.000000000000000000e+00 4.121062477092822007e+01 0.000000000000000000e+00 0.000000000000000000e+00 0.000000000000000000e+00 4.121062477092822007e+01
4.124568716244770883e+01 -0.000000000000000000e+00 0.000000000000000000e+00 0.000000000000000000e+00 4.124568716244770883e+01 0.000000000000000000e+00 0.000000000000000000e+00 0.000000000000000000e+00 4.124568716244770883e+01
4.121297589987425170e+01 -0.000000000000000000e+00 0.000000000000000000e+00 0.000000000000000000e+00 4.121297589987425170e+01 0.000000000000000000e+00 0.000000000000000000e+00 0.000000000000000000e+00 4.121297589987425170e+01
4.120314933465935781e+01 -0.000000000000000000e+00 0.000000000000000000e+00 0.000000000000000000e+00 4.120314933465935781e+01 0.000000000000000000e+00 0.000000000000000000e+00 0.000000000000000000e+00 4.120314933465935781e+01
4.122454943733212218e+01 -0.000000000000000000e+00 0.000000000000000000e+00 0.000000000000000000e+00 4.122454943733212218e+01 0.000000000000000000e+00 0.000000000000000000e+00 0.000000000000000000e+00 4.122454943733212218e+01
4.122217161289734122e+01 -0.000000000000000000e+00 0.000000000000000000e+00 0.000000000000000000e+00 4.122217161289734122e+01 0.000000000000000000e+00 0.000000000000000000e+00 0.000000000000000000e+00 4.122217161289734122e+01
4.120488835135532213e+01 -0.000000000000000000e+00 0.000000000000000000e+00 0.000000000000000000e+00 4.120488835135532213e+01 0.000000000000000000e+00 0.000000000000000000e+00 0.000000000000000000e+00 4.120488835135532213e+01
4.125794808533704838e+01 -0.000000000000000000e+00 0.000000000000000000e+00 0.000000000000000000e+00 4.125794808533704838e+01 0.000000000000000000e+00 0.000000000000000000e+00 0.000000000000000000e+00 4.125794808533704838e+01
4.117460886401024567e+01 -0.000000000000000000e+00 0.000000000000000000e+00 0.000000000000000000e+00 4.117460886401024567e+01 0.000000000000000000e+00 0.000000000000000000e+00 0.000000000000000000e+00 4.117460886401024567e+01
4.119224539743551361e+01 -0.000000000000000000e+00 0.000000000000000000e+00 0.000000000000000000e+00 4.119224539743551361e+01 0.000000000000000000e+00 0.000000000000000000e+00 0.000000000000000000e+00 4.119224539743551361e+01
