4.116052425436093642e+01 -0.000000000000000000e+00 0.000000000000000000e+00 0.000000000000000000e+00 4.116052425436093642e+01 0.000000000000000000e+00 0.000000000000000000e+00 0.000000000000000000e+00 4.116052425436093642e+01
4.117765595502913101e+01 -0.000000000000000000e+00 0.000000000000000000e+00 0.000000000000000000e+00 4.117765595502913101e+01 0.000000000000000000e+00 0.000000000000000000e+00 0.000000000000000000e+00 4.117765595502913101e+01
4.117468204369114915e+01 -0.000000000000000000e+00 0.000000000000000000e+00 0.000000000000000000e+00 4.117468204369114915e+01 0.000000000000000000e+00 0.000000000000000000e+00 0.000000000000000000e+00 4.117468204369114915e+01
4.114011653246463851e+01 -0.000000000000000000e+00 0.000000000000000000e+00 0.000000000000000000e+00 4.114011653246463851e+01 0.000000000000000000e+00 0.000000000000000000e+00 0.000000000000000000e+00 4.114011653246463851e+01
4.114436324700307068e+01 -0.000000000000000000e+00 0.000000000000000000e+00 0.000000000000000000e+00 4.114436324700307068e+01 0.000000000000000000e+00 0.000000000000000000e+00 0.000000000000000000e+00 4.114436324700307068e+01
4.116151276422093730e+01 -0.000000000000000000e+00 0.000000000000000000e+00 0.000000000000000000e+00 4.116151276422093730e+01 0.000000000000000000e+00 0.000000000000000000e+00 0.000000000000000000e+00 4.116151276422093730e+01
4.113059337982534203e+01 -0.000000000000000000e+00 0.000000000000000000e+00 0.000000000000000000e+00 4.113059337982534203e+01 0.000000000000000000e+00 0.000000000000000000e+00 0.000000000000000000e+00 4.113059337982534203e+01
4.116208038685042681e+01 -0.000000000000000000e+00 0.000000000000000000e+00 0.000000000000000000e+00 4.116208038685042681e+01 0.000000000000000000e+00 0.000000000000000000e+00 0.000000000000000000e+00 4.116208038685042681e+01
4.114539548822238402e+01 -0.000000000000000000e+00 0.000000000000000000e+00 0.000000000000000000e+00 4.114539548822238402e+01 0.000000000000000000e+00 0.000000000000000000e+00 0.000000000000000000e+00 4.114539548822238402e+01
4.116258326116486899e+01 -0.000000000000000000e+00 0.000000000000000000e+00 0.000000000000000000e+00 4.116258326116486899e+01 0.000000000000000000e+00 0.000000000000000000e+00 0.000000000000000000e+00 4.116258326116486899e+01
4.112414196261195798e+01 -0.000000000000000000e+00 0.000000000000000000e+00 0.000000000000000000e+00 4.112414196261195798e+01 0.000000000000000000e+00 0.000000000000000000e+00 0.000000000000000000e+00 4.112414196261195798e+01
4.116046090680488589e+01 -0.000000000000000000e+00 0.000000000000000000e+00 0.000000000000000000e+00 4.116046090680488589e+01 0.000000000000000000e+00 0.000000000000000000e+00 0.000000000000000000e+00 4.116046090680488589e+01
4.117099184847160132e+01 -0.000000000000000000e+00 0.000000000000000000e+00 0.000000000000000000e+00 4.117099184847160132e+01 0.000000000000000000e+00 0.000000000000000000e+00 0.000000000000000000e+00 4.117099184847160132e+01
4.114348642485691698e+01 -0.000000000000000000e+00 0.000000000000000000e+00 0.000000000000000000e+00 4.114348642485691698e+01 0.000000000000000000e+00 0.000000000000000000e+00 0.000000000000000000e+00 4.114348642485691698e+01
4.113870657581850310e+01 -0.000000000000000000e+00 0.000000000000000000e+00 0.000000000000000000e+00 4.113870657581850310e+01 0.000000000000000000e+00 0.000000000000000000e+00 0.000000000000000000e+00 4.113870657581850310e+01
4.114326360141754435e+01 -0.000000000000000000e+00 0.000000000000000000e+00 0.000000000000000000e+00 4.114326360141754435e+01 0.000000000000000000e+00 0.000000000000000000e+00 0.000000000000000000e+00 4.114326360141754435e+01
4.115143413237065317e+01 -0.000000000000000000e+00 0.000000000000000000e+00 0.000000000000000000e+00 4.115143413237065317e+01 0.000000000000000000e+00 0.000000000000000000e+00 0.000000000000000000e+00 4.115143413237065317e+01
4.108216207114251262e+01 -0.000000000000000000e+00 0.000000000000000000e+00 0.000000000000000000e+00 4.108216207114251262e+01 0.000000000000000000e+00 0.000000000000000000e+00 0.000000000000000000e+00 4.108216207114251262e+01
4.108967551999975854e+01 -0.000000000000000000e+00 0.000000000000000000e+00 0.000000000000000000e+00 4.108967551999975854e+01 0.000000000000000000e+00 0.000000000000000000e+00 0.000000000000000000e+00 4.108967551999975854e+01
4.113350467255236964e+01 -0.000000000000000000e+00 0.000000000000000000e+00 0.000000000000000000e+00 4.113350467255236964e+01 0.000000000000000000e+00 0.000000000000000000e+00 0.000000000000000000e+00 4.113350467255236964e+01
4.110568680705092959e+01 -0.000000000000000000e+00 0.000000000000000000e+00 0.000000000000000000e+00 4.110568680705092959e+01 0.000000000000000000e+00 0.000000000000000000e+00 0.000000000000000000e+00 4.110568680705092959e+01
4.112843635506700934e+01 -0.000000000000000000e+00 0.000000000000000000e+00 0.000000000000000000e+00 4.112843635506700934e+01 0.000000000000000000e+00 0.000000000000000000e+00 0.000000000000000000e+00 4.112843635506700934e+01
4.115744050440803647e+01 -0.000000000000000000e+00 0.000000000000000000e+00 0.000000000000000000e+00 4.115744050440803647e+01 0.000000000000000000e+00 0.000000000000000000e+00 0.000000000000000000e+00 4.115744050440803647e+01
4.113648458427074672e+01 -0.000000000000000000e+00 0.000000000000000000e+00 0.000000000000000000e+00 4.113648458427074672e+01 0.000000000000000000e+00 0.000000000000000000e+00 0.000000000000000000e+00 4.113648458427074672e+01
4.111066997772019249e+01 -0.000000000000000000e+00 0.000000000000000000e+00 0.000000000000000000e+00 4.111066997772019249e+01 0.000000000000000000e+00 0.000000000000000000e+00 0.000000000000000000e+00 4.111066997772019249e+01
4.114746992777057244e+01 -0.000000000000000000e+00 0.000000000000000000e+00 0.000000000000000000e+00 4.114746992777057244e+01 0.000000000000000000e+00 0.000000000000000000e+00 0.000000000000000000e+00 4.114746992777057244e+01
4.109658582409424810e+01 -0.000000000000000000e+00 0.000000000000000000e+00 0.000000000000000000e+00 4.109658582409424810e+01 0.000000000000000000e+00 0.000000000000000000e+00 0.000000000000000000e+00 4.109658582409424810e+01
4.112234754233914202e+01 -0.000000000000000000e+00 0.000000000000000000e+00 0.000000000000000000e+00 4.112234754233914202e+01 0.000000000000000000e+00 0.000000000000000000e+00 0.000000000000000000e+00 4.112234754233914202e+01
4.112715348477468069e+01 -0.000000000000000000e+00 0.000000000000000000e+00 0.000000000000000000e+00 4.112715348477468069e+01 0.000000000000000000e+00 0.000000000000000000e+00 0.000000000000000000e+00 4.112715348477468069e+01
4.111621037809206314e+01 -0.000000000000000000e+00 0.000000000000000000e+00 0.000000000000000000e+00 4.111621037809206314e+01 0.000000000000000000e+00 0.000000000000000000e+00 0.000000000000000000e+00 4.111621037809206314e+01
4.113498709536752074e+01 -0.000000000000000000e+00 0.000000000000000000e+00 0.000000000000000000e+00 4.113498709536752074e+01 0.000000000000000000e+00 0.000000000000000000e+00 0.000000000000000000e+00 4.113498709536752074e+01
4.108899758309848949e+01 -0.000000000000000000e+00 0.000000000000000000e+00 0.000000000000000000e+00 4.108899758309848949e+01 0.000000000000000000e+00 0.000000000000000000e+00 0.000000000000000000e+00 4.108899758309848949e+01
4.111796450382442458e+01 -0.000000000000000000e+00 0.000000000000000000e+00 0.000000000000000000e+00 4.111796450382442458e+01 0.000000000000000000e+00 0.000000000000000000e+00 0.000000000000000000e+00 4.111796450382442458e+01
4.106198685159901629e+01 -0.000000000000000000e+00 0.000000000000000000e+00 0.000000000000000000e+00 4.106198685159901629e+01 0.000000000000000000e+00 0.000000000000000000e+00 0.000000000000000000e+00 4.106198685159901629e+01
4.110584502470372570e+01 -0.000000000000000000e+00 0.000000000000000000e+00 0.000000000000000000e+00 4.110584502470372570e+01 0.000000000000000000e+00 0.000000000000000000e+00 0.000000000000000000e+00 4.110584502470372570e+01
4.113422679888493860e+01 -0.000000000000000000e+00 0.000000000000000000e+00 0.000000000000000000e+00 4.113422679888493860e+01 0.000000000000000000e+00 0.000000000000000000e+00 0.000000000000000000e+00 4.113422679888493860e+01
4.111282810921065334e+01 -0.000000000000000000e+00 0.000000000000000000e+00 0.000000000000000000e+00 4.111282810921065334e+01 0.000000000000000000e+00 0.000000000000000000e+00 0.000000000000000000e+00 4.111282810921065334e+01
4.111035390427328196e+01 -0.000000000000000000e+00 0.000000000000000000e+00 0.000000000000000000e+00 4.111035390427328196e+01 0.000000000000000000e+00 0.000000000000000000e+00 0.000000000000000000e+00 4.111035390427328196e+01
4.112001955181856516e+01 -0.000000000000000000e+00 0.000000000000000000e+00 0.000000000000000000e+00 4.112001955181856516e+01 0.000000000000000000e+00 0.000000000000000000e+00 0.000000000000000000e+00 4.112001955181856516e+01
4.110308768991571782e+01 -0.000000000000000000e+00 0.000000000000000000e+00 0.000000000000000000e+00 4.110308768991571782e+01 0.000000000000000000e+00 0.000000000000000000e+00 0.000000000000000000e+00 4.110308768991571782e+01
4.111771306227021228e+01 -0.000000000000000000e+00 0.000000000000000000e+00 0.000000000000000000e+00 4.111771306227021228e+01 0.000000000000000000e+00 0.000000000000000000e+00 0.000000000000000000e+00 4.111771306227021228e+01
4.105121193767919863e+01 -0.000000000000000000e+00 0.000000000000000000e+00 0.000000000000000000e+00 4.105121193767919863e+01 0.000000000000000000e+00 0.000000000000000000e+00 0.000000000000000000e+00 4.105121193767919863e+01
4.110074710282857779e+01 -0.000000000000000000e+00 0.000000000000000000e+00 0.000000000000000000e+00 4.110074710282857779e+01 0.000000000000000000e+00 0.000000000000000000e+00 0.000000000000000000e+00 4.110074710282857779e+01
4.105918374917906277e+01 -0.000000000000000000e+00 0.000000000000000000e+00 0.000000000000000000e+00 4.105918374917906277e+01 0.000000000000000000e+00 0.000000000000000000e+00 0.000000000000000000e+00 4.105918374917906277e+01
4.111119374713722152e+01 -0.000000000000000000e+00 0.000000000000000000e+00 0.000000000000000000e+00 4.111119374713722152e+01 0.000000000000000000e+00 0.000000000000000000e+00 0.000000000000000000e+00 4.111119374713722152e+01
4.109325656095518298e+01 -0.000000000000000000e+00 0.000000000000000000e+00 0.000000000000000000e+00 4.109325656095518298e+01 0.000000000000000000e+00 0.000000000000000000e+00 0.000000000000000000e+00 4.109325656095518298e+01
4.111630629375498813e+01 -0.000000000000000000e+00 0.000000000000000000e+00 0.000000000000000000e+00 4.111630629375498813e+01 0.000000000000000000e+00 0.000000000000000000e+00 0.000000000000000000e+00 4.111630629375498813e+01
4.110133516472168225e+01 -0.000000000000000000e+00 0.000000000000000000e+00 0.000000000000000000e+00 4.110133516472168225e+01 0.000000000000000000e+00 0.000000000000000000e+00 0.000000000000000000e+00 4.110133516472168225e+01
4.107749445116313325e+01 -0.000000000000000000e+00 0.000000000000000000e+00 0.000000000000000000e+00 4.107749445116313325e+01 0.000000000000000000e+00 0.000000000000000000e+00 0.000000000000000000e+00 4.107749445116313325e+01
4.105069384784498965e+01 -0.000000000000000000e+00 0.000000000000000000e+00 0.000000000000000000e+00 4.105069384784498965e+01 0.000000000000000000e+00 0.000000000000000000e+00 0.000000000000000000e+00 4.105069384784498965e+01
4.108837998485481791e+01 -0.000000000000000000e+00 0.000000000000000000e+00 0.000000000000000000e+00 4.108837998485481791e+01 0.000000000000000000e+00 0.000000000000000000e+00 0.000000000000000000e+00 4.108837998485481791e+01
