4.004189649974775023e+01 -0.000000000000000000e+00 0.000000000000000000e+00 0.000000000000000000e+00 4.004189649974775023e+01 0.000000000000000000e+00 0.000000000000000000e+00 0.000000000000000000e+00 4.004189649974775023e+01
4.012891546143410437e+01 -0.000000000000000000e+00 0.000000000000000000e+00 0.000000000000000000e+00 4.012891546143410437e+01 0.000000000000000000e+00 0.000000000000000000e+00 0.000000000000000000e+00 4.012891546143410437e+01
4.007281476491090899e+01 -0.000000000000000000e+00 0.000000000000000000e+00 0.000000000000000000e+00 4.007281476491090899e+01 0.000000000000000000e+00 0.000000000000000000e+00 0.000000000000000000e+00 4.007281476491090899e+01
4.004604399084620070e+01 -0.000000000000000000e+00 0.000000000000000000e+00 0.000000000000000000e+00 4.004604399084620070e+01 0.000000000000000000e+00 0.000000000000000000e+00 0.000000000000000000e+00 4.004604399084620070e+01
3.999842267766916848e+01 -0.000000000000000000e+00 0.000000000000000000e+00 0.000000000000000000e+00 3.999842267766916848e+01 0.000000000000000000e+00 0.000000000000000000e+00 0.000000000000000000e+00 3.999842267766916848e+01
4.002796267779440598e+01 -0.000000000000000000e+00 0.000000000000000000e+00 0.000000000000000000e+00 4.002796267779440598e+01 0.000000000000000000e+00 0.000000000000000000e+00 0.000000000000000000e+00 4.002796267779440598e+01
4.004729751408069660e+01 -0.000000000000000000e+00 0.000000000000000000e+00 0.000000000000000000e+00 4.004729751408069660e+01 0.000000000000000000e+00 0.000000000000000000e+00 0.000000000000000000e+00 4.004729751408069660e+01
4.004796516900940873e+01 -0.000000000000000000e+00 0.000000000000000000e+00 0.000000000000000000e+00 4.004796516900940873e+01 0.000000000000000000e+00 0.000000000000000000e+00 0.000000000000000000e+00 4.004796516900940873e+01
4.006009479348351476e+01 -0.000000000000000000e+00 0.000000000000000000e+00 0.000000000000000000e+00 4.006009479348351476e+01 0.000000000000000000e+00 0.000000000000000000e+00 0.000000000000000000e+00 4.006009479348351476e+01
4.005319061048446372e+01 -0.000000000000000000e+00 0.000000000000000000e+00 0.000000000000000000e+00 4.005319061048446372e+01 0.000000000000000000e+00 0.000000000000000000e+00 0.000000000000000000e+00 4.005319061048446372e+01
4.004832774686440189e+01 -0.000000000000000000e+00 0.000000000000000000e+00 0.000000000000000000e+00 4.004832774686440189e+01 0.000000000000000000e+00 0.000000000000000000e+00 0.000000000000000000e+00 4.004832774686440189e+01
4.005896102871233211e+01 -0.000000000000000000e+00 0.000000000000000000e+00 0.000000000000000000e+00 4.005896102871233211e+01 0.000000000000000000e+00 0.000000000000000000e+00 0.000000000000000000e+00 4.005896102871233211e+01
4.004919631049756390e+01 -0.000000000000000000e+00 0.000000000000000000e+00 0.000000000000000000e+00 4.004919631049756390e+01 0.000000000000000000e+00 0.000000000000000000e+00 0.000000000000000000e+00 4.004919631049756390e+01
4.006724533452592141e+01 -0.000000000000000000e+00 0.000000000000000000e+00 0.000000000000000000e+00 4.006724533452592141e+01 0.000000000000000000e+00 0.000000000000000000e+00 0.000000000000000000e+00 4.006724533452592141e+01
4.004953857139363294e+01 -0.000000000000000000e+00 0.000000000000000000e+00 0.000000000000000000e+00 4.004953857139363294e+01 0.000000000000000000e+00 0.000000000000000000e+00 0.000000000000000000e+00 4.004953857139363294e+01
4.007436546148437628e+01 -0.000000000000000000e+00 0.000000000000000000e+00 0.000000000000000000e+00 4.007436546148437628e+01 0.000000000000000000e+00 0.000000000000000000e+00 0.000000000000000000e+00 4.007436546148437628e+01
4.004953724493415734e+01 -0.000000000000000000e+00 0.000000000000000000e+00 0.000000000000000000e+00 4.004953724493415734e+01 0.000000000000000000e+00 0.000000000000000000e+00 0.000000000000000000e+00 4.004953724493415734e+01
4.003699463636748135e+01 -0.000000000000000000e+00 0.000000000000000000e+00 0.000000000000000000e+00 4.003699463636748135e+01 0.000000000000000000e+00 0.000000000000000000e+00 0.000000000000000000e+00 4.003699463636748135e+01
4.005283693926212862e+01 -0.000000000000000000e+00 0.000000000000000000e+00 0.000000000000000000e+00 4.005283693926212862e+01 0.000000000000000000e+00 0.000000000000000000e+00 0.000000000000000000e+00 4.005283693926212862e+01
4.003846823660443022e+01 -0.000000000000000000e+00 0.000000000000000000e+00 0.000000000000000000e+00 4.003846823660443022e+01 0.000000000000000000e+00 0.000000000000000000e+00 0.000000000000000000e+00 4.003846823660443022e+01
4.003520696072622798e+01 -0.000000000000000000e+00 0.000000000000000000e+00 0.000000000000000000e+00 4.003520696072622798e+01 0.000000000000000000e+00 0.000000000000000000e+00 0.000000000000000000e+00 4.003520696072622798e+01
4.001568091148100592e+01 -0.000000000000000000e+00 0.000000000000000000e+00 0.000000000000000000e+00 4.001568091148100592e+01 0.000000000000000000e+00 0.000000000000000000e+00 0.000000000000000000e+00 4.001568091148100592e+01
4.007104107859208852e+01 -0.000000000000000000e+00 0.000000000000000000e+00 0.000000000000000000e+00 4.007104107859208852e+01 0.000000000000000000e+00 0.000000000000000000e+00 0.000000000000000000e+00 4.007104107859208852e+01
4.003406967638740355e+01 -0.000000000000000000e+00 0.000000000000000000e+00 0.000000000000000000e+00 4.003406967638740355e+01 0.000000000000000000e+00 0.000000000000000000e+00 0.000000000000000000e+00 4.003406967638740355e+01
4.005479820472186248e+01 -0.000000000000000000e+00 0.000000000000000000e+00 0.000000000000000000e+00 4.005479820472186248e+01 0.000000000000000000e+00 0.000000000000000000e+00 0.000000000000000000e+00 4.005479820472186248e+01
4.004516156135528604e+01 -0.000000000000000000e+00 0.000000000000000000e+00 0.000000000000000000e+00 4.004516156135528604e+01 0.000000000000000000e+00 0.000000000000000000e+00 0.000000000000000000e+00 4.004516156135528604e+01
4.003613283215965168e+01 -0.000000000000000000e+00 0.000000000000000000e+00 0.000000000000000000e+00 4.003613283215965168e+01 0.000000000000000000e+00 0.000000000000000000e+00 0.000000000000000000e+00 4.003613283215965168e+01
4.007016678023921941e+01 -0.000000000000000000e+00 0.000000000000000000e+00 0.000000000000000000e+00 4.007016678023921941e+01 0.000000000000000000e+00 0.000000000000000000e+00 0.000000000000000000e+00 4.007016678023921941e+01
3.999491625634528447e+01 -0.000000000000000000e+00 0.000000000000000000e+00 0.000000000000000000e+00 3.999491625634528447e+01 0.000000000000000000e+00 0.000000000000000000e+00 0.000000000000000000e+00 3.999491625634528447e+01
4.001049306182927268e+01 -0.000000000000000000e+00 0.000000000000000000e+00 0.000000000000000000e+00 4.001049306182927268e+01 0.000000000000000000e+00 0.000000000000000000e+00 0.000000000000000000e+00 4.001049306182927268e+01
4.002458875073946842e+01 -0.000000000000000000e+00 0.000000000000000000e+00 0.000000000000000000e+00 4.002458875073946842e+01 0.000000000000000000e+00 0.000000000000000000e+00 0.000000000000000000e+00 4.002458875073946842e+01
4.004452453420174862e+01 -0.000000000000000000e+00 0.000000000000000000e+00 0.000000000000000000e+00 4.004452453420174862e+01 0.000000000000000000e+00 0.000000000000000000e+00 0.000000000000000000e+00 4.004452453420174862e+01
4.001481902242781530e+01 -0.000000000000000000e+00 0.000000000000000000e+00 0.000000000000000000e+00 4.001481902242781530e+01 0.000000000000000000e+00 0.000000000000000000e+00 0.000000000000000000e+00 4.001481902242781530e+01
4.001551391957565329e+01 -0.000000000000000000e+00 0.000000000000000000e+00 0.000000000000000000e+00 4.001551391957565329e+01 0.000000000000000000e+00 0.000000000000000000e+00 0.000000000000000000e+00 4.001551391957565329e+01
4.006562418326540609e+01 -0.000000000000000000e+00 0.000000000000000000e+00 0.000000000000000000e+00 4.006562418326540609e+01 0.000000000000000000e+00 0.000000000000000000e+00 0.000000000000000000e+00 4.006562418326540609e+01
3.999985159843430438e+01 -0.000000000000000000e+00 0.000000000000000000e+00 0.000000000000000000e+00 3.999985159843430438e+01 0.000000000000000000e+00 0.000000000000000000e+00 0.000000000000000000e+00 3.999985159843430438e+01
4.003864314154833437e+01 -0.000000000000000000e+00 0.000000000000000000e+00 0.000000000000000000e+00 4.003864314154833437e+01 0.000000000000000000e+00 0.000000000000000000e+00 0.000000000000000000e+00 4.003864314154833437e+01
4.004726911950503165e+01 -0.000000000000000000e+00 0.000000000000000000e+00 0.000000000000000000e+00 4.004726911950503165e+01 0.000000000000000000e+00 0.000000000000000000e+00 0.000000000000000000e+00 4.004726911950503165e+01
4.003112924816109341e+01 -0.000000000000000000e+00 0.000000000000000000e+00 0.000000000000000000e+00 4.003112924816109341e+01 0.000000000000000000e+00 0.000000000000000000e+00 0.000000000000000000e+00 4.003112924816109341e+01
4.003159484781005517e+01 -0.000000000000000000e+00 0.000000000000000000e+00 0.000000000000000000e+00 4.003159484781005517e+01 0.000000000000000000e+00 0.000000000000000000e+00 0.000000000000000000e+00 4.003159484781005517e+01
4.006125991313639645e+01 -0.000000000000000000e+00 0.000000000000000000e+00 0.000000000000000000e+00 4.006125991313639645e+01 0.000000000000000000e+00 0.000000000000000000e+00 0.000000000000000000e+00 4.006125991313639645e+01
4.004540949607080336e+01 -0.000000000000000000e+00 0.000000000000000000e+00 0.000000000000000000e+00 4.004540949607080336e+01 0.000000000000000000e+00 0.000000000000000000e+00 0.000000000000000000e+00 4.004540949607080336e+01
4.002345132396116867e+01 -0.000000000000000000e+00 0.000000000000000000e+00 0.000000000000000000e+00 4.002345132396116867e+01 0.000000000000000000e+00 0.000000000000000000e+00 0.000000000000000000e+00 4.002345132396116867e+01
4.001456746455242097e+01 -0.000000000000000000e+00 0.000000000000000000e+00 0.000000000000000000e+00 4.001456746455242097e+01 0.000000000000000000e+00 0.000000000000000000e+00 0.000000000000000000e+00 4.001456746455242097e+01
3.998886496160862691e+01 -0.000000000000000000e+00 0.000000000000000000e+00 0.000000000000000000e+00 3.998886496160862691e+01 0.000000000000000000e+00 0.000000000000000000e+00 0.000000000000000000e+00 3.998886496160862691e+01
4.003732570213145436e+01 -0.000000000000000000e+00 0.000000000000000000e+00 0.000000000000000000e+00 4.003732570213145436e+01 0.000000000000000000e+00 0.000000000000000000e+00 0.000000000000000000e+00 4.003732570213145436e+01
4.001899289180502706e+01 -0.000000000000000000e+00 0.000000000000000000e+00 0.000000000000000000e+00 4.001899289180502706e+01 0.000000000000000000e+00 0.000000000000000000e+00 0.000000000000000000e+00 4.001899289180502706e+01
4.001665762932162096e+01 -0.000000000000000000e+00 0.000000000000000000e+00 0.000000000000000000e+00 4.001665762932162096e+01 0.000000000000000000e+00 0.000000000000000000e+00 0.000000000000000000e+00 4.001665762932162096e+01
4.000270601827706685e+01 -0.000000000000000000e+00 0.000000000000000000e+00 0.000000000000000000e+00 4.000270601827706685e+01 0.000000000000000000e+00 0.000000000000000000e+00 0.000000000000000000e+00 4.000270601827706685e+01
3.999487523536825506e+01 -0.000000000000000000e+00 0.000000000000000000e+00 0.000000000000000000e+00 3.999487523536825506e+01 0.000000000000000000e+00 0.000000000000000000e+00 0.000000000000000000e+00 3.999487523536825506e+01
4.002068545099903218e+01 -0.000000000000000000e+00 0.000000000000000000e+00 0.000000000000000000e+00 4.002068545099903218e+01 0.000000000000000000e+00 0.000000000000000000e+00 0.000000000000000000e+00 4.002068545099903218e+01
