3.974666161418959121e+01 -0.000000000000000000e+00 0.000000000000000000e+00 0.000000000000000000e+00 3.974666161418959121e+01 0.000000000000000000e+00 0.000000000000000000e+00 0.000000000000000000e+00 3.974666161418959121e+01
3.977155858844596992e+01 -0.000000000000000000e+00 0.000000000000000000e+00 0.000000000000000000e+00 3.977155858844596992e+01 0.000000000000000000e+00 0.000000000000000000e+00 0.000000000000000000e+00 3.977155858844596992e+01
3.973055863530323961e+01 -0.000000000000000000e+00 0.000000000000000000e+00 0.000000000000000000e+00 3.973055863530323961e+01 0.000000000000000000e+00 0.000000000000000000e+00 0.000000000000000000e+00 3.973055863530323961e+01
3.975823558914451894e+01 -0.000000000000000000e+00 0.000000000000000000e+00 0.000000000000000000e+00 3.975823558914451894e+01 0.000000000000000000e+00 0.000000000000000000e+00 0.000000000000000000e+00 3.975823558914451894e+01
3.972937841684731097e+01 -0.000000000000000000e+00 0.000000000000000000e+00 0.000000000000000000e+00 3.972937841684731097e+01 0.000000000000000000e+00 0.000000000000000000e+00 0.000000000000000000e+00 3.972937841684731097e+01
3.972464382265528116e+01 -0.000000000000000000e+00 0.000000000000000000e+00 0.000000000000000000e+00 3.972464382265528116e+01 0.000000000000000000e+00 0.000000000000000000e+00 0.000000000000000000e+00 3.972464382265528116e+01
3.970606626272828521e+01 -0.000000000000000000e+00 0.000000000000000000e+00 0.000000000000000000e+00 3.970606626272828521e+01 0.000000000000000000e+00 0.000000000000000000e+00 0.000000000000000000e+00 3.970606626272828521e+01
3.973810738620112204e+01 -0.000000000000000000e+00 0.000000000000000000e+00 0.000000000000000000e+00 3.973810738620112204e+01 0.000000000000000000e+00 0.000000000000000000e+00 0.000000000000000000e+00 3.973810738620112204e+01
3.975617472943807229e+01 -0.000000000000000000e+00 0.000000000000000000e+00 0.000000000000000000e+00 3.975617472943807229e+01 0.000000000000000000e+00 0.000000000000000000e+00 0.000000000000000000e+00 3.975617472943807229e+01
3.974190972603474137e+01 -0.000000000000000000e+00 0.000000000000000000e+00 0.000000000000000000e+00 3.974190972603474137e+01 0.000000000000000000e+00 0.000000000000000000e+00 0.000000000000000000e+00 3.974190972603474137e+01
3.974779743543095378e+01 -0.000000000000000000e+00 0.000000000000000000e+00 0.000000000000000000e+00 3.974779743543095378e+01 0.000000000000000000e+00 0.000000000000000000e+00 0.000000000000000000e+00 3.974779743543095378e+01
3.971464344441547922e+01 -0.000000000000000000e+00 0.000000000000000000e+00 0.000000000000000000e+00 3.971464344441547922e+01 0.000000000000000000e+00 0.000000000000000000e+00 0.000000000000000000e+00 3.971464344441547922e+01
3.974787548726588682e+01 -0.000000000000000000e+00 0.000000000000000000e+00 0.000000000000000000e+00 3.974787548726588682e+01 0.000000000000000000e+00 0.000000000000000000e+00 0.000000000000000000e+00 3.974787548726588682e+01
3.974260196353961305e+01 -0.000000000000000000e+00 0.000000000000000000e+00 0.000000000000000000e+00 3.974260196353961305e+01 0.000000000000000000e+00 0.000000000000000000e+00 0.000000000000000000e+00 3.974260196353961305e+01
3.972280118702707341e+01 -0.000000000000000000e+00 0.000000000000000000e+00 0.000000000000000000e+00 3.972280118702707341e+01 0.000000000000000000e+00 0.000000000000000000e+00 0.000000000000000000e+00 3.972280118702707341e+01
3.976818251883620547e+01 -0.000000000000000000e+00 0.000000000000000000e+00 0.000000000000000000e+00 3.976818251883620547e+01 0.000000000000000000e+00 0.000000000000000000e+00 0.000000000000000000e+00 3.976818251883620547e+01
3.972305085702115690e+01 -0.000000000000000000e+00 0.000000000000000000e+00 0.000000000000000000e+00 3.972305085702115690e+01 0.000000000000000000e+00 0.000000000000000000e+00 0.000000000000000000e+00 3.972305085702115690e+01
3.970065186945689106e+01 -0.000000000000000000e+00 0.000000000000000000e+00 0.000000000000000000e+00 3.970065186945689106e+01 0.000000000000000000e+00 0.000000000000000000e+00 0.000000000000000000e+00 3.970065186945689106e+01
3.977927919157679071e+01 -0.000000000000000000e+00 0.000000000000000000e+00 0.000000000000000000e+00 3.977927919157679071e+01 0.000000000000000000e+00 0.000000000000000000e+00 0.000000000000000000e+00 3.977927919157679071e+01
3.978330669619030857e+01 -0.000000000000000000e+00 0.000000000000000000e+00 0.000000000000000000e+00 3.978330669619030857e+01 0.000000000000000000e+00 0.000000000000000000e+00 0.000000000000000000e+00 3.978330669619030857e+01
3.973414326106448158e+01 -0.000000000000000000e+00 0.000000000000000000e+00 0.000000000000000000e+00 3.973414326106448158e+01 0.000000000000000000e+00 0.000000000000000000e+00 0.000000000000000000e+00 3.973414326106448158e+01
3.976849989447293865e+01 -0.000000000000000000e+00 0.000000000000000000e+00 0.000000000000000000e+00 3.976849989447293865e+01 0.000000000000000000e+00 0.000000000000000000e+00 0.000000000000000000e+00 3.976849989447293865e+01
3.971840966607780388e+01 -0.000000000000000000e+00 0.000000000000000000e+00 0.000000000000000000e+00 3.971840966607780388e+01 0.000000000000000000e+00 0.000000000000000000e+00 0.000000000000000000e+00 3.971840966607780388e+01
3.974108369211663927e+01 -0.000000000000000000e+00 0.000000000000000000e+00 0.000000000000000000e+00 3.974108369211663927e+01 0.000000000000000000e+00 0.000000000000000000e+00 0.000000000000000000e+00 3.974108369211663927e+01
3.974059083992518993e+01 -0.000000000000000000e+00 0.000000000000000000e+00 0.000000000000000000e+00 3.974059083992518993e+01 0.000000000000000000e+00 0.000000000000000000e+00 0.000000000000000000e+00 3.974059083992518993e+01
3.975746343029823038e+01 -0.000000000000000000e+00 0.000000000000000000e+00 0.000000000000000000e+00 3.975746343029823038e+01 0.000000000000000000e+00 0.000000000000000000e+00 0.000000000000000000e+00 3.975746343029823038e+01
3.973230558692118564e+01 -0.000000000000000000e+00 0.000000000000000000e+00 0.000000000000000000e+00 3.973230558692118564e+01 0.000000000000000000e+00 0.000000000000000000e+00 0.000000000000000000e+00 3.973230558692118564e+01
3.967736641022215593e+01 -0.000000000000000000e+00 0.000000000000000000e+00 0.000000000000000000e+00 3.967736641022215593e+01 0.000000000000000000e+00 0.000000000000000000e+00 0.000000000000000000e+00 3.967736641022215593e+01
3.975539489067682553e+01 -0.000000000000000000e+00 0.000000000000000000e+00 0.000000000000000000e+00 3.975539489067682553e+01 0.000000000000000000e+00 0.000000000000000000e+00 0.000000000000000000e+00 3.975539489067682553e+01
3.975973294423404525e+01 -0.000000000000000000e+00 0.000000000000000000e+00 0.000000000000000000e+00 3.975973294423404525e+01 0.000000000000000000e+00 0.000000000000000000e+00 0.000000000000000000e+00 3.975973294423404525e+01
3.972526600526754947e+01 -0.000000000000000000e+00 0.000000000000000000e+00 0.000000000000000000e+00 3.972526600526754947e+01 0.000000000000000000e+00 0.000000000000000000e+00 0.000000000000000000e+00 3.972526600526754947e+01
3.975112490640165674e+01 -0.000000000000000000e+00 0.000000000000000000e+00 0.000000000000000000e+00 3.975112490640165674e+01 0.000000000000000000e+00 0.000000000000000000e+00 0.000000000000000000e+00 3.975112490640165674e+01
3.973233555268157602e+01 -0.000000000000000000e+00 0.000000000000000000e+00 0.000000000000000000e+00 3.973233555268157602e+01 0.000000000000000000e+00 0.000000000000000000e+00 0.000000000000000000e+00 3.973233555268157602e+01
3.970733833018719849e+01 -0.000000000000000000e+00 0.000000000000000000e+00 0.000000000000000000e+00 3.970733833018719849e+01 0.000000000000000000e+00 0.000000000000000000e+00 0.000000000000000000e+00 3.970733833018719849e+01
3.972603185480453192e+01 -0.000000000000000000e+00 0.000000000000000000e+00 0.000000000000000000e+00 3.972603185480453192e+01 0.000000000000000000e+00 0.000000000000000000e+00 0.000000000000000000e+00 3.972603185480453192e+01
3.971326972243643638e+01 -0.000000000000000000e+00 0.000000000000000000e+00 0.000000000000000000e+00 3.971326972243643638e+01 0.000000000000000000e+00 0.000000000000000000e+00 0.000000000000000000e+00 3.971326972243643638e+01
3.975719196709948022e+01 -0.000000000000000000e+00 0.000000000000000000e+00 0.000000000000000000e+00 3.975719196709948022e+01 0.000000000000000000e+00 0.000000000000000000e+00 0.000000000000000000e+00 3.975719196709948022e+01
3.976939452007549392e+01 -0.000000000000000000e+00 0.000000000000000000e+00 0.000000000000000000e+00 3.976939452007549392e+01 0.000000000000000000e+00 0.000000000000000000e+00 0.000000000000000000e+00 3.976939452007549392e+01
3.970474094062490877e+01 -0.000000000000000000e+00 0.000000000000000000e+00 0.000000000000000000e+00 3.970474094062490877e+01 0.000000000000000000e+00 0.000000000000000000e+00 0.000000000000000000e+00 3.970474094062490877e+01
3.974604265694702576e+01 -0.000000000000000000e+00 0.000000000000000000e+00 0.000000000000000000e+00 3.974604265694702576e+01 0.000000000000000000e+00 0.000000000000000000e+00 0.000000000000000000e+00 3.974604265694702576e+01
3.977952054730055664e+01 -0.000000000000000000e+00 0.000000000000000000e+00 0.000000000000000000e+00 3.977952054730055664e+01 0.000000000000000000e+00 0.000000000000000000e+00 0.000000000000000000e+00 3.977952054730055664e+01
3.973352611929409761e+01 -0.000000000000000000e+00 0.000000000000000000e+00 0.000000000000000000e+00 3.973352611929409761e+01 0.000000000000000000e+00 0.000000000000000000e+00 0.000000000000000000e+00 3.973352611929409761e+01
3.973008722292679806e+01 -0.000000000000000000e+00 0.000000000000000000e+00 0.000000000000000000e+00 3.973008722292679806e+01 0.000000000000000000e+00 0.000000000000000000e+00 0.000000000000000000e+00 3.973008722292679806e+01
3.976646236942312385e+01 -0.000000000000000000e+00 0.000000000000000000e+00 0.000000000000000000e+00 3.976646236942312385e+01 0.000000000000000000e+00 0.000000000000000000e+00 0.000000000000000000e+00 3.976646236942312385e+01
3.974512839530586206e+01 -0.000000000000000000e+00 0.000000000000000000e+00 0.000000000000000000e+00 3.974512839530586206e+01 0.000000000000000000e+00 0.000000000000000000e+00 0.000000000000000000e+00 3.974512839530586206e+01
3.974585544966329564e+01 -0.000000000000000000e+00 0.000000000000000000e+00 0.000000000000000000e+00 3.974585544966329564e+01 0.000000000000000000e+00 0.000000000000000000e+00 0.000000000000000000e+00 3.974585544966329564e+01
3.974124452336157276e+01 -0.000000000000000000e+00 0.000000000000000000e+00 0.000000000000000000e+00 3.974124452336157276e+01 0.000000000000000000e+00 0.000000000000000000e+00 0.000000000000000000e+00 3.974124452336157276e+01
3.976058538648580054e+01 -0.000000000000000000e+00 0.000000000000000000e+00 0.000000000000000000e+00 3.976058538648580054e+01 0.000000000000000000e+00 0.000000000000000000e+00 0.000000000000000000e+00 3.976058538648580054e+01
3.971701579751979239e+01 -0.000000000000000000e+00 0.000000000000000000e+00 0.000000000000000000e+00 3.971701579751979239e+01 0.000000000000000000e+00 0.000000000000000000e+00 0.000000000000000000e+00 3.971701579751979239e+01
3.973814440822378913e+01 -0.000000000000000000e+00 0.000000000000000000e+00 0.000000000000000000e+00 3.973814440822378913e+01 0.000000000000000000e+00 0.000000000000000000e+00 0.000000000000000000e+00 3.973814440822378913e+01
3.972071343950390343e+01 -0.000000000000000000e+00 0.000000000000000000e+00 0.000000000000000000e+00 3.972071343950390343e+01 0.000000000000000000e+00 0.000000000000000000e+00 0.000000000000000000e+00 3.972071343950390343e+01
