4.002068545099903218e+01 -0.000000000000000000e+00 0.000000000000000000e+00 0.000000000000000000e+00 4.002068545099903218e+01 0.000000000000000000e+00 0.000000000000000000e+00 0.000000000000000000e+00 4.002068545099903218e+01
4.002367788798193260e+01 -0.000000000000000000e+00 0.000000000000000000e+00 0.000000000000000000e+00 4.002367788798193260e+01 0.000000000000000000e+00 0.000000000000000000e+00 0.000000000000000000e+00 4.002367788798193260e+01
4.002150869045284765e+01 -0.000000000000000000e+00 0.000000000000000000e+00 0.000000000000000000e+00 4.002150869045284765e+01 0.000000000000000000e+00 0.000000000000000000e+00 0.000000000000000000e+00 4.002150869045284765e+01
4.006120358921355518e+01 -0.000000000000000000e+00 0.000000000000000000e+00 0.000000000000000000e+00 4.006120358921355518e+01 0.000000000000000000e+00 0.000000000000000000e+00 0.000000000000000000e+00 4.006120358921355518e+01
4.006070888630823390e+01 -0.000000000000000000e+00 0.000000000000000000e+00 0.000000000000000000e+00 4.006070888630823390e+01 0.000000000000000000e+00 0.000000000000000000e+00 0.000000000000000000e+00 4.006070888630823390e+01
4.003452839913959593e+01 -0.000000000000000000e+00 0.000000000000000000e+00 0.000000000000000000e+00 4.003452839913959593e+01 0.000000000000000000e+00 0.000000000000000000e+00 0.000000000000000000e+00 4.003452839913959593e+01
4.000005406047806389e+01 -0.000000000000000000e+00 0.000000000000000000e+00 0.000000000000000000e+00 4.000005406047806389e+01 0.000000000000000000e+00 0.000000000000000000e+00 0.000000000000000000e+00 4.000005406047806389e+01
4.003280994296687822e+01 -0.000000000000000000e+00 0.000000000000000000e+00 0.000000000000000000e+00 4.003280994296687822e+01 0.000000000000000000e+00 0.000000000000000000e+00 0.000000000000000000e+00 4.003280994296687822e+01
4.002976559588968541e+01 -0.000000000000000000e+00 0.000000000000000000e+00 0.000000000000000000e+00 4.002976559588968541e+01 0.000000000000000000e+00 0.000000000000000000e+00 0.000000000000000000e+00 4.002976559588968541e+01
4.004690416798749197e+01 -0.000000000000000000e+00 0.000000000000000000e+00 0.000000000000000000e+00 4.004690416798749197e+01 0.000000000000000000e+00 0.000000000000000000e+00 0.000000000000000000e+00 4.004690416798749197e+01
4.005415380604128472e+01 -0.000000000000000000e+00 0.000000000000000000e+00 0.000000000000000000e+00 4.005415380604128472e+01 0.000000000000000000e+00 0.000000000000000000e+00 0.000000000000000000e+00 4.005415380604128472e+01
4.003464208475125474e+01 -0.000000000000000000e+00 0.000000000000000000e+00 0.000000000000000000e+00 4.003464208475125474e+01 0.000000000000000000e+00 0.000000000000000000e+00 0.000000000000000000e+00 4.003464208475125474e+01
4.001748357651727872e+01 -0.000000000000000000e+00 0.000000000000000000e+00 0.000000000000000000e+00 4.001748357651727872e+01 0.000000000000000000e+00 0.000000000000000000e+00 0.000000000000000000e+00 4.001748357651727872e+01
4.001216702095864264e+01 -0.000000000000000000e+00 0.000000000000000000e+00 0.000000000000000000e+00 4.001216702095864264e+01 0.000000000000000000e+00 0.000000000000000000e+00 0.000000000000000000e+00 4.001216702095864264e+01
4.002744413797362455e+01 -0.000000000000000000e+00 0.000000000000000000e+00 0.000000000000000000e+00 4.002744413797362455e+01 0.000000000000000000e+00 0.000000000000000000e+00 0.000000000000000000e+00 4.002744413797362455e+01
4.000394615633975093e+01 -0.000000000000000000e+00 0.000000000000000000e+00 0.000000000000000000e+00 4.000394615633975093e+01 0.000000000000000000e+00 0.000000000000000000e+00 0.000000000000000000e+00 4.000394615633975093e+01
4.002757356297249203e+01 -0.000000000000000000e+00 0.000000000000000000e+00 0.000000000000000000e+00 4.002757356297249203e+01 0.000000000000000000e+00 0.000000000000000000e+00 0.000000000000000000e+00 4.002757356297249203e+01
4.005922436787895435e+01 -0.000000000000000000e+00 0.000000000000000000e+00 0.000000000000000000e+00 4.005922436787895435e+01 0.000000000000000000e+00 0.000000000000000000e+00 0.000000000000000000e+00 4.005922436787895435e+01
4.002817577381190262e+01 -0.000000000000000000e+00 0.000000000000000000e+00 0.000000000000000000e+00 4.002817577381190262e+01 0.000000000000000000e+00 0.000000000000000000e+00 0.000000000000000000e+00 4.002817577381190262e+01
4.001426109056944824e+01 -0.000000000000000000e+00 0.000000000000000000e+00 0.000000000000000000e+00 4.001426109056944824e+01 0.000000000000000000e+00 0.000000000000000000e+00 0.000000000000000000e+00 4.001426109056944824e+01
4.007442920759548599e+01 -0.000000000000000000e+00 0.000000000000000000e+00 0.000000000000000000e+00 4.007442920759548599e+01 0.000000000000000000e+00 0.000000000000000000e+00 0.000000000000000000e+00 4.007442920759548599e+01
3.999237056527707779e+01 -0.000000000000000000e+00 0.000000000000000000e+00 0.000000000000000000e+00 3.999237056527707779e+01 0.000000000000000000e+00 0.000000000000000000e+00 0.000000000000000000e+00 3.999237056527707779e+01
3.999300341053060492e+01 -0.000000000000000000e+00 0.000000000000000000e+00 0.000000000000000000e+00 3.999300341053060492e+01 0.000000000000000000e+00 0.000000000000000000e+00 0.000000000000000000e+00 3.999300341053060492e+01
4.003838934714315201e+01 -0.000000000000000000e+00 0.000000000000000000e+00 0.000000000000000000e+00 4.003838934714315201e+01 0.000000000000000000e+00 0.000000000000000000e+00 0.000000000000000000e+00 4.003838934714315201e+01
3.999661934555000187e+01 -0.000000000000000000e+00 0.000000000000000000e+00 0.000000000000000000e+00 3.999661934555000187e+01 0.000000000000000000e+00 0.000000000000000000e+00 0.000000000000000000e+00 3.999661934555000187e+01
4.003318722530034535e+01 -0.000000000000000000e+00 0.000000000000000000e+00 0.000000000000000000e+00 4.003318722530034535e+01 0.000000000000000000e+00 0.000000000000000000e+00 0.000000000000000000e+00 4.003318722530034535e+01
3.999425929403716395e+01 -0.000000000000000000e+00 0.000000000000000000e+00 0.000000000000000000e+00 3.999425929403716395e+01 0.000000000000000000e+00 0.000000000000000000e+00 0.000000000000000000e+00 3.999425929403716395e+01
4.006957309366754316e+01 -0.000000000000000000e+00 0.000000000000000000e+00 0.000000000000000000e+00 4.006957309366754316e+01 0.000000000000000000e+00 0.000000000000000000e+00 0.000000000000000000e+00 4.006957309366754316e+01
4.005259577595626297e+01 -0.000000000000000000e+00 0.000000000000000000e+00 0.000000000000000000e+00 4.005259577595626297e+01 0.000000000000000000e+00 0.000000000000000000e+00 0.000000000000000000e+00 4.005259577595626297e+01
4.003932808518064235e+01 -0.000000000000000000e+00 0.000000000000000000e+00 0.000000000000000000e+00 4.003932808518064235e+01 0.000000000000000000e+00 0.000000000000000000e+00 0.000000000000000000e+00 4.003932808518064235e+01
4.002304857312577013e+01 -0.000000000000000000e+00 0.000000000000000000e+00 0.000000000000000000e+00 4.002304857312577013e+01 0.000000000000000000e+00 0.000000000000000000e+00 0.000000000000000000e+00 4.002304857312577013e+01
4.004180099355504296e+01 -0.000000000000000000e+00 0.000000000000000000e+00 0.000000000000000000e+00 4.004180099355504296e+01 0.000000000000000000e+00 0.000000000000000000e+00 0.000000000000000000e+00 4.004180099355504296e+01
4.000046346486955429e+01 -0.000000000000000000e+00 0.000000000000000000e+00 0.000000000000000000e+00 4.000046346486955429e+01 0.000000000000000000e+00 0.000000000000000000e+00 0.000000000000000000e+00 4.000046346486955429e+01
3.998486505689790249e+01 -0.000000000000000000e+00 0.000000000000000000e+00 0.000000000000000000e+00 3.998486505689790249e+01 0.000000000000000000e+00 0.000000000000000000e+00 0.000000000000000000e+00 3.998486505689790249e+01
4.002248400871928879e+01 -0.000000000000000000e+00 0.000000000000000000e+00 0.000000000000000000e+00 4.002248400871928879e+01 0.000000000000000000e+00 0.000000000000000000e+00 0.000000000000000000e+00 4.002248400871928879e+01
4.004247713883762572e+01 -0.000000000000000000e+00 0.000000000000000000e+00 0.000000000000000000e+00 4.004247713883762572e+01 0.000000000000000000e+00 0.000000000000000000e+00 0.000000000000000000e+00 4.004247713883762572e+01
3.999477992216107225e+01 -0.000000000000000000e+00 0.000000000000000000e+00 0.000000000000000000e+00 3.999477992216107225e+01 0.000000000000000000e+00 0.000000000000000000e+00 0.000000000000000000e+00 3.999477992216107225e+01
4.000573804629443941e+01 -0.000000000000000000e+00 0.000000000000000000e+00 0.000000000000000000e+00 4.000573804629443941e+01 0.000000000000000000e+00 0.000000000000000000e+00 0.000000000000000000e+00 4.000573804629443941e+01
4.002506316066452996e+01 -0.000000000000000000e+00 0.000000000000000000e+00 0.000000000000000000e+00 4.002506316066452996e+01 0.000000000000000000e+00 0.000000000000000000e+00 0.000000000000000000e+00 4.002506316066452996e+01
4.003906286085396715e+01 -0.000000000000000000e+00 0.000000000000000000e+00 0.000000000000000000e+00 4.003906286085396715e+01 0.000000000000000000e+00 0.000000000000000000e+00 0.000000000000000000e+00 4.003906286085396715e+01
3.998431870841969982e+01 -0.000000000000000000e+00 0.000000000000000000e+00 0.000000000000000000e+00 3.998431870841969982e+01 0.000000000000000000e+00 0.000000000000000000e+00 0.000000000000000000e+00 3.998431870841969982e+01
4.000618801532174729e+01 -0.000000000000000000e+00 0.000000000000000000e+00 0.000000000000000000e+00 4.000618801532174729e+01 0.000000000000000000e+00 0.000000000000000000e+00 0.000000000000000000e+00 4.000618801532174729e+01
4.001679363492000618e+01 -0.000000000000000000e+00 0.000000000000000000e+00 0.000000000000000000e+00 4.001679363492000618e+01 0.000000000000000000e+00 0.000000000000000000e+00 0.000000000000000000e+00 4.001679363492000618e+01
4.002117839423740975e+01 -0.000000000000000000e+00 0.000000000000000000e+00 0.000000000000000000e+00 4.002117839423740975e+01 0.000000000000000000e+00 0.000000000000000000e+00 0.000000000000000000e+00 4.002117839423740975e+01
4.000127487542354743e+01 -0.000000000000000000e+00 0.000000000000000000e+00 0.000000000000000000e+00 4.000127487542354743e+01 0.000000000000000000e+00 0.000000000000000000e+00 0.000000000000000000e+00 4.000127487542354743e+01
4.005265884505536889e+01 -0.000000000000000000e+00 0.000000000000000000e+00 0.000000000000000000e+00 4.005265884505536889e+01 0.000000000000000000e+00 0.000000000000000000e+00 0.000000000000000000e+00 4.005265884505536889e+01
4.002531884238594273e+01 -0.000000000000000000e+00 0.000000000000000000e+00 0.000000000000000000e+00 4.002531884238594273e+01 0.000000000000000000e+00 0.000000000000000000e+00 0.000000000000000000e+00 4.002531884238594273e+01
4.005688738597564225e+01 -0.000000000000000000e+00 0.000000000000000000e+00 0.000000000000000000e+00 4.005688738597564225e+01 0.000000000000000000e+00 0.000000000000000000e+00 0.000000000000000000e+00 4.005688738597564225e+01
4.003857143971632127e+01 -0.000000000000000000e+00 0.000000000000000000e+00 0.000000000000000000e+00 4.003857143971632127e+01 0.000000000000000000e+00 0.000000000000000000e+00 0.000000000000000000e+00 4.003857143971632127e+01
4.002253141957849891e+01 -0.000000000000000000e+00 0.000000000000000000e+00 0.000000000000000000e+00 4.002253141957849891e+01 0.000000000000000000e+00 0.000000000000000000e+00 0.000000000000000000e+00 4.002253141957849891e+01
4.003066651000216325e+01 -0.000000000000000000e+00 0.000000000000000000e+00 0.000000000000000000e+00 4.003066651000216325e+01 0.000000000000000000e+00 0.000000000000000000e+00 0.000000000000000000e+00 4.003066651000216325e+01
