3.999642209402045268e+01 -0.000000000000000000e+00 0.000000000000000000e+00 0.000000000000000000e+00 3.999642209402045268e+01 0.000000000000000000e+00 0.000000000000000000e+00 0.000000000000000000e+00 3.999642209402045268e+01
3.997149426591000321e+01 -0.000000000000000000e+00 0.000000000000000000e+00 0.000000000000000000e+00 3.997149426591000321e+01 0.000000000000000000e+00 0.000000000000000000e+00 0.000000000000000000e+00 3.997149426591000321e+01
3.996528401574239098e+01 -0.000000000000000000e+00 0.000000000000000000e+00 0.000000000000000000e+00 3.996528401574239098e+01 0.000000000000000000e+00 0.000000000000000000e+00 0.000000000000000000e+00 3.996528401574239098e+01
3.998130796581313717e+01 -0.000000000000000000e+00 0.000000000000000000e+00 0.000000000000000000e+00 3.998130796581313717e+01 0.000000000000000000e+00 0.000000000000000000e+00 0.000000000000000000e+00 3.998130796581313717e+01
3.997681367387517071e+01 -0.000000000000000000e+00 0.000000000000000000e+00 0.000000000000000000e+00 3.997681367387517071e+01 0.000000000000000000e+00 0.000000000000000000e+00 0.000000000000000000e+00 3.997681367387517071e+01
3.999941450691568434e+01 -0.000000000000000000e+00 0.000000000000000000e+00 0.000000000000000000e+00 3.999941450691568434e+01 0.000000000000000000e+00 0.000000000000000000e+00 0.000000000000000000e+00 3.999941450691568434e+01
3.995613693857681881e+01 -0.000000000000000000e+00 0.000000000000000000e+00 0.000000000000000000e+00 3.995613693857681881e+01 0.000000000000000000e+00 0.000000000000000000e+00 0.000000000000000000e+00 3.995613693857681881e+01
3.996216408104187678e+01 -0.000000000000000000e+00 0.000000000000000000e+00 0.000000000000000000e+00 3.996216408104187678e+01 0.000000000000000000e+00 0.000000000000000000e+00 0.000000000000000000e+00 3.996216408104187678e+01
3.996450655892247994e+01 -0.000000000000000000e+00 0.000000000000000000e+00 0.000000000000000000e+00 3.996450655892247994e+01 0.000000000000000000e+00 0.000000000000000000e+00 0.000000000000000000e+00 3.996450655892247994e+01
3.994028712359639144e+01 -0.000000000000000000e+00 0.000000000000000000e+00 0.000000000000000000e+00 3.994028712359639144e+01 0.000000000000000000e+00 0.000000000000000000e+00 0.000000000000000000e+00 3.994028712359639144e+01
3.996113594518404000e+01 -0.000000000000000000e+00 0.000000000000000000e+00 0.000000000000000000e+00 3.996113594518404000e+01 0.000000000000000000e+00 0.000000000000000000e+00 0.000000000000000000e+00 3.996113594518404000e+01
3.993787123662470151e+01 -0.000000000000000000e+00 0.000000000000000000e+00 0.000000000000000000e+00 3.993787123662470151e+01 0.000000000000000000e+00 0.000000000000000000e+00 0.000000000000000000e+00 3.993787123662470151e+01
3.997628902194623635e+01 -0.000000000000000000e+00 0.000000000000000000e+00 0.000000000000000000e+00 3.997628902194623635e+01 0.000000000000000000e+00 0.000000000000000000e+00 0.000000000000000000e+00 3.997628902194623635e+01
3.996396665721987063e+01 -0.000000000000000000e+00 0.000000000000000000e+00 0.000000000000000000e+00 3.996396665721987063e+01 0.000000000000000000e+00 0.000000000000000000e+00 0.000000000000000000e+00 3.996396665721987063e+01
3.994289945771699024e+01 -0.000000000000000000e+00 0.000000000000000000e+00 0.000000000000000000e+00 3.994289945771699024e+01 0.000000000000000000e+00 0.000000000000000000e+00 0.000000000000000000e+00 3.994289945771699024e+01
3.996952079426890236e+01 -0.000000000000000000e+00 0.000000000000000000e+00 0.000000000000000000e+00 3.996952079426890236e+01 0.000000000000000000e+00 0.000000000000000000e+00 0.000000000000000000e+00 3.996952079426890236e+01
3.995203978327946004e+01 -0.000000000000000000e+00 0.000000000000000000e+00 0.000000000000000000e+00 3.995203978327946004e+01 0.000000000000000000e+00 0.000000000000000000e+00 0.000000000000000000e+00 3.995203978327946004e+01
3.997010155729876146e+01 -0.000000000000000000e+00 0.000000000000000000e+00 0.000000000000000000e+00 3.997010155729876146e+01 0.000000000000000000e+00 0.000000000000000000e+00 0.000000000000000000e+00 3.997010155729876146e+01
4.000802778108510438e+01 -0.000000000000000000e+00 0.000000000000000000e+00 0.000000000000000000e+00 4.000802778108510438e+01 0.000000000000000000e+00 0.000000000000000000e+00 0.000000000000000000e+00 4.000802778108510438e+01
3.997187012233211334e+01 -0.000000000000000000e+00 0.000000000000000000e+00 0.000000000000000000e+00 3.997187012233211334e+01 0.000000000000000000e+00 0.000000000000000000e+00 0.000000000000000000e+00 3.997187012233211334e+01
3.995498044201919186e+01 -0.000000000000000000e+00 0.000000000000000000e+00 0.000000000000000000e+00 3.995498044201919186e+01 0.000000000000000000e+00 0.000000000000000000e+00 0.000000000000000000e+00 3.995498044201919186e+01
3.997382641916092894e+01 -0.000000000000000000e+00 0.000000000000000000e+00 0.000000000000000000e+00 3.997382641916092894e+01 0.000000000000000000e+00 0.000000000000000000e+00 0.000000000000000000e+00 3.997382641916092894e+01
3.997933709956330972e+01 -0.000000000000000000e+00 0.000000000000000000e+00 0.000000000000000000e+00 3.997933709956330972e+01 0.000000000000000000e+00 0.000000000000000000e+00 0.000000000000000000e+00 3.997933709956330972e+01
3.995783369604757951e+01 -0.000000000000000000e+00 0.000000000000000000e+00 0.000000000000000000e+00 3.995783369604757951e+01 0.000000000000000000e+00 0.000000000000000000e+00 0.000000000000000000e+00 3.995783369604757951e+01
3.996593727721392497e+01 -0.000000000000000000e+00 0.000000000000000000e+00 0.000000000000000000e+00 3.996593727721392497e+01 0.000000000000000000e+00 0.000000000000000000e+00 0.000000000000000000e+00 3.996593727721392497e+01
3.997135696875552924e+01 -0.000000000000000000e+00 0.000000000000000000e+00 0.000000000000000000e+00 3.997135696875552924e+01 0.000000000000000000e+00 0.000000000000000000e+00 0.000000000000000000e+00 3.997135696875552924e+01
3.998716983443431161e+01 -0.000000000000000000e+00 0.000000000000000000e+00 0.000000000000000000e+00 3.998716983443431161e+01 0.000000000000000000e+00 0.000000000000000000e+00 0.000000000000000000e+00 3.998716983443431161e+01
3.996509755981260525e+01 -0.000000000000000000e+00 0.000000000000000000e+00 0.000000000000000000e+00 3.996509755981260525e+01 0.000000000000000000e+00 0.000000000000000000e+00 0.000000000000000000e+00 3.996509755981260525e+01
3.997542112430716088e+01 -0.000000000000000000e+00 0.000000000000000000e+00 0.000000000000000000e+00 3.997542112430716088e+01 0.000000000000000000e+00 0.000000000000000000e+00 0.000000000000000000e+00 3.997542112430716088e+01
3.996580937328364769e+01 -0.000000000000000000e+00 0.000000000000000000e+00 0.000000000000000000e+00 3.996580937328364769e+01 0.000000000000000000e+00 0.000000000000000000e+00 0.000000000000000000e+00 3.996580937328364769e+01
3.999397039984172864e+01 -0.000000000000000000e+00 0.000000000000000000e+00 0.000000000000000000e+00 3.999397039984172864e+01 0.000000000000000000e+00 0.000000000000000000e+00 0.000000000000000000e+00 3.999397039984172864e+01
3.996298147598400163e+01 -0.000000000000000000e+00 0.000000000000000000e+00 0.000000000000000000e+00 3.996298147598400163e+01 0.000000000000000000e+00 0.000000000000000000e+00 0.000000000000000000e+00 3.996298147598400163e+01
3.995023077179094173e+01 -0.000000000000000000e+00 0.000000000000000000e+00 0.000000000000000000e+00 3.995023077179094173e+01 0.000000000000000000e+00 0.000000000000000000e+00 0.000000000000000000e+00 3.995023077179094173e+01
3.994741652421562605e+01 -0.000000000000000000e+00 0.000000000000000000e+00 0.000000000000000000e+00 3.994741652421562605e+01 0.000000000000000000e+00 0.000000000000000000e+00 0.000000000000000000e+00 3.994741652421562605e+01
3.998578749342206606e+01 -0.000000000000000000e+00 0.000000000000000000e+00 0.000000000000000000e+00 3.998578749342206606e+01 0.000000000000000000e+00 0.000000000000000000e+00 0.000000000000000000e+00 3.998578749342206606e+01
3.994870952204780679e+01 -0.000000000000000000e+00 0.000000000000000000e+00 0.000000000000000000e+00 3.994870952204780679e+01 0.000000000000000000e+00 0.000000000000000000e+00 0.000000000000000000e+00 3.994870952204780679e+01
3.997438742349808649e+01 -0.000000000000000000e+00 0.000000000000000000e+00 0.000000000000000000e+00 3.997438742349808649e+01 0.000000000000000000e+00 0.000000000000000000e+00 0.000000000000000000e+00 3.997438742349808649e+01
4.002981115578574389e+01 -0.000000000000000000e+00 0.000000000000000000e+00 0.000000000000000000e+00 4.002981115578574389e+01 0.000000000000000000e+00 0.000000000000000000e+00 0.000000000000000000e+00 4.002981115578574389e+01
4.000301188768372640e+01 -0.000000000000000000e+00 0.000000000000000000e+00 0.000000000000000000e+00 4.000301188768372640e+01 0.000000000000000000e+00 0.000000000000000000e+00 0.000000000000000000e+00 4.000301188768372640e+01
3.995561321704947488e+01 -0.000000000000000000e+00 0.000000000000000000e+00 0.000000000000000000e+00 3.995561321704947488e+01 0.000000000000000000e+00 0.000000000000000000e+00 0.000000000000000000e+00 3.995561321704947488e+01
3.995543566005676439e+01 -0.000000000000000000e+00 0.000000000000000000e+00 0.000000000000000000e+00 3.995543566005676439e+01 0.000000000000000000e+00 0.000000000000000000e+00 0.000000000000000000e+00 3.995543566005676439e+01
4.001800264882842839e+01 -0.000000000000000000e+00 0.000000000000000000e+00 0.000000000000000000e+00 4.001800264882842839e+01 0.000000000000000000e+00 0.000000000000000000e+00 0.000000000000000000e+00 4.001800264882842839e+01
3.994476353112864331e+01 -0.000000000000000000e+00 0.000000000000000000e+00 0.000000000000000000e+00 3.994476353112864331e+01 0.000000000000000000e+00 0.000000000000000000e+00 0.000000000000000000e+00 3.994476353112864331e+01
3.994061043820538259e+01 -0.000000000000000000e+00 0.000000000000000000e+00 0.000000000000000000e+00 3.994061043820538259e+01 0.000000000000000000e+00 0.000000000000000000e+00 0.000000000000000000e+00 3.994061043820538259e+01
3.995172386807385578e+01 -0.000000000000000000e+00 0.000000000000000000e+00 0.000000000000000000e+00 3.995172386807385578e+01 0.000000000000000000e+00 0.000000000000000000e+00 0.000000000000000000e+00 3.995172386807385578e+01
3.999148949053984126e+01 -0.000000000000000000e+00 0.000000000000000000e+00 0.000000000000000000e+00 3.999148949053984126e+01 0.000000000000000000e+00 0.000000000000000000e+00 0.000000000000000000e+00 3.999148949053984126e+01
3.994221818994454765e+01 -0.000000000000000000e+00 0.000000000000000000e+00 0.000000000000000000e+00 3.994221818994454765e+01 0.000000000000000000e+00 0.000000000000000000e+00 0.000000000000000000e+00 3.994221818994454765e+01
3.998986562955950319e+01 -0.000000000000000000e+00 0.000000000000000000e+00 0.000000000000000000e+00 3.998986562955950319e+01 0.000000000000000000e+00 0.000000000000000000e+00 0.000000000000000000e+00 3.998986562955950319e+01
3.995785633448258523e+01 -0.000000000000000000e+00 0.000000000000000000e+00 0.000000000000000000e+00 3.995785633448258523e+01 0.000000000000000000e+00 0.000000000000000000e+00 0.000000000000000000e+00 3.995785633448258523e+01
3.998070609527944441e+01 -0.000000000000000000e+00 0.000000000000000000e+00 0.000000000000000000e+00 3.998070609527944441e+01 0.000000000000000000e+00 0.000000000000000000e+00 0.000000000000000000e+00 3.998070609527944441e+01
3.996964804646620451e+01 -0.000000000000000000e+00 0.000000000000000000e+00 0.000000000000000000e+00 3.996964804646620451e+01 0.000000000000000000e+00 0.000000000000000000e+00 0.000000000000000000e+00 3.996964804646620451e+01
