3.972071343950390343e+01 -0.000000000000000000e+00 0.000000000000000000e+00 0.000000000000000000e+00 3.972071343950390343e+01 0.000000000000000000e+00 0.000000000000000000e+00 0.000000000000000000e+00 3.972071343950390343e+01
3.975156058731968756e+01 -0.000000000000000000e+00 0.000000000000000000e+00 0.000000000000000000e+00 3.975156058731968756e+01 0.000000000000000000e+00 0.000000000000000000e+00 0.000000000000000000e+00 3.975156058731968756e+01
3.977184126829430966e+01 -0.000000000000000000e+00 0.000000000000000000e+00 0.000000000000000000e+00 3.977184126829430966e+01 0.000000000000000000e+00 0.000000000000000000e+00 0.000000000000000000e+00 3.977184126829430966e+01
3.975618244645237809e+01 -0.000000000000000000e+00 0.000000000000000000e+00 0.000000000000000000e+00 3.975618244645237809e+01 0.000000000000000000e+00 0.000000000000000000e+00 0.000000000000000000e+00 3.975618244645237809e+01
3.975422479083498217e+01 -0.000000000000000000e+00 0.000000000000000000e+00 0.000000000000000000e+00 3.975422479083498217e+01 0.000000000000000000e+00 0.000000000000000000e+00 0.000000000000000000e+00 3.975422479083498217e+01
3.973747717424421211e+01 -0.000000000000000000e+00 0.000000000000000000e+00 0.000000000000000000e+00 3.973747717424421211e+01 0.000000000000000000e+00 0.000000000000000000e+00 0.000000000000000000e+00 3.973747717424421211e+01
3.974615831391425047e+01 -0.000000000000000000e+00 0.000000000000000000e+00 0.000000000000000000e+00 3.974615831391425047e+01 0.000000000000000000e+00 0.000000000000000000e+00 0.000000000000000000e+00 3.974615831391425047e+01
3.975243691556946146e+01 -0.000000000000000000e+00 0.000000000000000000e+00 0.000000000000000000e+00 3.975243691556946146e+01 0.000000000000000000e+00 0.000000000000000000e+00 0.000000000000000000e+00 3.975243691556946146e+01
3.972890368583473730e+01 -0.000000000000000000e+00 0.000000000000000000e+00 0.000000000000000000e+00 3.972890368583473730e+01 0.000000000000000000e+00 0.000000000000000000e+00 0.000000000000000000e+00 3.972890368583473730e+01
3.970170126562535273e+01 -0.000000000000000000e+00 0.000000000000000000e+00 0.000000000000000000e+00 3.970170126562535273e+01 0.000000000000000000e+00 0.000000000000000000e+00 0.000000000000000000e+00 3.970170126562535273e+01
3.974517284385970584e+01 -0.000000000000000000e+00 0.000000000000000000e+00 0.000000000000000000e+00 3.974517284385970584e+01 0.000000000000000000e+00 0.000000000000000000e+00 0.000000000000000000e+00 3.974517284385970584e+01
3.971216305461007323e+01 -0.000000000000000000e+00 0.000000000000000000e+00 0.000000000000000000e+00 3.971216305461007323e+01 0.000000000000000000e+00 0.000000000000000000e+00 0.000000000000000000e+00 3.971216305461007323e+01
3.972609275438328780e+01 -0.000000000000000000e+00 0.000000000000000000e+00 0.000000000000000000e+00 3.972609275438328780e+01 0.000000000000000000e+00 0.000000000000000000e+00 0.000000000000000000e+00 3.972609275438328780e+01
3.969235204478962942e+01 -0.000000000000000000e+00 0.000000000000000000e+00 0.000000000000000000e+00 3.969235204478962942e+01 0.000000000000000000e+00 0.000000000000000000e+00 0.000000000000000000e+00 3.969235204478962942e+01
3.974542073673842424e+01 -0.000000000000000000e+00 0.000000000000000000e+00 0.000000000000000000e+00 3.974542073673842424e+01 0.000000000000000000e+00 0.000000000000000000e+00 0.000000000000000000e+00 3.974542073673842424e+01
3.971215122423745925e+01 -0.000000000000000000e+00 0.000000000000000000e+00 0.000000000000000000e+00 3.971215122423745925e+01 0.000000000000000000e+00 0.000000000000000000e+00 0.000000000000000000e+00 3.971215122423745925e+01
3.972404274844255667e+01 -0.000000000000000000e+00 0.000000000000000000e+00 0.000000000000000000e+00 3.972404274844255667e+01 0.000000000000000000e+00 0.000000000000000000e+00 0.000000000000000000e+00 3.972404274844255667e+01
3.972354494803487768e+01 -0.000000000000000000e+00 0.000000000000000000e+00 0.000000000000000000e+00 3.972354494803487768e+01 0.000000000000000000e+00 0.000000000000000000e+00 0.000000000000000000e+00 3.972354494803487768e+01
3.972097328386681170e+01 -0.000000000000000000e+00 0.000000000000000000e+00 0.000000000000000000e+00 3.972097328386681170e+01 0.000000000000000000e+00 0.000000000000000000e+00 0.000000000000000000e+00 3.972097328386681170e+01
3.969333254552122270e+01 -0.000000000000000000e+00 0.000000000000000000e+00 0.000000000000000000e+00 3.969333254552122270e+01 0.000000000000000000e+00 0.000000000000000000e+00 0.000000000000000000e+00 3.969333254552122270e+01
3.973259709208311108e+01 -0.000000000000000000e+00 0.000000000000000000e+00 0.000000000000000000e+00 3.973259709208311108e+01 0.000000000000000000e+00 0.000000000000000000e+00 0.000000000000000000e+00 3.973259709208311108e+01
3.966424279701945466e+01 -0.000000000000000000e+00 0.000000000000000000e+00 0.000000000000000000e+00 3.966424279701945466e+01 0.000000000000000000e+00 0.000000000000000000e+00 0.000000000000000000e+00 3.966424279701945466e+01
3.972306174585658312e+01 -0.000000000000000000e+00 0.000000000000000000e+00 0.000000000000000000e+00 3.972306174585658312e+01 0.000000000000000000e+00 0.000000000000000000e+00 0.000000000000000000e+00 3.972306174585658312e+01
3.974112704980112198e+01 -0.000000000000000000e+00 0.000000000000000000e+00 0.000000000000000000e+00 3.974112704980112198e+01 0.000000000000000000e+00 0.000000000000000000e+00 0.000000000000000000e+00 3.974112704980112198e+01
3.969409717325365250e+01 -0.000000000000000000e+00 0.000000000000000000e+00 0.000000000000000000e+00 3.969409717325365250e+01 0.000000000000000000e+00 0.000000000000000000e+00 0.000000000000000000e+00 3.969409717325365250e+01
3.970863855997954772e+01 -0.000000000000000000e+00 0.000000000000000000e+00 0.000000000000000000e+00 3.970863855997954772e+01 0.000000000000000000e+00 0.000000000000000000e+00 0.000000000000000000e+00 3.970863855997954772e+01
3.972580030997429645e+01 -0.000000000000000000e+00 0.000000000000000000e+00 0.000000000000000000e+00 3.972580030997429645e+01 0.000000000000000000e+00 0.000000000000000000e+00 0.000000000000000000e+00 3.972580030997429645e+01
3.972077140737427214e+01 -0.000000000000000000e+00 0.000000000000000000e+00 0.000000000000000000e+00 3.972077140737427214e+01 0.000000000000000000e+00 0.000000000000000000e+00 0.000000000000000000e+00 3.972077140737427214e+01
3.971596216460821438e+01 -0.000000000000000000e+00 0.000000000000000000e+00 0.000000000000000000e+00 3.971596216460821438e+01 0.000000000000000000e+00 0.000000000000000000e+00 0.000000000000000000e+00 3.971596216460821438e+01
3.975491374524195010e+01 -0.000000000000000000e+00 0.000000000000000000e+00 0.000000000000000000e+00 3.975491374524195010e+01 0.000000000000000000e+00 0.000000000000000000e+00 0.000000000000000000e+00 3.975491374524195010e+01
3.971025179031983043e+01 -0.000000000000000000e+00 0.000000000000000000e+00 0.000000000000000000e+00 3.971025179031983043e+01 0.000000000000000000e+00 0.000000000000000000e+00 0.000000000000000000e+00 3.971025179031983043e+01
3.971387307212184226e+01 -0.000000000000000000e+00 0.000000000000000000e+00 0.000000000000000000e+00 3.971387307212184226e+01 0.000000000000000000e+00 0.000000000000000000e+00 0.000000000000000000e+00 3.971387307212184226e+01
3.967855891370400911e+01 -0.000000000000000000e+00 0.000000000000000000e+00 0.000000000000000000e+00 3.967855891370400911e+01 0.000000000000000000e+00 0.000000000000000000e+00 0.000000000000000000e+00 3.967855891370400911e+01
3.973505878710146533e+01 -0.000000000000000000e+00 0.000000000000000000e+00 0.000000000000000000e+00 3.973505878710146533e+01 0.000000000000000000e+00 0.000000000000000000e+00 0.000000000000000000e+00 3.973505878710146533e+01
3.967272940977011331e+01 -0.000000000000000000e+00 0.000000000000000000e+00 0.000000000000000000e+00 3.967272940977011331e+01 0.000000000000000000e+00 0.000000000000000000e+00 0.000000000000000000e+00 3.967272940977011331e+01
3.969440294678661019e+01 -0.000000000000000000e+00 0.000000000000000000e+00 0.000000000000000000e+00 3.969440294678661019e+01 0.000000000000000000e+00 0.000000000000000000e+00 0.000000000000000000e+00 3.969440294678661019e+01
3.968874372845736076e+01 -0.000000000000000000e+00 0.000000000000000000e+00 0.000000000000000000e+00 3.968874372845736076e+01 0.000000000000000000e+00 0.000000000000000000e+00 0.000000000000000000e+00 3.968874372845736076e+01
3.967817880224174587e+01 -0.000000000000000000e+00 0.000000000000000000e+00 0.000000000000000000e+00 3.967817880224174587e+01 0.000000000000000000e+00 0.000000000000000000e+00 0.000000000000000000e+00 3.967817880224174587e+01
3.969319052573655426e+01 -0.000000000000000000e+00 0.000000000000000000e+00 0.000000000000000000e+00 3.969319052573655426e+01 0.000000000000000000e+00 0.000000000000000000e+00 0.000000000000000000e+00 3.969319052573655426e+01
3.967942013620463371e+01 -0.000000000000000000e+00 0.000000000000000000e+00 0.000000000000000000e+00 3.967942013620463371e+01 0.000000000000000000e+00 0.000000000000000000e+00 0.000000000000000000e+00 3.967942013620463371e+01
3.965805548780336665e+01 -0.000000000000000000e+00 0.000000000000000000e+00 0.000000000000000000e+00 3.965805548780336665e+01 0.000000000000000000e+00 0.000000000000000000e+00 0.000000000000000000e+00 3.965805548780336665e+01
3.968666508752195909e+01 -0.000000000000000000e+00 0.000000000000000000e+00 0.000000000000000000e+00 3.968666508752195909e+01 0.000000000000000000e+00 0.000000000000000000e+00 0.000000000000000000e+00 3.968666508752195909e+01
3.968521114922822335e+01 -0.000000000000000000e+00 0.000000000000000000e+00 0.000000000000000000e+00 3.968521114922822335e+01 0.000000000000000000e+00 0.000000000000000000e+00 0.000000000000000000e+00 3.968521114922822335e+01
3.968220571389319673e+01 -0.000000000000000000e+00 0.000000000000000000e+00 0.000000000000000000e+00 3.968220571389319673e+01 0.000000000000000000e+00 0.000000000000000000e+00 0.000000000000000000e+00 3.968220571389319673e+01
3.968696954372654773e+01 -0.000000000000000000e+00 0.000000000000000000e+00 0.000000000000000000e+00 3.968696954372654773e+01 0.000000000000000000e+00 0.000000000000000000e+00 0.000000000000000000e+00 3.968696954372654773e+01
3.970145130097667163e+01 -0.000000000000000000e+00 0.000000000000000000e+00 0.000000000000000000e+00 3.970145130097667163e+01 0.000000000000000000e+00 0.000000000000000000e+00 0.000000000000000000e+00 3.970145130097667163e+01
3.967838441811267103e+01 -0.000000000000000000e+00 0.000000000000000000e+00 0.000000000000000000e+00 3.967838441811267103e+01 0.000000000000000000e+00 0.000000000000000000e+00 0.000000000000000000e+00 3.967838441811267103e+01
3.968365057787476502e+01 -0.000000000000000000e+00 0.000000000000000000e+00 0.000000000000000000e+00 3.968365057787476502e+01 0.000000000000000000e+00 0.000000000000000000e+00 0.000000000000000000e+00 3.968365057787476502e+01
3.965414770378392006e+01 -0.000000000000000000e+00 0.000000000000000000e+00 0.000000000000000000e+00 3.965414770378392006e+01 0.000000000000000000e+00 0.000000000000000000e+00 0.000000000000000000e+00 3.965414770378392006e+01
3.969116496281963435e+01 -0.000000000000000000e+00 0.000000000000000000e+00 0.000000000000000000e+00 3.969116496281963435e+01 0.000000000000000000e+00 0.000000000000000000e+00 0.000000000000000000e+00 3.969116496281963435e+01
3.966526185395727566e+01 -0.000000000000000000e+00 0.000000000000000000e+00 0.000000000000000000e+00 3.966526185395727566e+01 0.000000000000000000e+00 0.000000000000000000e+00 0.000000000000000000e+00 3.966526185395727566e+01
