4.008077947799833396e+01 -0.000000000000000000e+00 0.000000000000000000e+00 0.000000000000000000e+00 4.008077947799833396e+01 0.000000000000000000e+00 0.000000000000000000e+00 0.000000000000000000e+00 4.008077947799833396e+01
4.008961908096222970e+01 -0.000000000000000000e+00 0.000000000000000000e+00 0.000000000000000000e+00 4.008961908096222970e+01 0.000000000000000000e+00 0.000000000000000000e+00 0.000000000000000000e+00 4.008961908096222970e+01
4.006955727832180258e+01 -0.000000000000000000e+00 0.000000000000000000e+00 0.000000000000000000e+00 4.006955727832180258e+01 0.000000000000000000e+00 0.000000000000000000e+00 0.000000000000000000e+00 4.006955727832180258e+01
4.003855577444322478e+01 -0.000000000000000000e+00 0.000000000000000000e+00 0.000000000000000000e+00 4.003855577444322478e+01 0.000000000000000000e+00 0.000000000000000000e+00 0.000000000000000000e+00 4.003855577444322478e+01
4.004937010794176189e+01 -0.000000000000000000e+00 0.000000000000000000e+00 0.000000000000000000e+00 4.004937010794176189e+01 0.000000000000000000e+00 0.000000000000000000e+00 0.000000000000000000e+00 4.004937010794176189e+01
4.009229866667511999e+01 -0.000000000000000000e+00 0.000000000000000000e+00 0.000000000000000000e+00 4.009229866667511999e+01 0.000000000000000000e+00 0.000000000000000000e+00 0.000000000000000000e+00 4.009229866667511999e+01
4.009976929620640362e+01 -0.000000000000000000e+00 0.000000000000000000e+00 0.000000000000000000e+00 4.009976929620640362e+01 0.000000000000000000e+00 0.000000000000000000e+00 0.000000000000000000e+00 4.009976929620640362e+01
4.009003388279067792e+01 -0.000000000000000000e+00 0.000000000000000000e+00 0.000000000000000000e+00 4.009003388279067792e+01 0.000000000000000000e+00 0.000000000000000000e+00 0.000000000000000000e+00 4.009003388279067792e+01
4.007794105087569392e+01 -0.000000000000000000e+00 0.000000000000000000e+00 0.000000000000000000e+00 4.007794105087569392e+01 0.000000000000000000e+00 0.000000000000000000e+00 0.000000000000000000e+00 4.007794105087569392e+01
4.009970459260820519e+01 -0.000000000000000000e+00 0.000000000000000000e+00 0.000000000000000000e+00 4.009970459260820519e+01 0.000000000000000000e+00 0.000000000000000000e+00 0.000000000000000000e+00 4.009970459260820519e+01
4.011191322123124792e+01 -0.000000000000000000e+00 0.000000000000000000e+00 0.000000000000000000e+00 4.011191322123124792e+01 0.000000000000000000e+00 0.000000000000000000e+00 0.000000000000000000e+00 4.011191322123124792e+01
4.005746980233168841e+01 -0.000000000000000000e+00 0.000000000000000000e+00 0.000000000000000000e+00 4.005746980233168841e+01 0.000000000000000000e+00 0.000000000000000000e+00 0.000000000000000000e+00 4.005746980233168841e+01
4.008450931318431287e+01 -0.000000000000000000e+00 0.000000000000000000e+00 0.000000000000000000e+00 4.008450931318431287e+01 0.000000000000000000e+00 0.000000000000000000e+00 0.000000000000000000e+00 4.008450931318431287e+01
4.010468874103403891e+01 -0.000000000000000000e+00 0.000000000000000000e+00 0.000000000000000000e+00 4.010468874103403891e+01 0.000000000000000000e+00 0.000000000000000000e+00 0.000000000000000000e+00 4.010468874103403891e+01
4.005878876724908366e+01 -0.000000000000000000e+00 0.000000000000000000e+00 0.000000000000000000e+00 4.005878876724908366e+01 0.000000000000000000e+00 0.000000000000000000e+00 0.000000000000000000e+00 4.005878876724908366e+01
4.002162691604324607e+01 -0.000000000000000000e+00 0.000000000000000000e+00 0.000000000000000000e+00 4.002162691604324607e+01 0.000000000000000000e+00 0.000000000000000000e+00 0.000000000000000000e+00 4.002162691604324607e+01
4.008485870290812159e+01 -0.000000000000000000e+00 0.000000000000000000e+00 0.000000000000000000e+00 4.008485870290812159e+01 0.000000000000000000e+00 0.000000000000000000e+00 0.000000000000000000e+00 4.008485870290812159e+01
4.008066275910100984e+01 -0.000000000000000000e+00 0.000000000000000000e+00 0.000000000000000000e+00 4.008066275910100984e+01 0.000000000000000000e+00 0.000000000000000000e+00 0.000000000000000000e+00 4.008066275910100984e+01
4.008002054668095582e+01 -0.000000000000000000e+00 0.000000000000000000e+00 0.000000000000000000e+00 4.008002054668095582e+01 0.000000000000000000e+00 0.000000000000000000e+00 0.000000000000000000e+00 4.008002054668095582e+01
4.005953975636560926e+01 -0.000000000000000000e+00 0.000000000000000000e+00 0.000000000000000000e+00 4.005953975636560926e+01 0.000000000000000000e+00 0.000000000000000000e+00 0.000000000000000000e+00 4.005953975636560926e+01
4.000629645756787767e+01 -0.000000000000000000e+00 0.000000000000000000e+00 0.000000000000000000e+00 4.000629645756787767e+01 0.000000000000000000e+00 0.000000000000000000e+00 0.000000000000000000e+00 4.000629645756787767e+01
4.007906189611277625e+01 -0.000000000000000000e+00 0.000000000000000000e+00 0.000000000000000000e+00 4.007906189611277625e+01 0.000000000000000000e+00 0.000000000000000000e+00 0.000000000000000000e+00 4.007906189611277625e+01
4.007212981045223898e+01 -0.000000000000000000e+00 0.000000000000000000e+00 0.000000000000000000e+00 4.007212981045223898e+01 0.000000000000000000e+00 0.000000000000000000e+00 0.000000000000000000e+00 4.007212981045223898e+01
4.009888580951693626e+01 -0.000000000000000000e+00 0.000000000000000000e+00 0.000000000000000000e+00 4.009888580951693626e+01 0.000000000000000000e+00 0.000000000000000000e+00 0.000000000000000000e+00 4.009888580951693626e+01
4.009612009733019278e+01 -0.000000000000000000e+00 0.000000000000000000e+00 0.000000000000000000e+00 4.009612009733019278e+01 0.000000000000000000e+00 0.000000000000000000e+00 0.000000000000000000e+00 4.009612009733019278e+01
4.008044074179386485e+01 -0.000000000000000000e+00 0.000000000000000000e+00 0.000000000000000000e+00 4.008044074179386485e+01 0.000000000000000000e+00 0.000000000000000000e+00 0.000000000000000000e+00 4.008044074179386485e+01
4.003626907566331283e+01 -0.000000000000000000e+00 0.000000000000000000e+00 0.000000000000000000e+00 4.003626907566331283e+01 0.000000000000000000e+00 0.000000000000000000e+00 0.000000000000000000e+00 4.003626907566331283e+01
4.004792803295428882e+01 -0.000000000000000000e+00 0.000000000000000000e+00 0.000000000000000000e+00 4.004792803295428882e+01 0.000000000000000000e+00 0.000000000000000000e+00 0.000000000000000000e+00 4.004792803295428882e+01
4.007699924624944288e+01 -0.000000000000000000e+00 0.000000000000000000e+00 0.000000000000000000e+00 4.007699924624944288e+01 0.000000000000000000e+00 0.000000000000000000e+00 0.000000000000000000e+00 4.007699924624944288e+01
4.008200673221395505e+01 -0.000000000000000000e+00 0.000000000000000000e+00 0.000000000000000000e+00 4.008200673221395505e+01 0.000000000000000000e+00 0.000000000000000000e+00 0.000000000000000000e+00 4.008200673221395505e+01
4.006110730048938251e+01 -0.000000000000000000e+00 0.000000000000000000e+00 0.000000000000000000e+00 4.006110730048938251e+01 0.000000000000000000e+00 0.000000000000000000e+00 0.000000000000000000e+00 4.006110730048938251e+01
4.011262170442027752e+01 -0.000000000000000000e+00 0.000000000000000000e+00 0.000000000000000000e+00 4.011262170442027752e+01 0.000000000000000000e+00 0.000000000000000000e+00 0.000000000000000000e+00 4.011262170442027752e+01
4.010141301047369211e+01 -0.000000000000000000e+00 0.000000000000000000e+00 0.000000000000000000e+00 4.010141301047369211e+01 0.000000000000000000e+00 0.000000000000000000e+00 0.000000000000000000e+00 4.010141301047369211e+01
4.005370993082840414e+01 -0.000000000000000000e+00 0.000000000000000000e+00 0.000000000000000000e+00 4.005370993082840414e+01 0.000000000000000000e+00 0.000000000000000000e+00 0.000000000000000000e+00 4.005370993082840414e+01
4.007694379610655488e+01 -0.000000000000000000e+00 0.000000000000000000e+00 0.000000000000000000e+00 4.007694379610655488e+01 0.000000000000000000e+00 0.000000000000000000e+00 0.000000000000000000e+00 4.007694379610655488e+01
4.004863915930988583e+01 -0.000000000000000000e+00 0.000000000000000000e+00 0.000000000000000000e+00 4.004863915930988583e+01 0.000000000000000000e+00 0.000000000000000000e+00 0.000000000000000000e+00 4.004863915930988583e+01
4.002767591653925194e+01 -0.000000000000000000e+00 0.000000000000000000e+00 0.000000000000000000e+00 4.002767591653925194e+01 0.000000000000000000e+00 0.000000000000000000e+00 0.000000000000000000e+00 4.002767591653925194e+01
4.006657942602191724e+01 -0.000000000000000000e+00 0.000000000000000000e+00 0.000000000000000000e+00 4.006657942602191724e+01 0.000000000000000000e+00 0.000000000000000000e+00 0.000000000000000000e+00 4.006657942602191724e+01
4.005829520960850232e+01 -0.000000000000000000e+00 0.000000000000000000e+00 0.000000000000000000e+00 4.005829520960850232e+01 0.000000000000000000e+00 0.000000000000000000e+00 0.000000000000000000e+00 4.005829520960850232e+01
4.004303915193224839e+01 -0.000000000000000000e+00 0.000000000000000000e+00 0.000000000000000000e+00 4.004303915193224839e+01 0.000000000000000000e+00 0.000000000000000000e+00 0.000000000000000000e+00 4.004303915193224839e+01
4.004191456919699732e+01 -0.000000000000000000e+00 0.000000000000000000e+00 0.000000000000000000e+00 4.004191456919699732e+01 0.000000000000000000e+00 0.000000000000000000e+00 0.000000000000000000e+00 4.004191456919699732e+01
4.007997901496746351e+01 -0.000000000000000000e+00 0.000000000000000000e+00 0.000000000000000000e+00 4.007997901496746351e+01 0.000000000000000000e+00 0.000000000000000000e+00 0.000000000000000000e+00 4.007997901496746351e+01
4.012629071821051951e+01 -0.000000000000000000e+00 0.000000000000000000e+00 0.000000000000000000e+00 4.012629071821051951e+01 0.000000000000000000e+00 0.000000000000000000e+00 0.000000000000000000e+00 4.012629071821051951e+01
4.007115270465301649e+01 -0.000000000000000000e+00 0.000000000000000000e+00 0.000000000000000000e+00 4.007115270465301649e+01 0.000000000000000000e+00 0.000000000000000000e+00 0.000000000000000000e+00 4.007115270465301649e+01
4.007303713635431563e+01 -0.000000000000000000e+00 0.000000000000000000e+00 0.000000000000000000e+00 4.007303713635431563e+01 0.000000000000000000e+00 0.000000000000000000e+00 0.000000000000000000e+00 4.007303713635431563e+01
4.008085742001261309e+01 -0.000000000000000000e+00 0.000000000000000000e+00 0.000000000000000000e+00 4.008085742001261309e+01 0.000000000000000000e+00 0.000000000000000000e+00 0.000000000000000000e+00 4.008085742001261309e+01
4.009933377684266276e+01 -0.000000000000000000e+00 0.000000000000000000e+00 0.000000000000000000e+00 4.009933377684266276e+01 0.000000000000000000e+00 0.000000000000000000e+00 0.000000000000000000e+00 4.009933377684266276e+01
4.011438144175764364e+01 -0.000000000000000000e+00 0.000000000000000000e+00 0.000000000000000000e+00 4.011438144175764364e+01 0.000000000000000000e+00 0.000000000000000000e+00 0.000000000000000000e+00 4.011438144175764364e+01
4.011893594131651497e+01 -0.000000000000000000e+00 0.000000000000000000e+00 0.000000000000000000e+00 4.011893594131651497e+01 0.000000000000000000e+00 0.000000000000000000e+00 0.000000000000000000e+00 4.011893594131651497e+01
4.003134147912130913e+01 -0.000000000000000000e+00 0.000000000000000000e+00 0.000000000000000000e+00 4.003134147912130913e+01 0.000000000000000000e+00 0.000000000000000000e+00 0.000000000000000000e+00 4.003134147912130913e+01
4.004189649974775023e+01 -0.000000000000000000e+00 0.000000000000000000e+00 0.000000000000000000e+00 4.004189649974775023e+01 0.000000000000000000e+00 0.000000000000000000e+00 0.000000000000000000e+00 4.004189649974775023e+01
