3.965431971086327678e+01 -0.000000000000000000e+00 0.000000000000000000e+00 0.000000000000000000e+00 3.965431971086327678e+01 0.000000000000000000e+00 0.000000000000000000e+00 0.000000000000000000e+00 3.965431971086327678e+01
3.965387148217828894e+01 -0.000000000000000000e+00 0.000000000000000000e+00 0.000000000000000000e+00 3.965387148217828894e+01 0.000000000000000000e+00 0.000000000000000000e+00 0.000000000000000000e+00 3.965387148217828894e+01
3.966720605276003653e+01 -0.000000000000000000e+00 0.000000000000000000e+00 0.000000000000000000e+00 3.966720605276003653e+01 0.000000000000000000e+00 0.000000000000000000e+00 0.000000000000000000e+00 3.966720605276003653e+01
3.968203559033921124e+01 -0.000000000000000000e+00 0.000000000000000000e+00 0.000000000000000000e+00 3.968203559033921124e+01 0.000000000000000000e+00 0.000000000000000000e+00 0.000000000000000000e+00 3.968203559033921124e+01
3.965081498278746608e+01 -0.000000000000000000e+00 0.000000000000000000e+00 0.000000000000000000e+00 3.965081498278746608e+01 0.000000000000000000e+00 0.000000000000000000e+00 0.000000000000000000e+00 3.965081498278746608e+01
3.967545154312427513e+01 -0.000000000000000000e+00 0.000000000000000000e+00 0.000000000000000000e+00 3.967545154312427513e+01 0.000000000000000000e+00 0.000000000000000000e+00 0.000000000000000000e+00 3.967545154312427513e+01
3.962865339640547546e+01 -0.000000000000000000e+00 0.000000000000000000e+00 0.000000000000000000e+00 3.962865339640547546e+01 0.000000000000000000e+00 0.000000000000000000e+00 0.000000000000000000e+00 3.962865339640547546e+01
3.965984774529773915e+01 -0.000000000000000000e+00 0.000000000000000000e+00 0.000000000000000000e+00 3.965984774529773915e+01 0.000000000000000000e+00 0.000000000000000000e+00 0.000000000000000000e+00 3.965984774529773915e+01
3.961820502938792288e+01 -0.000000000000000000e+00 0.000000000000000000e+00 0.000000000000000000e+00 3.961820502938792288e+01 0.000000000000000000e+00 0.000000000000000000e+00 0.000000000000000000e+00 3.961820502938792288e+01
3.960019194546792676e+01 -0.000000000000000000e+00 0.000000000000000000e+00 0.000000000000000000e+00 3.960019194546792676e+01 0.000000000000000000e+00 0.000000000000000000e+00 0.000000000000000000e+00 3.960019194546792676e+01
3.966561766772913700e+01 -0.000000000000000000e+00 0.000000000000000000e+00 0.000000000000000000e+00 3.966561766772913700e+01 0.000000000000000000e+00 0.000000000000000000e+00 0.000000000000000000e+00 3.966561766772913700e+01
3.964459301251773837e+01 -0.000000000000000000e+00 0.000000000000000000e+00 0.000000000000000000e+00 3.964459301251773837e+01 0.000000000000000000e+00 0.000000000000000000e+00 0.000000000000000000e+00 3.964459301251773837e+01
3.962530920826905145e+01 -0.000000000000000000e+00 0.000000000000000000e+00 0.000000000000000000e+00 3.962530920826905145e+01 0.000000000000000000e+00 0.000000000000000000e+00 0.000000000000000000e+00 3.962530920826905145e+01
3.964675745831530662e+01 -0.000000000000000000e+00 0.000000000000000000e+00 0.000000000000000000e+00 3.964675745831530662e+01 0.000000000000000000e+00 0.000000000000000000e+00 0.000000000000000000e+00 3.964675745831530662e+01
3.959996283052213073e+01 -0.000000000000000000e+00 0.000000000000000000e+00 0.000000000000000000e+00 3.959996283052213073e+01 0.000000000000000000e+00 0.000000000000000000e+00 0.000000000000000000e+00 3.959996283052213073e+01
3.962384302749158849e+01 -0.000000000000000000e+00 0.000000000000000000e+00 0.000000000000000000e+00 3.962384302749158849e+01 0.000000000000000000e+00 0.000000000000000000e+00 0.000000000000000000e+00 3.962384302749158849e+01
3.961957507421211488e+01 -0.000000000000000000e+00 0.000000000000000000e+00 0.000000000000000000e+00 3.961957507421211488e+01 0.000000000000000000e+00 0.000000000000000000e+00 0.000000000000000000e+00 3.961957507421211488e+01
3.961986832419014348e+01 -0.000000000000000000e+00 0.000000000000000000e+00 0.000000000000000000e+00 3.961986832419014348e+01 0.000000000000000000e+00 0.000000000000000000e+00 0.000000000000000000e+00 3.961986832419014348e+01
3.964880138636726770e+01 -0.000000000000000000e+00 0.000000000000000000e+00 0.000000000000000000e+00 3.964880138636726770e+01 0.000000000000000000e+00 0.000000000000000000e+00 0.000000000000000000e+00 3.964880138636726770e+01
3.961899552813831349e+01 -0.000000000000000000e+00 0.000000000000000000e+00 0.000000000000000000e+00 3.961899552813831349e+01 0.000000000000000000e+00 0.000000000000000000e+00 0.000000000000000000e+00 3.961899552813831349e+01
3.963173719910280823e+01 -0.000000000000000000e+00 0.000000000000000000e+00 0.000000000000000000e+00 3.963173719910280823e+01 0.000000000000000000e+00 0.000000000000000000e+00 0.000000000000000000e+00 3.963173719910280823e+01
3.961023029934345629e+01 -0.000000000000000000e+00 0.000000000000000000e+00 0.000000000000000000e+00 3.961023029934345629e+01 0.000000000000000000e+00 0.000000000000000000e+00 0.000000000000000000e+00 3.961023029934345629e+01
3.957892225798984498e+01 -0.000000000000000000e+00 0.000000000000000000e+00 0.000000000000000000e+00 3.957892225798984498e+01 0.000000000000000000e+00 0.000000000000000000e+00 0.000000000000000000e+00 3.957892225798984498e+01
3.961278845310365426e+01 -0.000000000000000000e+00 0.000000000000000000e+00 0.000000000000000000e+00 3.961278845310365426e+01 0.000000000000000000e+00 0.000000000000000000e+00 0.000000000000000000e+00 3.961278845310365426e+01
3.962091593649790866e+01 -0.000000000000000000e+00 0.000000000000000000e+00 0.000000000000000000e+00 3.962091593649790866e+01 0.000000000000000000e+00 0.000000000000000000e+00 0.000000000000000000e+00 3.962091593649790866e+01
3.962176200616644195e+01 -0.000000000000000000e+00 0.000000000000000000e+00 0.000000000000000000e+00 3.962176200616644195e+01 0.000000000000000000e+00 0.000000000000000000e+00 0.000000000000000000e+00 3.962176200616644195e+01
3.962055763508828932e+01 -0.000000000000000000e+00 0.000000000000000000e+00 0.000000000000000000e+00 3.962055763508828932e+01 0.000000000000000000e+00 0.000000000000000000e+00 0.000000000000000000e+00 3.962055763508828932e+01
3.959535757673830147e+01 -0.000000000000000000e+00 0.000000000000000000e+00 0.000000000000000000e+00 3.959535757673830147e+01 0.000000000000000000e+00 0.000000000000000000e+00 0.000000000000000000e+00 3.959535757673830147e+01
3.959483735300541696e+01 -0.000000000000000000e+00 0.000000000000000000e+00 0.000000000000000000e+00 3.959483735300541696e+01 0.000000000000000000e+00 0.000000000000000000e+00 0.000000000000000000e+00 3.959483735300541696e+01
3.962640240388326163e+01 -0.000000000000000000e+00 0.000000000000000000e+00 0.000000000000000000e+00 3.962640240388326163e+01 0.000000000000000000e+00 0.000000000000000000e+00 0.000000000000000000e+00 3.962640240388326163e+01
3.960898248961057533e+01 -0.000000000000000000e+00 0.000000000000000000e+00 0.000000000000000000e+00 3.960898248961057533e+01 0.000000000000000000e+00 0.000000000000000000e+00 0.000000000000000000e+00 3.960898248961057533e+01
3.961700415268380482e+01 -0.000000000000000000e+00 0.000000000000000000e+00 0.000000000000000000e+00 3.961700415268380482e+01 0.000000000000000000e+00 0.000000000000000000e+00 0.000000000000000000e+00 3.961700415268380482e+01
3.960539176211930368e+01 -0.000000000000000000e+00 0.000000000000000000e+00 0.000000000000000000e+00 3.960539176211930368e+01 0.000000000000000000e+00 0.000000000000000000e+00 0.000000000000000000e+00 3.960539176211930368e+01
3.961207337222518277e+01 -0.000000000000000000e+00 0.000000000000000000e+00 0.000000000000000000e+00 3.961207337222518277e+01 0.000000000000000000e+00 0.000000000000000000e+00 0.000000000000000000e+00 3.961207337222518277e+01
3.960650472646833009e+01 -0.000000000000000000e+00 0.000000000000000000e+00 0.000000000000000000e+00 3.960650472646833009e+01 0.000000000000000000e+00 0.000000000000000000e+00 0.000000000000000000e+00 3.960650472646833009e+01
3.959362900830459608e+01 -0.000000000000000000e+00 0.000000000000000000e+00 0.000000000000000000e+00 3.959362900830459608e+01 0.000000000000000000e+00 0.000000000000000000e+00 0.000000000000000000e+00 3.959362900830459608e+01
3.960804663183570540e+01 -0.000000000000000000e+00 0.000000000000000000e+00 0.000000000000000000e+00 3.960804663183570540e+01 0.000000000000000000e+00 0.000000000000000000e+00 0.000000000000000000e+00 3.960804663183570540e+01
3.959411256870629359e+01 -0.000000000000000000e+00 0.000000000000000000e+00 0.000000000000000000e+00 3.959411256870629359e+01 0.000000000000000000e+00 0.000000000000000000e+00 0.000000000000000000e+00 3.959411256870629359e+01
3.958064976762049980e+01 -0.000000000000000000e+00 0.000000000000000000e+00 0.000000000000000000e+00 3.958064976762049980e+01 0.000000000000000000e+00 0.000000000000000000e+00 0.000000000000000000e+00 3.958064976762049980e+01
3.957536178541707272e+01 -0.000000000000000000e+00 0.000000000000000000e+00 0.000000000000000000e+00 3.957536178541707272e+01 0.000000000000000000e+00 0.000000000000000000e+00 0.000000000000000000e+00 3.957536178541707272e+01
3.956806736267252944e+01 -0.000000000000000000e+00 0.000000000000000000e+00 0.000000000000000000e+00 3.956806736267252944e+01 0.000000000000000000e+00 0.000000000000000000e+00 0.000000000000000000e+00 3.956806736267252944e+01
3.957742076652537833e+01 -0.000000000000000000e+00 0.000000000000000000e+00 0.000000000000000000e+00 3.957742076652537833e+01 0.000000000000000000e+00 0.000000000000000000e+00 0.000000000000000000e+00 3.957742076652537833e+01
3.958750964020526908e+01 -0.000000000000000000e+00 0.000000000000000000e+00 0.000000000000000000e+00 3.958750964020526908e+01 0.000000000000000000e+00 0.000000000000000000e+00 0.000000000000000000e+00 3.958750964020526908e+01
3.958328938160036614e+01 -0.000000000000000000e+00 0.000000000000000000e+00 0.000000000000000000e+00 3.958328938160036614e+01 0.000000000000000000e+00 0.000000000000000000e+00 0.000000000000000000e+00 3.958328938160036614e+01
3.958753264820472850e+01 -0.000000000000000000e+00 0.000000000000000000e+00 0.000000000000000000e+00 3.958753264820472850e+01 0.000000000000000000e+00 0.000000000000000000e+00 0.000000000000000000e+00 3.958753264820472850e+01
3.956431568775623475e+01 -0.000000000000000000e+00 0.000000000000000000e+00 0.000000000000000000e+00 3.956431568775623475e+01 0.000000000000000000e+00 0.000000000000000000e+00 0.000000000000000000e+00 3.956431568775623475e+01
3.954996447173026297e+01 -0.000000000000000000e+00 0.000000000000000000e+00 0.000000000000000000e+00 3.954996447173026297e+01 0.000000000000000000e+00 0.000000000000000000e+00 0.000000000000000000e+00 3.954996447173026297e+01
3.955810168322449272e+01 -0.000000000000000000e+00 0.000000000000000000e+00 0.000000000000000000e+00 3.955810168322449272e+01 0.000000000000000000e+00 0.000000000000000000e+00 0.000000000000000000e+00 3.955810168322449272e+01
3.957933855719764438e+01 -0.000000000000000000e+00 0.000000000000000000e+00 0.000000000000000000e+00 3.957933855719764438e+01 0.000000000000000000e+00 0.000000000000000000e+00 0.000000000000000000e+00 3.957933855719764438e+01
3.954693523976987279e+01 -0.000000000000000000e+00 0.000000000000000000e+00 0.000000000000000000e+00 3.954693523976987279e+01 0.000000000000000000e+00 0.000000000000000000e+00 0.000000000000000000e+00 3.954693523976987279e+01
3.955249186077112711e+01 -0.000000000000000000e+00 0.000000000000000000e+00 0.000000000000000000e+00 3.955249186077112711e+01 0.000000000000000000e+00 0.000000000000000000e+00 0.000000000000000000e+00 3.955249186077112711e+01
