4.003066651000216325e+01 -0.000000000000000000e+00 0.000000000000000000e+00 0.000000000000000000e+00 4.003066651000216325e+01 0.000000000000000000e+00 0.000000000000000000e+00 0.000000000000000000e+00 4.003066651000216325e+01
3.999640355526243241e+01 -0.000000000000000000e+00 0.000000000000000000e+00 0.000000000000000000e+00 3.999640355526243241e+01 0.000000000000000000e+00 0.000000000000000000e+00 0.000000000000000000e+00 3.999640355526243241e+01
4.001542384095883165e+01 -0.000000000000000000e+00 0.000000000000000000e+00 0.000000000000000000e+00 4.001542384095883165e+01 0.000000000000000000e+00 0.000000000000000000e+00 0.000000000000000000e+00 4.001542384095883165e+01
4.003897653962164327e+01 -0.000000000000000000e+00 0.000000000000000000e+00 0.000000000000000000e+00 4.003897653962164327e+01 0.000000000000000000e+00 0.000000000000000000e+00 0.000000000000000000e+00 4.003897653962164327e+01
3.999319294963335381e+01 -0.000000000000000000e+00 0.000000000000000000e+00 0.000000000000000000e+00 3.999319294963335381e+01 0.000000000000000000e+00 0.000000000000000000e+00 0.000000000000000000e+00 3.999319294963335381e+01
4.001788245113871767e+01 -0.000000000000000000e+00 0.000000000000000000e+00 0.000000000000000000e+00 4.001788245113871767e+01 0.000000000000000000e+00 0.000000000000000000e+00 0.000000000000000000e+00 4.001788245113871767e+01
4.003387344098848644e+01 -0.000000000000000000e+00 0.000000000000000000e+00 0.000000000000000000e+00 4.003387344098848644e+01 0.000000000000000000e+00 0.000000000000000000e+00 0.000000000000000000e+00 4.003387344098848644e+01
4.003738493386245523e+01 -0.000000000000000000e+00 0.000000000000000000e+00 0.000000000000000000e+00 4.003738493386245523e+01 0.000000000000000000e+00 0.000000000000000000e+00 0.000000000000000000e+00 4.003738493386245523e+01
4.000149887160389284e+01 -0.000000000000000000e+00 0.000000000000000000e+00 0.000000000000000000e+00 4.000149887160389284e+01 0.000000000000000000e+00 0.000000000000000000e+00 0.000000000000000000e+00 4.000149887160389284e+01
3.998449754315595328e+01 -0.000000000000000000e+00 0.000000000000000000e+00 0.000000000000000000e+00 3.998449754315595328e+01 0.000000000000000000e+00 0.000000000000000000e+00 0.000000000000000000e+00 3.998449754315595328e+01
4.003976615967559383e+01 -0.000000000000000000e+00 0.000000000000000000e+00 0.000000000000000000e+00 4.003976615967559383e+01 0.000000000000000000e+00 0.000000000000000000e+00 0.000000000000000000e+00 4.003976615967559383e+01
4.001437274602614025e+01 -0.000000000000000000e+00 0.000000000000000000e+00 0.000000000000000000e+00 4.001437274602614025e+01 0.000000000000000000e+00 0.000000000000000000e+00 0.000000000000000000e+00 4.001437274602614025e+01
3.994421182095590694e+01 -0.000000000000000000e+00 0.000000000000000000e+00 0.000000000000000000e+00 3.994421182095590694e+01 0.000000000000000000e+00 0.000000000000000000e+00 0.000000000000000000e+00 3.994421182095590694e+01
4.000113286130941503e+01 -0.000000000000000000e+00 0.000000000000000000e+00 0.000000000000000000e+00 4.000113286130941503e+01 0.000000000000000000e+00 0.000000000000000000e+00 0.000000000000000000e+00 4.000113286130941503e+01
4.001113908438860278e+01 -0.000000000000000000e+00 0.000000000000000000e+00 0.000000000000000000e+00 4.001113908438860278e+01 0.000000000000000000e+00 0.000000000000000000e+00 0.000000000000000000e+00 4.001113908438860278e+01
3.999192173641780812e+01 -0.000000000000000000e+00 0.000000000000000000e+00 0.000000000000000000e+00 3.999192173641780812e+01 0.000000000000000000e+00 0.000000000000000000e+00 0.000000000000000000e+00 3.999192173641780812e+01
4.002536881108125044e+01 -0.000000000000000000e+00 0.000000000000000000e+00 0.000000000000000000e+00 4.002536881108125044e+01 0.000000000000000000e+00 0.000000000000000000e+00 0.000000000000000000e+00 4.002536881108125044e+01
3.999743166754396384e+01 -0.000000000000000000e+00 0.000000000000000000e+00 0.000000000000000000e+00 3.999743166754396384e+01 0.000000000000000000e+00 0.000000000000000000e+00 0.000000000000000000e+00 3.999743166754396384e+01
3.998415325095439243e+01 -0.000000000000000000e+00 0.000000000000000000e+00 0.000000000000000000e+00 3.998415325095439243e+01 0.000000000000000000e+00 0.000000000000000000e+00 0.000000000000000000e+00 3.998415325095439243e+01
4.003267873176800151e+01 -0.000000000000000000e+00 0.000000000000000000e+00 0.000000000000000000e+00 4.003267873176800151e+01 0.000000000000000000e+00 0.000000000000000000e+00 0.000000000000000000e+00 4.003267873176800151e+01
3.998095060410282997e+01 -0.000000000000000000e+00 0.000000000000000000e+00 0.000000000000000000e+00 3.998095060410282997e+01 0.000000000000000000e+00 0.000000000000000000e+00 0.000000000000000000e+00 3.998095060410282997e+01
4.000480194332925521e+01 -0.000000000000000000e+00 0.000000000000000000e+00 0.000000000000000000e+00 4.000480194332925521e+01 0.000000000000000000e+00 0.000000000000000000e+00 0.000000000000000000e+00 4.000480194332925521e+01
3.998661213452757579e+01 -0.000000000000000000e+00 0.000000000000000000e+00 0.000000000000000000e+00 3.998661213452757579e+01 0.000000000000000000e+00 0.000000000000000000e+00 0.000000000000000000e+00 3.998661213452757579e+01
3.997751984136076686e+01 -0.000000000000000000e+00 0.000000000000000000e+00 0.000000000000000000e+00 3.997751984136076686e+01 0.000000000000000000e+00 0.000000000000000000e+00 0.000000000000000000e+00 3.997751984136076686e+01
3.998177123379831954e+01 -0.000000000000000000e+00 0.000000000000000000e+00 0.000000000000000000e+00 3.998177123379831954e+01 0.000000000000000000e+00 0.000000000000000000e+00 0.000000000000000000e+00 3.998177123379831954e+01
3.998890153972948980e+01 -0.000000000000000000e+00 0.000000000000000000e+00 0.000000000000000000e+00 3.998890153972948980e+01 0.000000000000000000e+00 0.000000000000000000e+00 0.000000000000000000e+00 3.998890153972948980e+01
4.002385213000960107e+01 -0.000000000000000000e+00 0.000000000000000000e+00 0.000000000000000000e+00 4.002385213000960107e+01 0.000000000000000000e+00 0.000000000000000000e+00 0.000000000000000000e+00 4.002385213000960107e+01
3.997756028168768694e+01 -0.000000000000000000e+00 0.000000000000000000e+00 0.000000000000000000e+00 3.997756028168768694e+01 0.000000000000000000e+00 0.000000000000000000e+00 0.000000000000000000e+00 3.997756028168768694e+01
3.998908840379012020e+01 -0.000000000000000000e+00 0.000000000000000000e+00 0.000000000000000000e+00 3.998908840379012020e+01 0.000000000000000000e+00 0.000000000000000000e+00 0.000000000000000000e+00 3.998908840379012020e+01
4.001258753137803126e+01 -0.000000000000000000e+00 0.000000000000000000e+00 0.000000000000000000e+00 4.001258753137803126e+01 0.000000000000000000e+00 0.000000000000000000e+00 0.000000000000000000e+00 4.001258753137803126e+01
3.997572069682892959e+01 -0.000000000000000000e+00 0.000000000000000000e+00 0.000000000000000000e+00 3.997572069682892959e+01 0.000000000000000000e+00 0.000000000000000000e+00 0.000000000000000000e+00 3.997572069682892959e+01
3.995009769255449328e+01 -0.000000000000000000e+00 0.000000000000000000e+00 0.000000000000000000e+00 3.995009769255449328e+01 0.000000000000000000e+00 0.000000000000000000e+00 0.000000000000000000e+00 3.995009769255449328e+01
3.995168321696331759e+01 -0.000000000000000000e+00 0.000000000000000000e+00 0.000000000000000000e+00 3.995168321696331759e+01 0.000000000000000000e+00 0.000000000000000000e+00 0.000000000000000000e+00 3.995168321696331759e+01
4.000110877131503173e+01 -0.000000000000000000e+00 0.000000000000000000e+00 0.000000000000000000e+00 4.000110877131503173e+01 0.000000000000000000e+00 0.000000000000000000e+00 0.000000000000000000e+00 4.000110877131503173e+01
3.994971264001905098e+01 -0.000000000000000000e+00 0.000000000000000000e+00 0.000000000000000000e+00 3.994971264001905098e+01 0.000000000000000000e+00 0.000000000000000000e+00 0.000000000000000000e+00 3.994971264001905098e+01
3.994135404098614117e+01 -0.000000000000000000e+00 0.000000000000000000e+00 0.000000000000000000e+00 3.994135404098614117e+01 0.000000000000000000e+00 0.000000000000000000e+00 0.000000000000000000e+00 3.994135404098614117e+01
3.999231209276843657e+01 -0.000000000000000000e+00 0.000000000000000000e+00 0.000000000000000000e+00 3.999231209276843657e+01 0.000000000000000000e+00 0.000000000000000000e+00 0.000000000000000000e+00 3.999231209276843657e+01
3.995839838060800275e+01 -0.000000000000000000e+00 0.000000000000000000e+00 0.000000000000000000e+00 3.995839838060800275e+01 0.000000000000000000e+00 0.000000000000000000e+00 0.000000000000000000e+00 3.995839838060800275e+01
3.997986001617516649e+01 -0.000000000000000000e+00 0.000000000000000000e+00 0.000000000000000000e+00 3.997986001617516649e+01 0.000000000000000000e+00 0.000000000000000000e+00 0.000000000000000000e+00 3.997986001617516649e+01
3.998730399596109919e+01 -0.000000000000000000e+00 0.000000000000000000e+00 0.000000000000000000e+00 3.998730399596109919e+01 0.000000000000000000e+00 0.000000000000000000e+00 0.000000000000000000e+00 3.998730399596109919e+01
3.998314389127240531e+01 -0.000000000000000000e+00 0.000000000000000000e+00 0.000000000000000000e+00 3.998314389127240531e+01 0.000000000000000000e+00 0.000000000000000000e+00 0.000000000000000000e+00 3.998314389127240531e+01
3.999492036789808935e+01 -0.000000000000000000e+00 0.000000000000000000e+00 0.000000000000000000e+00 3.999492036789808935e+01 0.000000000000000000e+00 0.000000000000000000e+00 0.000000000000000000e+00 3.999492036789808935e+01
3.996460967983897206e+01 -0.000000000000000000e+00 0.000000000000000000e+00 0.000000000000000000e+00 3.996460967983897206e+01 0.000000000000000000e+00 0.000000000000000000e+00 0.000000000000000000e+00 3.996460967983897206e+01
3.998141697005510764e+01 -0.000000000000000000e+00 0.000000000000000000e+00 0.000000000000000000e+00 3.998141697005510764e+01 0.000000000000000000e+00 0.000000000000000000e+00 0.000000000000000000e+00 3.998141697005510764e+01
3.998472443181073288e+01 -0.000000000000000000e+00 0.000000000000000000e+00 0.000000000000000000e+00 3.998472443181073288e+01 0.000000000000000000e+00 0.000000000000000000e+00 0.000000000000000000e+00 3.998472443181073288e+01
3.997402186556881531e+01 -0.000000000000000000e+00 0.000000000000000000e+00 0.000000000000000000e+00 3.997402186556881531e+01 0.000000000000000000e+00 0.000000000000000000e+00 0.000000000000000000e+00 3.997402186556881531e+01
3.994882502800243174e+01 -0.000000000000000000e+00 0.000000000000000000e+00 0.000000000000000000e+00 3.994882502800243174e+01 0.000000000000000000e+00 0.000000000000000000e+00 0.000000000000000000e+00 3.994882502800243174e+01
3.998599582024559140e+01 -0.000000000000000000e+00 0.000000000000000000e+00 0.000000000000000000e+00 3.998599582024559140e+01 0.000000000000000000e+00 0.000000000000000000e+00 0.000000000000000000e+00 3.998599582024559140e+01
4.001233821307144467e+01 -0.000000000000000000e+00 0.000000000000000000e+00 0.000000000000000000e+00 4.001233821307144467e+01 0.000000000000000000e+00 0.000000000000000000e+00 0.000000000000000000e+00 4.001233821307144467e+01
3.999826552517209421e+01 -0.000000000000000000e+00 0.000000000000000000e+00 0.000000000000000000e+00 3.999826552517209421e+01 0.000000000000000000e+00 0.000000000000000000e+00 0.000000000000000000e+00 3.999826552517209421e+01
3.999642209402045268e+01 -0.000000000000000000e+00 0.000000000000000000e+00 0.000000000000000000e+00 3.999642209402045268e+01 0.000000000000000000e+00 0.000000000000000000e+00 0.000000000000000000e+00 3.999642209402045268e+01
