3.983471857392763127e+01 -0.000000000000000000e+00 0.000000000000000000e+00 0.000000000000000000e+00 3.983471857392763127e+01 0.000000000000000000e+00 0.000000000000000000e+00 0.000000000000000000e+00 3.983471857392763127e+01
3.981311250508454691e+01 -0.000000000000000000e+00 0.000000000000000000e+00 0.000000000000000000e+00 3.981311250508454691e+01 0.000000000000000000e+00 0.000000000000000000e+00 0.000000000000000000e+00 3.981311250508454691e+01
3.984823753559946624e+01 -0.000000000000000000e+00 0.000000000000000000e+00 0.000000000000000000e+00 3.984823753559946624e+01 0.000000000000000000e+00 0.000000000000000000e+00 0.000000000000000000e+00 3.984823753559946624e+01
3.988228094059476803e+01 -0.000000000000000000e+00 0.000000000000000000e+00 0.000000000000000000e+00 3.988228094059476803e+01 0.000000000000000000e+00 0.000000000000000000e+00 0.000000000000000000e+00 3.988228094059476803e+01
3.982442144041621646e+01 -0.000000000000000000e+00 0.000000000000000000e+00 0.000000000000000000e+00 3.982442144041621646e+01 0.000000000000000000e+00 0.000000000000000000e+00 0.000000000000000000e+00 3.982442144041621646e+01
3.985222011145290111e+01 -0.000000000000000000e+00 0.000000000000000000e+00 0.000000000000000000e+00 3.985222011145290111e+01 0.000000000000000000e+00 0.000000000000000000e+00 0.000000000000000000e+00 3.985222011145290111e+01
3.984245743471872458e+01 -0.000000000000000000e+00 0.000000000000000000e+00 0.000000000000000000e+00 3.984245743471872458e+01 0.000000000000000000e+00 0.000000000000000000e+00 0.000000000000000000e+00 3.984245743471872458e+01
3.984737946357667226e+01 -0.000000000000000000e+00 0.000000000000000000e+00 0.000000000000000000e+00 3.984737946357667226e+01 0.000000000000000000e+00 0.000000000000000000e+00 0.000000000000000000e+00 3.984737946357667226e+01
3.983525853116002935e+01 -0.000000000000000000e+00 0.000000000000000000e+00 0.000000000000000000e+00 3.983525853116002935e+01 0.000000000000000000e+00 0.000000000000000000e+00 0.000000000000000000e+00 3.983525853116002935e+01
3.981602889995957639e+01 -0.000000000000000000e+00 0.000000000000000000e+00 0.000000000000000000e+00 3.981602889995957639e+01 0.000000000000000000e+00 0.000000000000000000e+00 0.000000000000000000e+00 3.981602889995957639e+01
3.988492415508257949e+01 -0.000000000000000000e+00 0.000000000000000000e+00 0.000000000000000000e+00 3.988492415508257949e+01 0.000000000000000000e+00 0.000000000000000000e+00 0.000000000000000000e+00 3.988492415508257949e+01
3.983676347159503450e+01 -0.000000000000000000e+00 0.000000000000000000e+00 0.000000000000000000e+00 3.983676347159503450e+01 0.000000000000000000e+00 0.000000000000000000e+00 0.000000000000000000e+00 3.983676347159503450e+01
3.982215126620008050e+01 -0.000000000000000000e+00 0.000000000000000000e+00 0.000000000000000000e+00 3.982215126620008050e+01 0.000000000000000000e+00 0.000000000000000000e+00 0.000000000000000000e+00 3.982215126620008050e+01
3.984547363085393812e+01 -0.000000000000000000e+00 0.000000000000000000e+00 0.000000000000000000e+00 3.984547363085393812e+01 0.000000000000000000e+00 0.000000000000000000e+00 0.000000000000000000e+00 3.984547363085393812e+01
3.981711626864496623e+01 -0.000000000000000000e+00 0.000000000000000000e+00 0.000000000000000000e+00 3.981711626864496623e+01 0.000000000000000000e+00 0.000000000000000000e+00 0.000000000000000000e+00 3.981711626864496623e+01
3.982841701411399526e+01 -0.000000000000000000e+00 0.000000000000000000e+00 0.000000000000000000e+00 3.982841701411399526e+01 0.000000000000000000e+00 0.000000000000000000e+00 0.000000000000000000e+00 3.982841701411399526e+01
3.984099072062065972e+01 -0.000000000000000000e+00 0.000000000000000000e+00 0.000000000000000000e+00 3.984099072062065972e+01 0.000000000000000000e+00 0.000000000000000000e+00 0.000000000000000000e+00 3.984099072062065972e+01
3.984488169138415259e+01 -0.000000000000000000e+00 0.000000000000000000e+00 0.000000000000000000e+00 3.984488169138415259e+01 0.000000000000000000e+00 0.000000000000000000e+00 0.000000000000000000e+00 3.984488169138415259e+01
3.983512245930599960e+01 -0.000000000000000000e+00 0.000000000000000000e+00 0.000000000000000000e+00 3.983512245930599960e+01 0.000000000000000000e+00 0.000000000000000000e+00 0.000000000000000000e+00 3.983512245930599960e+01
3.985951552786100649e+01 -0.000000000000000000e+00 0.000000000000000000e+00 0.000000000000000000e+00 3.985951552786100649e+01 0.000000000000000000e+00 0.000000000000000000e+00 0.000000000000000000e+00 3.985951552786100649e+01
3.983599955755306610e+01 -0.000000000000000000e+00 0.000000000000000000e+00 0.000000000000000000e+00 3.983599955755306610e+01 0.000000000000000000e+00 0.000000000000000000e+00 0.000000000000000000e+00 3.983599955755306610e+01
3.985562765661089202e+01 -0.000000000000000000e+00 0.000000000000000000e+00 0.000000000000000000e+00 3.985562765661089202e+01 0.000000000000000000e+00 0.000000000000000000e+00 0.000000000000000000e+00 3.985562765661089202e+01
3.984903259036710210e+01 -0.000000000000000000e+00 0.000000000000000000e+00 0.000000000000000000e+00 3.984903259036710210e+01 0.000000000000000000e+00 0.000000000000000000e+00 0.000000000000000000e+00 3.984903259036710210e+01
3.983854553647502428e+01 -0.000000000000000000e+00 0.000000000000000000e+00 0.000000000000000000e+00 3.983854553647502428e+01 0.000000000000000000e+00 0.000000000000000000e+00 0.000000000000000000e+00 3.983854553647502428e+01
3.986610279637120868e+01 -0.000000000000000000e+00 0.000000000000000000e+00 0.000000000000000000e+00 3.986610279637120868e+01 0.000000000000000000e+00 0.000000000000000000e+00 0.000000000000000000e+00 3.986610279637120868e+01
3.984995975580471139e+01 -0.000000000000000000e+00 0.000000000000000000e+00 0.000000000000000000e+00 3.984995975580471139e+01 0.000000000000000000e+00 0.000000000000000000e+00 0.000000000000000000e+00 3.984995975580471139e+01
3.983661226744972339e+01 -0.000000000000000000e+00 0.000000000000000000e+00 0.000000000000000000e+00 3.983661226744972339e+01 0.000000000000000000e+00 0.000000000000000000e+00 0.000000000000000000e+00 3.983661226744972339e+01
3.982516607249529272e+01 -0.000000000000000000e+00 0.000000000000000000e+00 0.000000000000000000e+00 3.982516607249529272e+01 0.000000000000000000e+00 0.000000000000000000e+00 0.000000000000000000e+00 3.982516607249529272e+01
3.984287104598055862e+01 -0.000000000000000000e+00 0.000000000000000000e+00 0.000000000000000000e+00 3.984287104598055862e+01 0.000000000000000000e+00 0.000000000000000000e+00 0.000000000000000000e+00 3.984287104598055862e+01
3.982641300210124768e+01 -0.000000000000000000e+00 0.000000000000000000e+00 0.000000000000000000e+00 3.982641300210124768e+01 0.000000000000000000e+00 0.000000000000000000e+00 0.000000000000000000e+00 3.982641300210124768e+01
3.978552587047138900e+01 -0.000000000000000000e+00 0.000000000000000000e+00 0.000000000000000000e+00 3.978552587047138900e+01 0.000000000000000000e+00 0.000000000000000000e+00 0.000000000000000000e+00 3.978552587047138900e+01
3.983574938403940990e+01 -0.000000000000000000e+00 0.000000000000000000e+00 0.000000000000000000e+00 3.983574938403940990e+01 0.000000000000000000e+00 0.000000000000000000e+00 0.000000000000000000e+00 3.983574938403940990e+01
3.988622692165129990e+01 -0.000000000000000000e+00 0.000000000000000000e+00 0.000000000000000000e+00 3.988622692165129990e+01 0.000000000000000000e+00 0.000000000000000000e+00 0.000000000000000000e+00 3.988622692165129990e+01
3.980669975374974712e+01 -0.000000000000000000e+00 0.000000000000000000e+00 0.000000000000000000e+00 3.980669975374974712e+01 0.000000000000000000e+00 0.000000000000000000e+00 0.000000000000000000e+00 3.980669975374974712e+01
3.980801448979349288e+01 -0.000000000000000000e+00 0.000000000000000000e+00 0.000000000000000000e+00 3.980801448979349288e+01 0.000000000000000000e+00 0.000000000000000000e+00 0.000000000000000000e+00 3.980801448979349288e+01
3.983789786344476624e+01 -0.000000000000000000e+00 0.000000000000000000e+00 0.000000000000000000e+00 3.983789786344476624e+01 0.000000000000000000e+00 0.000000000000000000e+00 0.000000000000000000e+00 3.983789786344476624e+01
3.981910977740027846e+01 -0.000000000000000000e+00 0.000000000000000000e+00 0.000000000000000000e+00 3.981910977740027846e+01 0.000000000000000000e+00 0.000000000000000000e+00 0.000000000000000000e+00 3.981910977740027846e+01
3.984215558240430255e+01 -0.000000000000000000e+00 0.000000000000000000e+00 0.000000000000000000e+00 3.984215558240430255e+01 0.000000000000000000e+00 0.000000000000000000e+00 0.000000000000000000e+00 3.984215558240430255e+01
3.980003633919739769e+01 -0.000000000000000000e+00 0.000000000000000000e+00 0.000000000000000000e+00 3.980003633919739769e+01 0.000000000000000000e+00 0.000000000000000000e+00 0.000000000000000000e+00 3.980003633919739769e+01
3.984142058905209183e+01 -0.000000000000000000e+00 0.000000000000000000e+00 0.000000000000000000e+00 3.984142058905209183e+01 0.000000000000000000e+00 0.000000000000000000e+00 0.000000000000000000e+00 3.984142058905209183e+01
3.979252362469746629e+01 -0.000000000000000000e+00 0.000000000000000000e+00 0.000000000000000000e+00 3.979252362469746629e+01 0.000000000000000000e+00 0.000000000000000000e+00 0.000000000000000000e+00 3.979252362469746629e+01
3.983080173962436987e+01 -0.000000000000000000e+00 0.000000000000000000e+00 0.000000000000000000e+00 3.983080173962436987e+01 0.000000000000000000e+00 0.000000000000000000e+00 0.000000000000000000e+00 3.983080173962436987e+01
3.981534308161258195e+01 -0.000000000000000000e+00 0.000000000000000000e+00 0.000000000000000000e+00 3.981534308161258195e+01 0.000000000000000000e+00 0.000000000000000000e+00 0.000000000000000000e+00 3.981534308161258195e+01
3.979024550792468062e+01 -0.000000000000000000e+00 0.000000000000000000e+00 0.000000000000000000e+00 3.979024550792468062e+01 0.000000000000000000e+00 0.000000000000000000e+00 0.000000000000000000e+00 3.979024550792468062e+01
3.983206404827298286e+01 -0.000000000000000000e+00 0.000000000000000000e+00 0.000000000000000000e+00 3.983206404827298286e+01 0.000000000000000000e+00 0.000000000000000000e+00 0.000000000000000000e+00 3.983206404827298286e+01
3.979815656661855883e+01 -0.000000000000000000e+00 0.000000000000000000e+00 0.000000000000000000e+00 3.979815656661855883e+01 0.000000000000000000e+00 0.000000000000000000e+00 0.000000000000000000e+00 3.979815656661855883e+01
3.983561678375168924e+01 -0.000000000000000000e+00 0.000000000000000000e+00 0.000000000000000000e+00 3.983561678375168924e+01 0.000000000000000000e+00 0.000000000000000000e+00 0.000000000000000000e+00 3.983561678375168924e+01
3.981356841982628225e+01 -0.000000000000000000e+00 0.000000000000000000e+00 0.000000000000000000e+00 3.981356841982628225e+01 0.000000000000000000e+00 0.000000000000000000e+00 0.000000000000000000e+00 3.981356841982628225e+01
3.979524620925913325e+01 -0.000000000000000000e+00 0.000000000000000000e+00 0.000000000000000000e+00 3.979524620925913325e+01 0.000000000000000000e+00 0.000000000000000000e+00 0.000000000000000000e+00 3.979524620925913325e+01
3.983478433044486877e+01 -0.000000000000000000e+00 0.000000000000000000e+00 0.000000000000000000e+00 3.983478433044486877e+01 0.000000000000000000e+00 0.000000000000000000e+00 0.000000000000000000e+00 3.983478433044486877e+01
3.978190208281053231e+01 -0.000000000000000000e+00 0.000000000000000000e+00 0.000000000000000000e+00 3.978190208281053231e+01 0.000000000000000000e+00 0.000000000000000000e+00 0.000000000000000000e+00 3.978190208281053231e+01
