4.014373247366454933e+01 -0.000000000000000000e+00 0.000000000000000000e+00 0.000000000000000000e+00 4.014373247366454933e+01 0.000000000000000000e+00 0.000000000000000000e+00 0.000000000000000000e+00 4.014373247366454933e+01
4.012095250433873161e+01 -0.000000000000000000e+00 0.000000000000000000e+00 0.000000000000000000e+00 4.012095250433873161e+01 0.000000000000000000e+00 0.000000000000000000e+00 0.000000000000000000e+00 4.012095250433873161e+01
4.009998392907326092e+01 -0.000000000000000000e+00 0.000000000000000000e+00 0.000000000000000000e+00 4.009998392907326092e+01 0.000000000000000000e+00 0.000000000000000000e+00 0.000000000000000000e+00 4.009998392907326092e+01
4.006685758110826612e+01 -0.000000000000000000e+00 0.000000000000000000e+00 0.000000000000000000e+00 4.006685758110826612e+01 0.000000000000000000e+00 0.000000000000000000e+00 0.000000000000000000e+00 4.006685758110826612e+01
4.013305650384848633e+01 -0.000000000000000000e+00 0.000000000000000000e+00 0.000000000000000000e+00 4.013305650384848633e+01 0.000000000000000000e+00 0.000000000000000000e+00 0.000000000000000000e+00 4.013305650384848633e+01
4.006650327730245920e+01 -0.000000000000000000e+00 0.000000000000000000e+00 0.000000000000000000e+00 4.006650327730245920e+01 0.000000000000000000e+00 0.000000000000000000e+00 0.000000000000000000e+00 4.006650327730245920e+01
4.011881214752779101e+01 -0.000000000000000000e+00 0.000000000000000000e+00 0.000000000000000000e+00 4.011881214752779101e+01 0.000000000000000000e+00 0.000000000000000000e+00 0.000000000000000000e+00 4.011881214752779101e+01
4.014826140257302711e+01 -0.000000000000000000e+00 0.000000000000000000e+00 0.000000000000000000e+00 4.014826140257302711e+01 0.000000000000000000e+00 0.000000000000000000e+00 0.000000000000000000e+00 4.014826140257302711e+01
4.012200752390658209e+01 -0.000000000000000000e+00 0.000000000000000000e+00 0.000000000000000000e+00 4.012200752390658209e+01 0.000000000000000000e+00 0.000000000000000000e+00 0.000000000000000000e+00 4.012200752390658209e+01
4.008994222494409598e+01 -0.000000000000000000e+00 0.000000000000000000e+00 0.000000000000000000e+00 4.008994222494409598e+01 0.000000000000000000e+00 0.000000000000000000e+00 0.000000000000000000e+00 4.008994222494409598e+01
4.016225630439546990e+01 -0.000000000000000000e+00 0.000000000000000000e+00 0.000000000000000000e+00 4.016225630439546990e+01 0.000000000000000000e+00 0.000000000000000000e+00 0.000000000000000000e+00 4.016225630439546990e+01
4.014631379205874850e+01 -0.000000000000000000e+00 0.000000000000000000e+00 0.000000000000000000e+00 4.014631379205874850e+01 0.000000000000000000e+00 0.000000000000000000e+00 0.000000000000000000e+00 4.014631379205874850e+01
4.013797587412182111e+01 -0.000000000000000000e+00 0.000000000000000000e+00 0.000000000000000000e+00 4.013797587412182111e+01 0.000000000000000000e+00 0.000000000000000000e+00 0.000000000000000000e+00 4.013797587412182111e+01
4.013715198727827271e+01 -0.000000000000000000e+00 0.000000000000000000e+00 0.000000000000000000e+00 4.013715198727827271e+01 0.000000000000000000e+00 0.000000000000000000e+00 0.000000000000000000e+00 4.013715198727827271e+01
4.013582982601973015e+01 -0.000000000000000000e+00 0.000000000000000000e+00 0.000000000000000000e+00 4.013582982601973015e+01 0.000000000000000000e+00 0.000000000000000000e+00 0.000000000000000000e+00 4.013582982601973015e+01
4.010897204904244973e+01 -0.000000000000000000e+00 0.000000000000000000e+00 0.000000000000000000e+00 4.010897204904244973e+01 0.000000000000000000e+00 0.000000000000000000e+00 0.000000000000000000e+00 4.010897204904244973e+01
4.009021123967707467e+01 -0.000000000000000000e+00 0.000000000000000000e+00 0.000000000000000000e+00 4.009021123967707467e+01 0.000000000000000000e+00 0.000000000000000000e+00 0.000000000000000000e+00 4.009021123967707467e+01
4.008791523052178718e+01 -0.000000000000000000e+00 0.000000000000000000e+00 0.000000000000000000e+00 4.008791523052178718e+01 0.000000000000000000e+00 0.000000000000000000e+00 0.000000000000000000e+00 4.008791523052178718e+01
4.009963164548163661e+01 -0.000000000000000000e+00 0.000000000000000000e+00 0.000000000000000000e+00 4.009963164548163661e+01 0.000000000000000000e+00 0.000000000000000000e+00 0.000000000000000000e+00 4.009963164548163661e+01
4.016115884223869159e+01 -0.000000000000000000e+00 0.000000000000000000e+00 0.000000000000000000e+00 4.016115884223869159e+01 0.000000000000000000e+00 0.000000000000000000e+00 0.000000000000000000e+00 4.016115884223869159e+01
4.008250524215827681e+01 -0.000000000000000000e+00 0.000000000000000000e+00 0.000000000000000000e+00 4.008250524215827681e+01 0.000000000000000000e+00 0.000000000000000000e+00 0.000000000000000000e+00 4.008250524215827681e+01
4.010989057419797632e+01 -0.000000000000000000e+00 0.000000000000000000e+00 0.000000000000000000e+00 4.010989057419797632e+01 0.000000000000000000e+00 0.000000000000000000e+00 0.000000000000000000e+00 4.010989057419797632e+01
4.008719932156758148e+01 -0.000000000000000000e+00 0.000000000000000000e+00 0.000000000000000000e+00 4.008719932156758148e+01 0.000000000000000000e+00 0.000000000000000000e+00 0.000000000000000000e+00 4.008719932156758148e+01
4.005647333410657041e+01 -0.000000000000000000e+00 0.000000000000000000e+00 0.000000000000000000e+00 4.005647333410657041e+01 0.000000000000000000e+00 0.000000000000000000e+00 0.000000000000000000e+00 4.005647333410657041e+01
4.009784092133325828e+01 -0.000000000000000000e+00 0.000000000000000000e+00 0.000000000000000000e+00 4.009784092133325828e+01 0.000000000000000000e+00 0.000000000000000000e+00 0.000000000000000000e+00 4.009784092133325828e+01
4.008824051503877683e+01 -0.000000000000000000e+00 0.000000000000000000e+00 0.000000000000000000e+00 4.008824051503877683e+01 0.000000000000000000e+00 0.000000000000000000e+00 0.000000000000000000e+00 4.008824051503877683e+01
4.010838252575014451e+01 -0.000000000000000000e+00 0.000000000000000000e+00 0.000000000000000000e+00 4.010838252575014451e+01 0.000000000000000000e+00 0.000000000000000000e+00 0.000000000000000000e+00 4.010838252575014451e+01
4.010498979599521618e+01 -0.000000000000000000e+00 0.000000000000000000e+00 0.000000000000000000e+00 4.010498979599521618e+01 0.000000000000000000e+00 0.000000000000000000e+00 0.000000000000000000e+00 4.010498979599521618e+01
4.007790666114507871e+01 -0.000000000000000000e+00 0.000000000000000000e+00 0.000000000000000000e+00 4.007790666114507871e+01 0.000000000000000000e+00 0.000000000000000000e+00 0.000000000000000000e+00 4.007790666114507871e+01
4.008763630876696027e+01 -0.000000000000000000e+00 0.000000000000000000e+00 0.000000000000000000e+00 4.008763630876696027e+01 0.000000000000000000e+00 0.000000000000000000e+00 0.000000000000000000e+00 4.008763630876696027e+01
4.007466110189230335e+01 -0.000000000000000000e+00 0.000000000000000000e+00 0.000000000000000000e+00 4.007466110189230335e+01 0.000000000000000000e+00 0.000000000000000000e+00 0.000000000000000000e+00 4.007466110189230335e+01
4.014888829888262478e+01 -0.000000000000000000e+00 0.000000000000000000e+00 0.000000000000000000e+00 4.014888829888262478e+01 0.000000000000000000e+00 0.000000000000000000e+00 0.000000000000000000e+00 4.014888829888262478e+01
4.011504302038200365e+01 -0.000000000000000000e+00 0.000000000000000000e+00 0.000000000000000000e+00 4.011504302038200365e+01 0.000000000000000000e+00 0.000000000000000000e+00 0.000000000000000000e+00 4.011504302038200365e+01
4.008820151857148062e+01 -0.000000000000000000e+00 0.000000000000000000e+00 0.000000000000000000e+00 4.008820151857148062e+01 0.000000000000000000e+00 0.000000000000000000e+00 0.000000000000000000e+00 4.008820151857148062e+01
4.010727038216835894e+01 -0.000000000000000000e+00 0.000000000000000000e+00 0.000000000000000000e+00 4.010727038216835894e+01 0.000000000000000000e+00 0.000000000000000000e+00 0.000000000000000000e+00 4.010727038216835894e+01
4.010136159051883453e+01 -0.000000000000000000e+00 0.000000000000000000e+00 0.000000000000000000e+00 4.010136159051883453e+01 0.000000000000000000e+00 0.000000000000000000e+00 0.000000000000000000e+00 4.010136159051883453e+01
4.007281699467523595e+01 -0.000000000000000000e+00 0.000000000000000000e+00 0.000000000000000000e+00 4.007281699467523595e+01 0.000000000000000000e+00 0.000000000000000000e+00 0.000000000000000000e+00 4.007281699467523595e+01
4.008679580094414518e+01 -0.000000000000000000e+00 0.000000000000000000e+00 0.000000000000000000e+00 4.008679580094414518e+01 0.000000000000000000e+00 0.000000000000000000e+00 0.000000000000000000e+00 4.008679580094414518e+01
4.006906222348310109e+01 -0.000000000000000000e+00 0.000000000000000000e+00 0.000000000000000000e+00 4.006906222348310109e+01 0.000000000000000000e+00 0.000000000000000000e+00 0.000000000000000000e+00 4.006906222348310109e+01
4.011005930495000626e+01 -0.000000000000000000e+00 0.000000000000000000e+00 0.000000000000000000e+00 4.011005930495000626e+01 0.000000000000000000e+00 0.000000000000000000e+00 0.000000000000000000e+00 4.011005930495000626e+01
4.007097180542086790e+01 -0.000000000000000000e+00 0.000000000000000000e+00 0.000000000000000000e+00 4.007097180542086790e+01 0.000000000000000000e+00 0.000000000000000000e+00 0.000000000000000000e+00 4.007097180542086790e+01
4.009381290576732226e+01 -0.000000000000000000e+00 0.000000000000000000e+00 0.000000000000000000e+00 4.009381290576732226e+01 0.000000000000000000e+00 0.000000000000000000e+00 0.000000000000000000e+00 4.009381290576732226e+01
4.013988095068302187e+01 -0.000000000000000000e+00 0.000000000000000000e+00 0.000000000000000000e+00 4.013988095068302187e+01 0.000000000000000000e+00 0.000000000000000000e+00 0.000000000000000000e+00 4.013988095068302187e+01
4.007561114489637077e+01 -0.000000000000000000e+00 0.000000000000000000e+00 0.000000000000000000e+00 4.007561114489637077e+01 0.000000000000000000e+00 0.000000000000000000e+00 0.000000000000000000e+00 4.007561114489637077e+01
4.007434361192855476e+01 -0.000000000000000000e+00 0.000000000000000000e+00 0.000000000000000000e+00 4.007434361192855476e+01 0.000000000000000000e+00 0.000000000000000000e+00 0.000000000000000000e+00 4.007434361192855476e+01
4.008971462328179314e+01 -0.000000000000000000e+00 0.000000000000000000e+00 0.000000000000000000e+00 4.008971462328179314e+01 0.000000000000000000e+00 0.000000000000000000e+00 0.000000000000000000e+00 4.008971462328179314e+01
4.006963533640234232e+01 -0.000000000000000000e+00 0.000000000000000000e+00 0.000000000000000000e+00 4.006963533640234232e+01 0.000000000000000000e+00 0.000000000000000000e+00 0.000000000000000000e+00 4.006963533640234232e+01
4.010469524012759734e+01 -0.000000000000000000e+00 0.000000000000000000e+00 0.000000000000000000e+00 4.010469524012759734e+01 0.000000000000000000e+00 0.000000000000000000e+00 0.000000000000000000e+00 4.010469524012759734e+01
4.005015036149554675e+01 -0.000000000000000000e+00 0.000000000000000000e+00 0.000000000000000000e+00 4.005015036149554675e+01 0.000000000000000000e+00 0.000000000000000000e+00 0.000000000000000000e+00 4.005015036149554675e+01
4.007711366686896071e+01 -0.000000000000000000e+00 0.000000000000000000e+00 0.000000000000000000e+00 4.007711366686896071e+01 0.000000000000000000e+00 0.000000000000000000e+00 0.000000000000000000e+00 4.007711366686896071e+01
4.008077947799833396e+01 -0.000000000000000000e+00 0.000000000000000000e+00 0.000000000000000000e+00 4.008077947799833396e+01 0.000000000000000000e+00 0.000000000000000000e+00 0.000000000000000000e+00 4.008077947799833396e+01
