3.978190208281053231e+01 -0.000000000000000000e+00 0.000000000000000000e+00 0.000000000000000000e+00 3.978190208281053231e+01 0.000000000000000000e+00 0.000000000000000000e+00 0.000000000000000000e+00 3.978190208281053231e+01
3.983454918210732387e+01 -0.000000000000000000e+00 0.000000000000000000e+00 0.000000000000000000e+00 3.983454918210732387e+01 0.000000000000000000e+00 0.000000000000000000e+00 0.000000000000000000e+00 3.983454918210732387e+01
3.983192223003970156e+01 -0.000000000000000000e+00 0.000000000000000000e+00 0.000000000000000000e+00 3.983192223003970156e+01 0.000000000000000000e+00 0.000000000000000000e+00 0.000000000000000000e+00 3.983192223003970156e+01
3.982586139779952106e+01 -0.000000000000000000e+00 0.000000000000000000e+00 0.000000000000000000e+00 3.982586139779952106e+01 0.000000000000000000e+00 0.000000000000000000e+00 0.000000000000000000e+00 3.982586139779952106e+01
3.978344318860843742e+01 -0.000000000000000000e+00 0.000000000000000000e+00 0.000000000000000000e+00 3.978344318860843742e+01 0.000000000000000000e+00 0.000000000000000000e+00 0.000000000000000000e+00 3.978344318860843742e+01
3.979474929237782987e+01 -0.000000000000000000e+00 0.000000000000000000e+00 0.000000000000000000e+00 3.979474929237782987e+01 0.000000000000000000e+00 0.000000000000000000e+00 0.000000000000000000e+00 3.979474929237782987e+01
3.978945918596765807e+01 -0.000000000000000000e+00 0.000000000000000000e+00 0.000000000000000000e+00 3.978945918596765807e+01 0.000000000000000000e+00 0.000000000000000000e+00 0.000000000000000000e+00 3.978945918596765807e+01
3.978369761490637302e+01 -0.000000000000000000e+00 0.000000000000000000e+00 0.000000000000000000e+00 3.978369761490637302e+01 0.000000000000000000e+00 0.000000000000000000e+00 0.000000000000000000e+00 3.978369761490637302e+01
3.981611852480276781e+01 -0.000000000000000000e+00 0.000000000000000000e+00 0.000000000000000000e+00 3.981611852480276781e+01 0.000000000000000000e+00 0.000000000000000000e+00 0.000000000000000000e+00 3.981611852480276781e+01
3.982171337492731311e+01 -0.000000000000000000e+00 0.000000000000000000e+00 0.000000000000000000e+00 3.982171337492731311e+01 0.000000000000000000e+00 0.000000000000000000e+00 0.000000000000000000e+00 3.982171337492731311e+01
3.977774825995209085e+01 -0.000000000000000000e+00 0.000000000000000000e+00 0.000000000000000000e+00 3.977774825995209085e+01 0.000000000000000000e+00 0.000000000000000000e+00 0.000000000000000000e+00 3.977774825995209085e+01
3.976801842369371798e+01 -0.000000000000000000e+00 0.000000000000000000e+00 0.000000000000000000e+00 3.976801842369371798e+01 0.000000000000000000e+00 0.000000000000000000e+00 0.000000000000000000e+00 3.976801842369371798e+01
3.979049885809007492e+01 -0.000000000000000000e+00 0.000000000000000000e+00 0.000000000000000000e+00 3.979049885809007492e+01 0.000000000000000000e+00 0.000000000000000000e+00 0.000000000000000000e+00 3.979049885809007492e+01
3.982818222198422120e+01 -0.000000000000000000e+00 0.000000000000000000e+00 0.000000000000000000e+00 3.982818222198422120e+01 0.000000000000000000e+00 0.000000000000000000e+00 0.000000000000000000e+00 3.982818222198422120e+01
3.979558831433742228e+01 -0.000000000000000000e+00 0.000000000000000000e+00 0.000000000000000000e+00 3.979558831433742228e+01 0.000000000000000000e+00 0.000000000000000000e+00 0.000000000000000000e+00 3.979558831433742228e+01
3.979837846468613805e+01 -0.000000000000000000e+00 0.000000000000000000e+00 0.000000000000000000e+00 3.979837846468613805e+01 0.000000000000000000e+00 0.000000000000000000e+00 0.000000000000000000e+00 3.979837846468613805e+01
3.983796311377088273e+01 -0.000000000000000000e+00 0.000000000000000000e+00 0.000000000000000000e+00 3.983796311377088273e+01 0.000000000000000000e+00 0.000000000000000000e+00 0.000000000000000000e+00 3.983796311377088273e+01
3.976999152136687599e+01 -0.000000000000000000e+00 0.000000000000000000e+00 0.000000000000000000e+00 3.976999152136687599e+01 0.000000000000000000e+00 0.000000000000000000e+00 0.000000000000000000e+00 3.976999152136687599e+01
3.974817891385827551e+01 -0.000000000000000000e+00 0.000000000000000000e+00 0.000000000000000000e+00 3.974817891385827551e+01 0.000000000000000000e+00 0.000000000000000000e+00 0.000000000000000000e+00 3.974817891385827551e+01
3.980182917003949683e+01 -0.000000000000000000e+00 0.000000000000000000e+00 0.000000000000000000e+00 3.980182917003949683e+01 0.000000000000000000e+00 0.000000000000000000e+00 0.000000000000000000e+00 3.980182917003949683e+01
3.981507167888693743e+01 -0.000000000000000000e+00 0.000000000000000000e+00 0.000000000000000000e+00 3.981507167888693743e+01 0.000000000000000000e+00 0.000000000000000000e+00 0.000000000000000000e+00 3.981507167888693743e+01
3.979971643061180941e+01 -0.000000000000000000e+00 0.000000000000000000e+00 0.000000000000000000e+00 3.979971643061180941e+01 0.000000000000000000e+00 0.000000000000000000e+00 0.000000000000000000e+00 3.979971643061180941e+01
3.982592049941058576e+01 -0.000000000000000000e+00 0.000000000000000000e+00 0.000000000000000000e+00 3.982592049941058576e+01 0.000000000000000000e+00 0.000000000000000000e+00 0.000000000000000000e+00 3.982592049941058576e+01
3.979103559361582398e+01 -0.000000000000000000e+00 0.000000000000000000e+00 0.000000000000000000e+00 3.979103559361582398e+01 0.000000000000000000e+00 0.000000000000000000e+00 0.000000000000000000e+00 3.979103559361582398e+01
3.979094511685646296e+01 -0.000000000000000000e+00 0.000000000000000000e+00 0.000000000000000000e+00 3.979094511685646296e+01 0.000000000000000000e+00 0.000000000000000000e+00 0.000000000000000000e+00 3.979094511685646296e+01
3.982415065936259424e+01 -0.000000000000000000e+00 0.000000000000000000e+00 0.000000000000000000e+00 3.982415065936259424e+01 0.000000000000000000e+00 0.000000000000000000e+00 0.000000000000000000e+00 3.982415065936259424e+01
3.979456227167865734e+01 -0.000000000000000000e+00 0.000000000000000000e+00 0.000000000000000000e+00 3.979456227167865734e+01 0.000000000000000000e+00 0.000000000000000000e+00 0.000000000000000000e+00 3.979456227167865734e+01
3.978100676111760237e+01 -0.000000000000000000e+00 0.000000000000000000e+00 0.000000000000000000e+00 3.978100676111760237e+01 0.000000000000000000e+00 0.000000000000000000e+00 0.000000000000000000e+00 3.978100676111760237e+01
3.979950997334914575e+01 -0.000000000000000000e+00 0.000000000000000000e+00 0.000000000000000000e+00 3.979950997334914575e+01 0.000000000000000000e+00 0.000000000000000000e+00 0.000000000000000000e+00 3.979950997334914575e+01
3.977600100094554136e+01 -0.000000000000000000e+00 0.000000000000000000e+00 0.000000000000000000e+00 3.977600100094554136e+01 0.000000000000000000e+00 0.000000000000000000e+00 0.000000000000000000e+00 3.977600100094554136e+01
3.977665040874204294e+01 -0.000000000000000000e+00 0.000000000000000000e+00 0.000000000000000000e+00 3.977665040874204294e+01 0.000000000000000000e+00 0.000000000000000000e+00 0.000000000000000000e+00 3.977665040874204294e+01
3.981072580572224950e+01 -0.000000000000000000e+00 0.000000000000000000e+00 0.000000000000000000e+00 3.981072580572224950e+01 0.000000000000000000e+00 0.000000000000000000e+00 0.000000000000000000e+00 3.981072580572224950e+01
3.977430796309172933e+01 -0.000000000000000000e+00 0.000000000000000000e+00 0.000000000000000000e+00 3.977430796309172933e+01 0.000000000000000000e+00 0.000000000000000000e+00 0.000000000000000000e+00 3.977430796309172933e+01
3.979115054111922234e+01 -0.000000000000000000e+00 0.000000000000000000e+00 0.000000000000000000e+00 3.979115054111922234e+01 0.000000000000000000e+00 0.000000000000000000e+00 0.000000000000000000e+00 3.979115054111922234e+01
3.982077192910389840e+01 -0.000000000000000000e+00 0.000000000000000000e+00 0.000000000000000000e+00 3.982077192910389840e+01 0.000000000000000000e+00 0.000000000000000000e+00 0.000000000000000000e+00 3.982077192910389840e+01
3.981054231599487281e+01 -0.000000000000000000e+00 0.000000000000000000e+00 0.000000000000000000e+00 3.981054231599487281e+01 0.000000000000000000e+00 0.000000000000000000e+00 0.000000000000000000e+00 3.981054231599487281e+01
3.983885123336898459e+01 -0.000000000000000000e+00 0.000000000000000000e+00 0.000000000000000000e+00 3.983885123336898459e+01 0.000000000000000000e+00 0.000000000000000000e+00 0.000000000000000000e+00 3.983885123336898459e+01
3.980493967184625603e+01 -0.000000000000000000e+00 0.000000000000000000e+00 0.000000000000000000e+00 3.980493967184625603e+01 0.000000000000000000e+00 0.000000000000000000e+00 0.000000000000000000e+00 3.980493967184625603e+01
3.980045285855069181e+01 -0.000000000000000000e+00 0.000000000000000000e+00 0.000000000000000000e+00 3.980045285855069181e+01 0.000000000000000000e+00 0.000000000000000000e+00 0.000000000000000000e+00 3.980045285855069181e+01
3.980631005848817949e+01 -0.000000000000000000e+00 0.000000000000000000e+00 0.000000000000000000e+00 3.980631005848817949e+01 0.000000000000000000e+00 0.000000000000000000e+00 0.000000000000000000e+00 3.980631005848817949e+01
3.978058845400627774e+01 -0.000000000000000000e+00 0.000000000000000000e+00 0.000000000000000000e+00 3.978058845400627774e+01 0.000000000000000000e+00 0.000000000000000000e+00 0.000000000000000000e+00 3.978058845400627774e+01
3.977872065694738524e+01 -0.000000000000000000e+00 0.000000000000000000e+00 0.000000000000000000e+00 3.977872065694738524e+01 0.000000000000000000e+00 0.000000000000000000e+00 0.000000000000000000e+00 3.977872065694738524e+01
3.979426093741707859e+01 -0.000000000000000000e+00 0.000000000000000000e+00 0.000000000000000000e+00 3.979426093741707859e+01 0.000000000000000000e+00 0.000000000000000000e+00 0.000000000000000000e+00 3.979426093741707859e+01
3.980718769188641204e+01 -0.000000000000000000e+00 0.000000000000000000e+00 0.000000000000000000e+00 3.980718769188641204e+01 0.000000000000000000e+00 0.000000000000000000e+00 0.000000000000000000e+00 3.980718769188641204e+01
3.981987523629628356e+01 -0.000000000000000000e+00 0.000000000000000000e+00 0.000000000000000000e+00 3.981987523629628356e+01 0.000000000000000000e+00 0.000000000000000000e+00 0.000000000000000000e+00 3.981987523629628356e+01
3.981943221601103744e+01 -0.000000000000000000e+00 0.000000000000000000e+00 0.000000000000000000e+00 3.981943221601103744e+01 0.000000000000000000e+00 0.000000000000000000e+00 0.000000000000000000e+00 3.981943221601103744e+01
3.980547318402447132e+01 -0.000000000000000000e+00 0.000000000000000000e+00 0.000000000000000000e+00 3.980547318402447132e+01 0.000000000000000000e+00 0.000000000000000000e+00 0.000000000000000000e+00 3.980547318402447132e+01
3.979108389713722715e+01 -0.000000000000000000e+00 0.000000000000000000e+00 0.000000000000000000e+00 3.979108389713722715e+01 0.000000000000000000e+00 0.000000000000000000e+00 0.000000000000000000e+00 3.979108389713722715e+01
3.981635604630407244e+01 -0.000000000000000000e+00 0.000000000000000000e+00 0.000000000000000000e+00 3.981635604630407244e+01 0.000000000000000000e+00 0.000000000000000000e+00 0.000000000000000000e+00 3.981635604630407244e+01
3.978216432837422190e+01 -0.000000000000000000e+00 0.000000000000000000e+00 0.000000000000000000e+00 3.978216432837422190e+01 0.000000000000000000e+00 0.000000000000000000e+00 0.000000000000000000e+00 3.978216432837422190e+01
3.977084993183486006e+01 -0.000000000000000000e+00 0.000000000000000000e+00 0.000000000000000000e+00 3.977084993183486006e+01 0.000000000000000000e+00 0.000000000000000000e+00 0.000000000000000000e+00 3.977084993183486006e+01
