3.955122989605840189e+01 -0.000000000000000000e+00 0.000000000000000000e+00 0.000000000000000000e+00 3.955122989605840189e+01 0.000000000000000000e+00 0.000000000000000000e+00 0.000000000000000000e+00 3.955122989605840189e+01
3.953286434265127980e+01 -0.000000000000000000e+00 0.000000000000000000e+00 0.000000000000000000e+00 3.953286434265127980e+01 0.000000000000000000e+00 0.000000000000000000e+00 0.000000000000000000e+00 3.953286434265127980e+01
3.954990352738137460e+01 -0.000000000000000000e+00 0.000000000000000000e+00 0.000000000000000000e+00 3.954990352738137460e+01 0.000000000000000000e+00 0.000000000000000000e+00 0.000000000000000000e+00 3.954990352738137460e+01
3.952930842947144185e+01 -0.000000000000000000e+00 0.000000000000000000e+00 0.000000000000000000e+00 3.952930842947144185e+01 0.000000000000000000e+00 0.000000000000000000e+00 0.000000000000000000e+00 3.952930842947144185e+01
3.955671105328033832e+01 -0.000000000000000000e+00 0.000000000000000000e+00 0.000000000000000000e+00 3.955671105328033832e+01 0.000000000000000000e+00 0.000000000000000000e+00 0.000000000000000000e+00 3.955671105328033832e+01
3.953480698465412502e+01 -0.000000000000000000e+00 0.000000000000000000e+00 0.000000000000000000e+00 3.953480698465412502e+01 0.000000000000000000e+00 0.000000000000000000e+00 0.000000000000000000e+00 3.953480698465412502e+01
3.952388362513612208e+01 -0.000000000000000000e+00 0.000000000000000000e+00 0.000000000000000000e+00 3.952388362513612208e+01 0.000000000000000000e+00 0.000000000000000000e+00 0.000000000000000000e+00 3.952388362513612208e+01
3.953170515951473618e+01 -0.000000000000000000e+00 0.000000000000000000e+00 0.000000000000000000e+00 3.953170515951473618e+01 0.000000000000000000e+00 0.000000000000000000e+00 0.000000000000000000e+00 3.953170515951473618e+01
3.948861447011584147e+01 -0.000000000000000000e+00 0.000000000000000000e+00 0.000000000000000000e+00 3.948861447011584147e+01 0.000000000000000000e+00 0.000000000000000000e+00 0.000000000000000000e+00 3.948861447011584147e+01
3.952595176366784813e+01 -0.000000000000000000e+00 0.000000000000000000e+00 0.000000000000000000e+00 3.952595176366784813e+01 0.000000000000000000e+00 0.000000000000000000e+00 0.000000000000000000e+00 3.952595176366784813e+01
3.954338121450206245e+01 -0.000000000000000000e+00 0.000000000000000000e+00 0.000000000000000000e+00 3.954338121450206245e+01 0.000000000000000000e+00 0.000000000000000000e+00 0.000000000000000000e+00 3.954338121450206245e+01
3.953465461026173955e+01 -0.000000000000000000e+00 0.000000000000000000e+00 0.000000000000000000e+00 3.953465461026173955e+01 0.000000000000000000e+00 0.000000000000000000e+00 0.000000000000000000e+00 3.953465461026173955e+01
3.951994722654657721e+01 -0.000000000000000000e+00 0.000000000000000000e+00 0.000000000000000000e+00 3.951994722654657721e+01 0.000000000000000000e+00 0.000000000000000000e+00 0.000000000000000000e+00 3.951994722654657721e+01
3.947942942999982563e+01 -0.000000000000000000e+00 0.000000000000000000e+00 0.000000000000000000e+00 3.947942942999982563e+01 0.000000000000000000e+00 0.000000000000000000e+00 0.000000000000000000e+00 3.947942942999982563e+01
3.953945578504811920e+01 -0.000000000000000000e+00 0.000000000000000000e+00 0.000000000000000000e+00 3.953945578504811920e+01 0.000000000000000000e+00 0.000000000000000000e+00 0.000000000000000000e+00 3.953945578504811920e+01
3.952550508403058416e+01 -0.000000000000000000e+00 0.000000000000000000e+00 0.000000000000000000e+00 3.952550508403058416e+01 0.000000000000000000e+00 0.000000000000000000e+00 0.000000000000000000e+00 3.952550508403058416e+01
3.954086579463957207e+01 -0.000000000000000000e+00 0.000000000000000000e+00 0.000000000000000000e+00 3.954086579463957207e+01 0.000000000000000000e+00 0.000000000000000000e+00 0.000000000000000000e+00 3.954086579463957207e+01
3.952017219099165857e+01 -0.000000000000000000e+00 0.000000000000000000e+00 0.000000000000000000e+00 3.952017219099165857e+01 0.000000000000000000e+00 0.000000000000000000e+00 0.000000000000000000e+00 3.952017219099165857e+01
3.955554229804301514e+01 -0.000000000000000000e+00 0.000000000000000000e+00 0.000000000000000000e+00 3.955554229804301514e+01 0.000000000000000000e+00 0.000000000000000000e+00 0.000000000000000000e+00 3.955554229804301514e+01
3.949251828689125432e+01 -0.000000000000000000e+00 0.000000000000000000e+00 0.000000000000000000e+00 3.949251828689125432e+01 0.000000000000000000e+00 0.000000000000000000e+00 0.000000000000000000e+00 3.949251828689125432e+01
3.949945017835685235e+01 -0.000000000000000000e+00 0.000000000000000000e+00 0.000000000000000000e+00 3.949945017835685235e+01 0.000000000000000000e+00 0.000000000000000000e+00 0.000000000000000000e+00 3.949945017835685235e+01
3.950318842240245942e+01 -0.000000000000000000e+00 0.000000000000000000e+00 0.000000000000000000e+00 3.950318842240245942e+01 0.000000000000000000e+00 0.000000000000000000e+00 0.000000000000000000e+00 3.950318842240245942e+01
3.949674797813950278e+01 -0.000000000000000000e+00 0.000000000000000000e+00 0.000000000000000000e+00 3.949674797813950278e+01 0.000000000000000000e+00 0.000000000000000000e+00 0.000000000000000000e+00 3.949674797813950278e+01
3.950012824901128283e+01 -0.000000000000000000e+00 0.000000000000000000e+00 0.000000000000000000e+00 3.950012824901128283e+01 0.000000000000000000e+00 0.000000000000000000e+00 0.000000000000000000e+00 3.950012824901128283e+01
3.950186986823118929e+01 -0.000000000000000000e+00 0.000000000000000000e+00 0.000000000000000000e+00 3.950186986823118929e+01 0.000000000000000000e+00 0.000000000000000000e+00 0.000000000000000000e+00 3.950186986823118929e+01
3.952402012395835129e+01 -0.000000000000000000e+00 0.000000000000000000e+00 0.000000000000000000e+00 3.952402012395835129e+01 0.000000000000000000e+00 0.000000000000000000e+00 0.000000000000000000e+00 3.952402012395835129e+01
3.952933067158313918e+01 -0.000000000000000000e+00 0.000000000000000000e+00 0.000000000000000000e+00 3.952933067158313918e+01 0.000000000000000000e+00 0.000000000000000000e+00 0.000000000000000000e+00 3.952933067158313918e+01
3.948346138757053581e+01 -0.000000000000000000e+00 0.000000000000000000e+00 0.000000000000000000e+00 3.948346138757053581e+01 0.000000000000000000e+00 0.000000000000000000e+00 0.000000000000000000e+00 3.948346138757053581e+01
3.945283894632346744e+01 -0.000000000000000000e+00 0.000000000000000000e+00 0.000000000000000000e+00 3.945283894632346744e+01 0.000000000000000000e+00 0.000000000000000000e+00 0.000000000000000000e+00 3.945283894632346744e+01
3.948487860742994826e+01 -0.000000000000000000e+00 0.000000000000000000e+00 0.000000000000000000e+00 3.948487860742994826e+01 0.000000000000000000e+00 0.000000000000000000e+00 0.000000000000000000e+00 3.948487860742994826e+01
3.948996750836357705e+01 -0.000000000000000000e+00 0.000000000000000000e+00 0.000000000000000000e+00 3.948996750836357705e+01 0.000000000000000000e+00 0.000000000000000000e+00 0.000000000000000000e+00 3.948996750836357705e+01
3.948523935514530336e+01 -0.000000000000000000e+00 0.000000000000000000e+00 0.000000000000000000e+00 3.948523935514530336e+01 0.000000000000000000e+00 0.000000000000000000e+00 0.000000000000000000e+00 3.948523935514530336e+01
3.949347754281078693e+01 -0.000000000000000000e+00 0.000000000000000000e+00 0.000000000000000000e+00 3.949347754281078693e+01 0.000000000000000000e+00 0.000000000000000000e+00 0.000000000000000000e+00 3.949347754281078693e+01
3.948349110523409422e+01 -0.000000000000000000e+00 0.000000000000000000e+00 0.000000000000000000e+00 3.948349110523409422e+01 0.000000000000000000e+00 0.000000000000000000e+00 0.000000000000000000e+00 3.948349110523409422e+01
3.948603248692582213e+01 -0.000000000000000000e+00 0.000000000000000000e+00 0.000000000000000000e+00 3.948603248692582213e+01 0.000000000000000000e+00 0.000000000000000000e+00 0.000000000000000000e+00 3.948603248692582213e+01
3.946857887909313689e+01 -0.000000000000000000e+00 0.000000000000000000e+00 0.000000000000000000e+00 3.946857887909313689e+01 0.000000000000000000e+00 0.000000000000000000e+00 0.000000000000000000e+00 3.946857887909313689e+01
3.950715560277539851e+01 -0.000000000000000000e+00 0.000000000000000000e+00 0.000000000000000000e+00 3.950715560277539851e+01 0.000000000000000000e+00 0.000000000000000000e+00 0.000000000000000000e+00 3.950715560277539851e+01
3.947259531131111032e+01 -0.000000000000000000e+00 0.000000000000000000e+00 0.000000000000000000e+00 3.947259531131111032e+01 0.000000000000000000e+00 0.000000000000000000e+00 0.000000000000000000e+00 3.947259531131111032e+01
3.947403418738738878e+01 -0.000000000000000000e+00 0.000000000000000000e+00 0.000000000000000000e+00 3.947403418738738878e+01 0.000000000000000000e+00 0.000000000000000000e+00 0.000000000000000000e+00 3.947403418738738878e+01
3.946461865539654923e+01 -0.000000000000000000e+00 0.000000000000000000e+00 0.000000000000000000e+00 3.946461865539654923e+01 0.000000000000000000e+00 0.000000000000000000e+00 0.000000000000000000e+00 3.946461865539654923e+01
3.949441471421890526e+01 -0.000000000000000000e+00 0.000000000000000000e+00 0.000000000000000000e+00 3.949441471421890526e+01 0.000000000000000000e+00 0.000000000000000000e+00 0.000000000000000000e+00 3.949441471421890526e+01
3.946069814235995210e+01 -0.000000000000000000e+00 0.000000000000000000e+00 0.000000000000000000e+00 3.946069814235995210e+01 0.000000000000000000e+00 0.000000000000000000e+00 0.000000000000000000e+00 3.946069814235995210e+01
3.947355027883586587e+01 -0.000000000000000000e+00 0.000000000000000000e+00 0.000000000000000000e+00 3.947355027883586587e+01 0.000000000000000000e+00 0.000000000000000000e+00 0.000000000000000000e+00 3.947355027883586587e+01
3.947855746831027091e+01 -0.000000000000000000e+00 0.000000000000000000e+00 0.000000000000000000e+00 3.947855746831027091e+01 0.000000000000000000e+00 0.000000000000000000e+00 0.000000000000000000e+00 3.947855746831027091e+01
3.946906964006809915e+01 -0.000000000000000000e+00 0.000000000000000000e+00 0.000000000000000000e+00 3.946906964006809915e+01 0.000000000000000000e+00 0.000000000000000000e+00 0.000000000000000000e+00 3.946906964006809915e+01
3.942549238289549862e+01 -0.000000000000000000e+00 0.000000000000000000e+00 0.000000000000000000e+00 3.942549238289549862e+01 0.000000000000000000e+00 0.000000000000000000e+00 0.000000000000000000e+00 3.942549238289549862e+01
3.946093724082103904e+01 -0.000000000000000000e+00 0.000000000000000000e+00 0.000000000000000000e+00 3.946093724082103904e+01 0.000000000000000000e+00 0.000000000000000000e+00 0.000000000000000000e+00 3.946093724082103904e+01
3.944677265112667186e+01 -0.000000000000000000e+00 0.000000000000000000e+00 0.000000000000000000e+00 3.944677265112667186e+01 0.000000000000000000e+00 0.000000000000000000e+00 0.000000000000000000e+00 3.944677265112667186e+01
3.943993347262006921e+01 -0.000000000000000000e+00 0.000000000000000000e+00 0.000000000000000000e+00 3.943993347262006921e+01 0.000000000000000000e+00 0.000000000000000000e+00 0.000000000000000000e+00 3.943993347262006921e+01
3.941311733356876346e+01 -0.000000000000000000e+00 0.000000000000000000e+00 0.000000000000000000e+00 3.941311733356876346e+01 0.000000000000000000e+00 0.000000000000000000e+00 0.000000000000000000e+00 3.941311733356876346e+01
3.944107903589677733e+01 -0.000000000000000000e+00 0.000000000000000000e+00 0.000000000000000000e+00 3.944107903589677733e+01 0.000000000000000000e+00 0.000000000000000000e+00 0.000000000000000000e+00 3.944107903589677733e+01
