3.977084993183486006e+01 -0.000000000000000000e+00 0.000000000000000000e+00 0.000000000000000000e+00 3.977084993183486006e+01 0.000000000000000000e+00 0.000000000000000000e+00 0.000000000000000000e+00 3.977084993183486006e+01
3.974677122695193532e+01 -0.000000000000000000e+00 0.000000000000000000e+00 0.000000000000000000e+00 3.974677122695193532e+01 0.000000000000000000e+00 0.000000000000000000e+00 0.000000000000000000e+00 3.974677122695193532e+01
3.979230812048104582e+01 -0.000000000000000000e+00 0.000000000000000000e+00 0.000000000000000000e+00 3.979230812048104582e+01 0.000000000000000000e+00 0.000000000000000000e+00 0.000000000000000000e+00 3.979230812048104582e+01
3.978788711695841585e+01 -0.000000000000000000e+00 0.000000000000000000e+00 0.000000000000000000e+00 3.978788711695841585e+01 0.000000000000000000e+00 0.000000000000000000e+00 0.000000000000000000e+00 3.978788711695841585e+01
3.981311765442457329e+01 -0.000000000000000000e+00 0.000000000000000000e+00 0.000000000000000000e+00 3.981311765442457329e+01 0.000000000000000000e+00 0.000000000000000000e+00 0.000000000000000000e+00 3.981311765442457329e+01
3.982791662110141573e+01 -0.000000000000000000e+00 0.000000000000000000e+00 0.000000000000000000e+00 3.982791662110141573e+01 0.000000000000000000e+00 0.000000000000000000e+00 0.000000000000000000e+00 3.982791662110141573e+01
3.980389530110473117e+01 -0.000000000000000000e+00 0.000000000000000000e+00 0.000000000000000000e+00 3.980389530110473117e+01 0.000000000000000000e+00 0.000000000000000000e+00 0.000000000000000000e+00 3.980389530110473117e+01
3.979153521938412297e+01 -0.000000000000000000e+00 0.000000000000000000e+00 0.000000000000000000e+00 3.979153521938412297e+01 0.000000000000000000e+00 0.000000000000000000e+00 0.000000000000000000e+00 3.979153521938412297e+01
3.975973602129226947e+01 -0.000000000000000000e+00 0.000000000000000000e+00 0.000000000000000000e+00 3.975973602129226947e+01 0.000000000000000000e+00 0.000000000000000000e+00 0.000000000000000000e+00 3.975973602129226947e+01
3.980095608874296431e+01 -0.000000000000000000e+00 0.000000000000000000e+00 0.000000000000000000e+00 3.980095608874296431e+01 0.000000000000000000e+00 0.000000000000000000e+00 0.000000000000000000e+00 3.980095608874296431e+01
3.977752518532179948e+01 -0.000000000000000000e+00 0.000000000000000000e+00 0.000000000000000000e+00 3.977752518532179948e+01 0.000000000000000000e+00 0.000000000000000000e+00 0.000000000000000000e+00 3.977752518532179948e+01
3.979678162419105547e+01 -0.000000000000000000e+00 0.000000000000000000e+00 0.000000000000000000e+00 3.979678162419105547e+01 0.000000000000000000e+00 0.000000000000000000e+00 0.000000000000000000e+00 3.979678162419105547e+01
3.977797565953765968e+01 -0.000000000000000000e+00 0.000000000000000000e+00 0.000000000000000000e+00 3.977797565953765968e+01 0.000000000000000000e+00 0.000000000000000000e+00 0.000000000000000000e+00 3.977797565953765968e+01
3.980555888356805383e+01 -0.000000000000000000e+00 0.000000000000000000e+00 0.000000000000000000e+00 3.980555888356805383e+01 0.000000000000000000e+00 0.000000000000000000e+00 0.000000000000000000e+00 3.980555888356805383e+01
3.976412597605249744e+01 -0.000000000000000000e+00 0.000000000000000000e+00 0.000000000000000000e+00 3.976412597605249744e+01 0.000000000000000000e+00 0.000000000000000000e+00 0.000000000000000000e+00 3.976412597605249744e+01
3.975932593719700492e+01 -0.000000000000000000e+00 0.000000000000000000e+00 0.000000000000000000e+00 3.975932593719700492e+01 0.000000000000000000e+00 0.000000000000000000e+00 0.000000000000000000e+00 3.975932593719700492e+01
3.978085676782471580e+01 -0.000000000000000000e+00 0.000000000000000000e+00 0.000000000000000000e+00 3.978085676782471580e+01 0.000000000000000000e+00 0.000000000000000000e+00 0.000000000000000000e+00 3.978085676782471580e+01
3.980126301327847216e+01 -0.000000000000000000e+00 0.000000000000000000e+00 0.000000000000000000e+00 3.980126301327847216e+01 0.000000000000000000e+00 0.000000000000000000e+00 0.000000000000000000e+00 3.980126301327847216e+01
3.980057351089586604e+01 -0.000000000000000000e+00 0.000000000000000000e+00 0.000000000000000000e+00 3.980057351089586604e+01 0.000000000000000000e+00 0.000000000000000000e+00 0.000000000000000000e+00 3.980057351089586604e+01
3.980739396839821609e+01 -0.000000000000000000e+00 0.000000000000000000e+00 0.000000000000000000e+00 3.980739396839821609e+01 0.000000000000000000e+00 0.000000000000000000e+00 0.000000000000000000e+00 3.980739396839821609e+01
3.981508667200179730e+01 -0.000000000000000000e+00 0.000000000000000000e+00 0.000000000000000000e+00 3.981508667200179730e+01 0.000000000000000000e+00 0.000000000000000000e+00 0.000000000000000000e+00 3.981508667200179730e+01
3.978729595826331433e+01 -0.000000000000000000e+00 0.000000000000000000e+00 0.000000000000000000e+00 3.978729595826331433e+01 0.000000000000000000e+00 0.000000000000000000e+00 0.000000000000000000e+00 3.978729595826331433e+01
3.979905985106429966e+01 -0.000000000000000000e+00 0.000000000000000000e+00 0.000000000000000000e+00 3.979905985106429966e+01 0.000000000000000000e+00 0.000000000000000000e+00 0.000000000000000000e+00 3.979905985106429966e+01
3.978788420758529298e+01 -0.000000000000000000e+00 0.000000000000000000e+00 0.000000000000000000e+00 3.978788420758529298e+01 0.000000000000000000e+00 0.000000000000000000e+00 0.000000000000000000e+00 3.978788420758529298e+01
3.978150310648277355e+01 -0.000000000000000000e+00 0.000000000000000000e+00 0.000000000000000000e+00 3.978150310648277355e+01 0.000000000000000000e+00 0.000000000000000000e+00 0.000000000000000000e+00 3.978150310648277355e+01
3.977651411995318398e+01 -0.000000000000000000e+00 0.000000000000000000e+00 0.000000000000000000e+00 3.977651411995318398e+01 0.000000000000000000e+00 0.000000000000000000e+00 0.000000000000000000e+00 3.977651411995318398e+01
3.978514584485400007e+01 -0.000000000000000000e+00 0.000000000000000000e+00 0.000000000000000000e+00 3.978514584485400007e+01 0.000000000000000000e+00 0.000000000000000000e+00 0.000000000000000000e+00 3.978514584485400007e+01
3.976757061164112628e+01 -0.000000000000000000e+00 0.000000000000000000e+00 0.000000000000000000e+00 3.976757061164112628e+01 0.000000000000000000e+00 0.000000000000000000e+00 0.000000000000000000e+00 3.976757061164112628e+01
3.977418480193968264e+01 -0.000000000000000000e+00 0.000000000000000000e+00 0.000000000000000000e+00 3.977418480193968264e+01 0.000000000000000000e+00 0.000000000000000000e+00 0.000000000000000000e+00 3.977418480193968264e+01
3.978402664070014794e+01 -0.000000000000000000e+00 0.000000000000000000e+00 0.000000000000000000e+00 3.978402664070014794e+01 0.000000000000000000e+00 0.000000000000000000e+00 0.000000000000000000e+00 3.978402664070014794e+01
3.975139770324651778e+01 -0.000000000000000000e+00 0.000000000000000000e+00 0.000000000000000000e+00 3.975139770324651778e+01 0.000000000000000000e+00 0.000000000000000000e+00 0.000000000000000000e+00 3.975139770324651778e+01
3.975902847390639749e+01 -0.000000000000000000e+00 0.000000000000000000e+00 0.000000000000000000e+00 3.975902847390639749e+01 0.000000000000000000e+00 0.000000000000000000e+00 0.000000000000000000e+00 3.975902847390639749e+01
3.975349750597059995e+01 -0.000000000000000000e+00 0.000000000000000000e+00 0.000000000000000000e+00 3.975349750597059995e+01 0.000000000000000000e+00 0.000000000000000000e+00 0.000000000000000000e+00 3.975349750597059995e+01
3.978795764819666658e+01 -0.000000000000000000e+00 0.000000000000000000e+00 0.000000000000000000e+00 3.978795764819666658e+01 0.000000000000000000e+00 0.000000000000000000e+00 0.000000000000000000e+00 3.978795764819666658e+01
3.975753085463526304e+01 -0.000000000000000000e+00 0.000000000000000000e+00 0.000000000000000000e+00 3.975753085463526304e+01 0.000000000000000000e+00 0.000000000000000000e+00 0.000000000000000000e+00 3.975753085463526304e+01
3.974674379557620085e+01 -0.000000000000000000e+00 0.000000000000000000e+00 0.000000000000000000e+00 3.974674379557620085e+01 0.000000000000000000e+00 0.000000000000000000e+00 0.000000000000000000e+00 3.974674379557620085e+01
3.977948313930163238e+01 -0.000000000000000000e+00 0.000000000000000000e+00 0.000000000000000000e+00 3.977948313930163238e+01 0.000000000000000000e+00 0.000000000000000000e+00 0.000000000000000000e+00 3.977948313930163238e+01
3.976921686243353804e+01 -0.000000000000000000e+00 0.000000000000000000e+00 0.000000000000000000e+00 3.976921686243353804e+01 0.000000000000000000e+00 0.000000000000000000e+00 0.000000000000000000e+00 3.976921686243353804e+01
3.975668419075724103e+01 -0.000000000000000000e+00 0.000000000000000000e+00 0.000000000000000000e+00 3.975668419075724103e+01 0.000000000000000000e+00 0.000000000000000000e+00 0.000000000000000000e+00 3.975668419075724103e+01
3.974385027293482153e+01 -0.000000000000000000e+00 0.000000000000000000e+00 0.000000000000000000e+00 3.974385027293482153e+01 0.000000000000000000e+00 0.000000000000000000e+00 0.000000000000000000e+00 3.974385027293482153e+01
3.977279250586708770e+01 -0.000000000000000000e+00 0.000000000000000000e+00 0.000000000000000000e+00 3.977279250586708770e+01 0.000000000000000000e+00 0.000000000000000000e+00 0.000000000000000000e+00 3.977279250586708770e+01
3.971704510384824260e+01 -0.000000000000000000e+00 0.000000000000000000e+00 0.000000000000000000e+00 3.971704510384824260e+01 0.000000000000000000e+00 0.000000000000000000e+00 0.000000000000000000e+00 3.971704510384824260e+01
3.972991336816400576e+01 -0.000000000000000000e+00 0.000000000000000000e+00 0.000000000000000000e+00 3.972991336816400576e+01 0.000000000000000000e+00 0.000000000000000000e+00 0.000000000000000000e+00 3.972991336816400576e+01
3.972394440048530839e+01 -0.000000000000000000e+00 0.000000000000000000e+00 0.000000000000000000e+00 3.972394440048530839e+01 0.000000000000000000e+00 0.000000000000000000e+00 0.000000000000000000e+00 3.972394440048530839e+01
3.974268896008086926e+01 -0.000000000000000000e+00 0.000000000000000000e+00 0.000000000000000000e+00 3.974268896008086926e+01 0.000000000000000000e+00 0.000000000000000000e+00 0.000000000000000000e+00 3.974268896008086926e+01
3.974818258667082205e+01 -0.000000000000000000e+00 0.000000000000000000e+00 0.000000000000000000e+00 3.974818258667082205e+01 0.000000000000000000e+00 0.000000000000000000e+00 0.000000000000000000e+00 3.974818258667082205e+01
3.974616517026608165e+01 -0.000000000000000000e+00 0.000000000000000000e+00 0.000000000000000000e+00 3.974616517026608165e+01 0.000000000000000000e+00 0.000000000000000000e+00 0.000000000000000000e+00 3.974616517026608165e+01
3.976503901620560555e+01 -0.000000000000000000e+00 0.000000000000000000e+00 0.000000000000000000e+00 3.976503901620560555e+01 0.000000000000000000e+00 0.000000000000000000e+00 0.000000000000000000e+00 3.976503901620560555e+01
3.972306678848362793e+01 -0.000000000000000000e+00 0.000000000000000000e+00 0.000000000000000000e+00 3.972306678848362793e+01 0.000000000000000000e+00 0.000000000000000000e+00 0.000000000000000000e+00 3.972306678848362793e+01
3.974942653773710788e+01 -0.000000000000000000e+00 0.000000000000000000e+00 0.000000000000000000e+00 3.974942653773710788e+01 0.000000000000000000e+00 0.000000000000000000e+00 0.000000000000000000e+00 3.974942653773710788e+01
3.974666161418959121e+01 -0.000000000000000000e+00 0.000000000000000000e+00 0.000000000000000000e+00 3.974666161418959121e+01 0.000000000000000000e+00 0.000000000000000000e+00 0.000000000000000000e+00 3.974666161418959121e+01
