3.966526185395727566e+01 -0.000000000000000000e+00 0.000000000000000000e+00 0.000000000000000000e+00 3.966526185395727566e+01 0.000000000000000000e+00 0.000000000000000000e+00 0.000000000000000000e+00 3.966526185395727566e+01
3.962805649215552251e+01 -0.000000000000000000e+00 0.000000000000000000e+00 0.000000000000000000e+00 3.962805649215552251e+01 0.000000000000000000e+00 0.000000000000000000e+00 0.000000000000000000e+00 3.962805649215552251e+01
3.968443243639410412e+01 -0.000000000000000000e+00 0.000000000000000000e+00 0.000000000000000000e+00 3.968443243639410412e+01 0.000000000000000000e+00 0.000000000000000000e+00 0.000000000000000000e+00 3.968443243639410412e+01
3.964200653706319599e+01 -0.000000000000000000e+00 0.000000000000000000e+00 0.000000000000000000e+00 3.964200653706319599e+01 0.000000000000000000e+00 0.000000000000000000e+00 0.000000000000000000e+00 3.964200653706319599e+01
3.964676555477258546e+01 -0.000000000000000000e+00 0.000000000000000000e+00 0.000000000000000000e+00 3.964676555477258546e+01 0.000000000000000000e+00 0.000000000000000000e+00 0.000000000000000000e+00 3.964676555477258546e+01
3.964745192741636970e+01 -0.000000000000000000e+00 0.000000000000000000e+00 0.000000000000000000e+00 3.964745192741636970e+01 0.000000000000000000e+00 0.000000000000000000e+00 0.000000000000000000e+00 3.964745192741636970e+01
3.966222033344959641e+01 -0.000000000000000000e+00 0.000000000000000000e+00 0.000000000000000000e+00 3.966222033344959641e+01 0.000000000000000000e+00 0.000000000000000000e+00 0.000000000000000000e+00 3.966222033344959641e+01
3.967829773225545864e+01 -0.000000000000000000e+00 0.000000000000000000e+00 0.000000000000000000e+00 3.967829773225545864e+01 0.000000000000000000e+00 0.000000000000000000e+00 0.000000000000000000e+00 3.967829773225545864e+01
3.967559044560327663e+01 -0.000000000000000000e+00 0.000000000000000000e+00 0.000000000000000000e+00 3.967559044560327663e+01 0.000000000000000000e+00 0.000000000000000000e+00 0.000000000000000000e+00 3.967559044560327663e+01
3.968309808895273960e+01 -0.000000000000000000e+00 0.000000000000000000e+00 0.000000000000000000e+00 3.968309808895273960e+01 0.000000000000000000e+00 0.000000000000000000e+00 0.000000000000000000e+00 3.968309808895273960e+01
3.965903396543481563e+01 -0.000000000000000000e+00 0.000000000000000000e+00 0.000000000000000000e+00 3.965903396543481563e+01 0.000000000000000000e+00 0.000000000000000000e+00 0.000000000000000000e+00 3.965903396543481563e+01
3.968279487400639027e+01 -0.000000000000000000e+00 0.000000000000000000e+00 0.000000000000000000e+00 3.968279487400639027e+01 0.000000000000000000e+00 0.000000000000000000e+00 0.000000000000000000e+00 3.968279487400639027e+01
3.966478934068796747e+01 -0.000000000000000000e+00 0.000000000000000000e+00 0.000000000000000000e+00 3.966478934068796747e+01 0.000000000000000000e+00 0.000000000000000000e+00 0.000000000000000000e+00 3.966478934068796747e+01
3.965409629728884511e+01 -0.000000000000000000e+00 0.000000000000000000e+00 0.000000000000000000e+00 3.965409629728884511e+01 0.000000000000000000e+00 0.000000000000000000e+00 0.000000000000000000e+00 3.965409629728884511e+01
3.964103528322085168e+01 -0.000000000000000000e+00 0.000000000000000000e+00 0.000000000000000000e+00 3.964103528322085168e+01 0.000000000000000000e+00 0.000000000000000000e+00 0.000000000000000000e+00 3.964103528322085168e+01
3.963302750652364637e+01 -0.000000000000000000e+00 0.000000000000000000e+00 0.000000000000000000e+00 3.963302750652364637e+01 0.000000000000000000e+00 0.000000000000000000e+00 0.000000000000000000e+00 3.963302750652364637e+01
3.966994129148874038e+01 -0.000000000000000000e+00 0.000000000000000000e+00 0.000000000000000000e+00 3.966994129148874038e+01 0.000000000000000000e+00 0.000000000000000000e+00 0.000000000000000000e+00 3.966994129148874038e+01
3.965515078240173352e+01 -0.000000000000000000e+00 0.000000000000000000e+00 0.000000000000000000e+00 3.965515078240173352e+01 0.000000000000000000e+00 0.000000000000000000e+00 0.000000000000000000e+00 3.965515078240173352e+01
3.968775749661072894e+01 -0.000000000000000000e+00 0.000000000000000000e+00 0.000000000000000000e+00 3.968775749661072894e+01 0.000000000000000000e+00 0.000000000000000000e+00 0.000000000000000000e+00 3.968775749661072894e+01
3.966120118903423730e+01 -0.000000000000000000e+00 0.000000000000000000e+00 0.000000000000000000e+00 3.966120118903423730e+01 0.000000000000000000e+00 0.000000000000000000e+00 0.000000000000000000e+00 3.966120118903423730e+01
3.969339989736521090e+01 -0.000000000000000000e+00 0.000000000000000000e+00 0.000000000000000000e+00 3.969339989736521090e+01 0.000000000000000000e+00 0.000000000000000000e+00 0.000000000000000000e+00 3.969339989736521090e+01
3.963328479993778330e+01 -0.000000000000000000e+00 0.000000000000000000e+00 0.000000000000000000e+00 3.963328479993778330e+01 0.000000000000000000e+00 0.000000000000000000e+00 0.000000000000000000e+00 3.963328479993778330e+01
3.964333818070990390e+01 -0.000000000000000000e+00 0.000000000000000000e+00 0.000000000000000000e+00 3.964333818070990390e+01 0.000000000000000000e+00 0.000000000000000000e+00 0.000000000000000000e+00 3.964333818070990390e+01
3.966809915273867659e+01 -0.000000000000000000e+00 0.000000000000000000e+00 0.000000000000000000e+00 3.966809915273867659e+01 0.000000000000000000e+00 0.000000000000000000e+00 0.000000000000000000e+00 3.966809915273867659e+01
3.966513375885045178e+01 -0.000000000000000000e+00 0.000000000000000000e+00 0.000000000000000000e+00 3.966513375885045178e+01 0.000000000000000000e+00 0.000000000000000000e+00 0.000000000000000000e+00 3.966513375885045178e+01
3.962662757254341273e+01 -0.000000000000000000e+00 0.000000000000000000e+00 0.000000000000000000e+00 3.962662757254341273e+01 0.000000000000000000e+00 0.000000000000000000e+00 0.000000000000000000e+00 3.962662757254341273e+01
3.965123516859276265e+01 -0.000000000000000000e+00 0.000000000000000000e+00 0.000000000000000000e+00 3.965123516859276265e+01 0.000000000000000000e+00 0.000000000000000000e+00 0.000000000000000000e+00 3.965123516859276265e+01
3.965142837269914367e+01 -0.000000000000000000e+00 0.000000000000000000e+00 0.000000000000000000e+00 3.965142837269914367e+01 0.000000000000000000e+00 0.000000000000000000e+00 0.000000000000000000e+00 3.965142837269914367e+01
3.965268490518592159e+01 -0.000000000000000000e+00 0.000000000000000000e+00 0.000000000000000000e+00 3.965268490518592159e+01 0.000000000000000000e+00 0.000000000000000000e+00 0.000000000000000000e+00 3.965268490518592159e+01
3.968840895389030266e+01 -0.000000000000000000e+00 0.000000000000000000e+00 0.000000000000000000e+00 3.968840895389030266e+01 0.000000000000000000e+00 0.000000000000000000e+00 0.000000000000000000e+00 3.968840895389030266e+01
3.966238717815380710e+01 -0.000000000000000000e+00 0.000000000000000000e+00 0.000000000000000000e+00 3.966238717815380710e+01 0.000000000000000000e+00 0.000000000000000000e+00 0.000000000000000000e+00 3.966238717815380710e+01
3.965352377463507594e+01 -0.000000000000000000e+00 0.000000000000000000e+00 0.000000000000000000e+00 3.965352377463507594e+01 0.000000000000000000e+00 0.000000000000000000e+00 0.000000000000000000e+00 3.965352377463507594e+01
3.965695569243519003e+01 -0.000000000000000000e+00 0.000000000000000000e+00 0.000000000000000000e+00 3.965695569243519003e+01 0.000000000000000000e+00 0.000000000000000000e+00 0.000000000000000000e+00 3.965695569243519003e+01
3.968436889305449711e+01 -0.000000000000000000e+00 0.000000000000000000e+00 0.000000000000000000e+00 3.968436889305449711e+01 0.000000000000000000e+00 0.000000000000000000e+00 0.000000000000000000e+00 3.968436889305449711e+01
3.967555301346304475e+01 -0.000000000000000000e+00 0.000000000000000000e+00 0.000000000000000000e+00 3.967555301346304475e+01 0.000000000000000000e+00 0.000000000000000000e+00 0.000000000000000000e+00 3.967555301346304475e+01
3.965548066570104879e+01 -0.000000000000000000e+00 0.000000000000000000e+00 0.000000000000000000e+00 3.965548066570104879e+01 0.000000000000000000e+00 0.000000000000000000e+00 0.000000000000000000e+00 3.965548066570104879e+01
3.967532346626759931e+01 -0.000000000000000000e+00 0.000000000000000000e+00 0.000000000000000000e+00 3.967532346626759931e+01 0.000000000000000000e+00 0.000000000000000000e+00 0.000000000000000000e+00 3.967532346626759931e+01
3.966832081976794200e+01 -0.000000000000000000e+00 0.000000000000000000e+00 0.000000000000000000e+00 3.966832081976794200e+01 0.000000000000000000e+00 0.000000000000000000e+00 0.000000000000000000e+00 3.966832081976794200e+01
3.962764229727095255e+01 -0.000000000000000000e+00 0.000000000000000000e+00 0.000000000000000000e+00 3.962764229727095255e+01 0.000000000000000000e+00 0.000000000000000000e+00 0.000000000000000000e+00 3.962764229727095255e+01
3.967406125791224980e+01 -0.000000000000000000e+00 0.000000000000000000e+00 0.000000000000000000e+00 3.967406125791224980e+01 0.000000000000000000e+00 0.000000000000000000e+00 0.000000000000000000e+00 3.967406125791224980e+01
3.966722391577459916e+01 -0.000000000000000000e+00 0.000000000000000000e+00 0.000000000000000000e+00 3.966722391577459916e+01 0.000000000000000000e+00 0.000000000000000000e+00 0.000000000000000000e+00 3.966722391577459916e+01
3.965094335690348970e+01 -0.000000000000000000e+00 0.000000000000000000e+00 0.000000000000000000e+00 3.965094335690348970e+01 0.000000000000000000e+00 0.000000000000000000e+00 0.000000000000000000e+00 3.965094335690348970e+01
3.965029113817351458e+01 -0.000000000000000000e+00 0.000000000000000000e+00 0.000000000000000000e+00 3.965029113817351458e+01 0.000000000000000000e+00 0.000000000000000000e+00 0.000000000000000000e+00 3.965029113817351458e+01
3.966119514954732495e+01 -0.000000000000000000e+00 0.000000000000000000e+00 0.000000000000000000e+00 3.966119514954732495e+01 0.000000000000000000e+00 0.000000000000000000e+00 0.000000000000000000e+00 3.966119514954732495e+01
3.963883725939352587e+01 -0.000000000000000000e+00 0.000000000000000000e+00 0.000000000000000000e+00 3.963883725939352587e+01 0.000000000000000000e+00 0.000000000000000000e+00 0.000000000000000000e+00 3.963883725939352587e+01
3.966920347904041222e+01 -0.000000000000000000e+00 0.000000000000000000e+00 0.000000000000000000e+00 3.966920347904041222e+01 0.000000000000000000e+00 0.000000000000000000e+00 0.000000000000000000e+00 3.966920347904041222e+01
3.963745259444492319e+01 -0.000000000000000000e+00 0.000000000000000000e+00 0.000000000000000000e+00 3.963745259444492319e+01 0.000000000000000000e+00 0.000000000000000000e+00 0.000000000000000000e+00 3.963745259444492319e+01
3.963417270031629869e+01 -0.000000000000000000e+00 0.000000000000000000e+00 0.000000000000000000e+00 3.963417270031629869e+01 0.000000000000000000e+00 0.000000000000000000e+00 0.000000000000000000e+00 3.963417270031629869e+01
3.968619045515372079e+01 -0.000000000000000000e+00 0.000000000000000000e+00 0.000000000000000000e+00 3.968619045515372079e+01 0.000000000000000000e+00 0.000000000000000000e+00 0.000000000000000000e+00 3.968619045515372079e+01
3.964840934494217350e+01 -0.000000000000000000e+00 0.000000000000000000e+00 0.000000000000000000e+00 3.964840934494217350e+01 0.000000000000000000e+00 0.000000000000000000e+00 0.000000000000000000e+00 3.964840934494217350e+01
3.965431971086327678e+01 -0.000000000000000000e+00 0.000000000000000000e+00 0.000000000000000000e+00 3.965431971086327678e+01 0.000000000000000000e+00 0.000000000000000000e+00 0.000000000000000000e+00 3.965431971086327678e+01
