3.993516840857155614e+01 -0.000000000000000000e+00 0.000000000000000000e+00 0.000000000000000000e+00 3.993516840857155614e+01 0.000000000000000000e+00 0.000000000000000000e+00 0.000000000000000000e+00 3.993516840857155614e+01
3.996574359789893549e+01 -0.000000000000000000e+00 0.000000000000000000e+00 0.000000000000000000e+00 3.996574359789893549e+01 0.000000000000000000e+00 0.000000000000000000e+00 0.000000000000000000e+00 3.996574359789893549e+01
3.994313335452194025e+01 -0.000000000000000000e+00 0.000000000000000000e+00 0.000000000000000000e+00 3.994313335452194025e+01 0.000000000000000000e+00 0.000000000000000000e+00 0.000000000000000000e+00 3.994313335452194025e+01
3.990779490916143146e+01 -0.000000000000000000e+00 0.000000000000000000e+00 0.000000000000000000e+00 3.990779490916143146e+01 0.000000000000000000e+00 0.000000000000000000e+00 0.000000000000000000e+00 3.990779490916143146e+01
3.993424146977115896e+01 -0.000000000000000000e+00 0.000000000000000000e+00 0.000000000000000000e+00 3.993424146977115896e+01 0.000000000000000000e+00 0.000000000000000000e+00 0.000000000000000000e+00 3.993424146977115896e+01
3.991285266243956187e+01 -0.000000000000000000e+00 0.000000000000000000e+00 0.000000000000000000e+00 3.991285266243956187e+01 0.000000000000000000e+00 0.000000000000000000e+00 0.000000000000000000e+00 3.991285266243956187e+01
3.991927007262555804e+01 -0.000000000000000000e+00 0.000000000000000000e+00 0.000000000000000000e+00 3.991927007262555804e+01 0.000000000000000000e+00 0.000000000000000000e+00 0.000000000000000000e+00 3.991927007262555804e+01
3.990634955802006800e+01 -0.000000000000000000e+00 0.000000000000000000e+00 0.000000000000000000e+00 3.990634955802006800e+01 0.000000000000000000e+00 0.000000000000000000e+00 0.000000000000000000e+00 3.990634955802006800e+01
3.991824902189142676e+01 -0.000000000000000000e+00 0.000000000000000000e+00 0.000000000000000000e+00 3.991824902189142676e+01 0.000000000000000000e+00 0.000000000000000000e+00 0.000000000000000000e+00 3.991824902189142676e+01
3.987750900175149127e+01 -0.000000000000000000e+00 0.000000000000000000e+00 0.000000000000000000e+00 3.987750900175149127e+01 0.000000000000000000e+00 0.000000000000000000e+00 0.000000000000000000e+00 3.987750900175149127e+01
3.991608449031468808e+01 -0.000000000000000000e+00 0.000000000000000000e+00 0.000000000000000000e+00 3.991608449031468808e+01 0.000000000000000000e+00 0.000000000000000000e+00 0.000000000000000000e+00 3.991608449031468808e+01
3.991001641668039923e+01 -0.000000000000000000e+00 0.000000000000000000e+00 0.000000000000000000e+00 3.991001641668039923e+01 0.000000000000000000e+00 0.000000000000000000e+00 0.000000000000000000e+00 3.991001641668039923e+01
3.989406019661956293e+01 -0.000000000000000000e+00 0.000000000000000000e+00 0.000000000000000000e+00 3.989406019661956293e+01 0.000000000000000000e+00 0.000000000000000000e+00 0.000000000000000000e+00 3.989406019661956293e+01
3.989639756261544790e+01 -0.000000000000000000e+00 0.000000000000000000e+00 0.000000000000000000e+00 3.989639756261544790e+01 0.000000000000000000e+00 0.000000000000000000e+00 0.000000000000000000e+00 3.989639756261544790e+01
3.990418812858317210e+01 -0.000000000000000000e+00 0.000000000000000000e+00 0.000000000000000000e+00 3.990418812858317210e+01 0.000000000000000000e+00 0.000000000000000000e+00 0.000000000000000000e+00 3.990418812858317210e+01
3.992452716241074029e+01 -0.000000000000000000e+00 0.000000000000000000e+00 0.000000000000000000e+00 3.992452716241074029e+01 0.000000000000000000e+00 0.000000000000000000e+00 0.000000000000000000e+00 3.992452716241074029e+01
3.984280687453227898e+01 -0.000000000000000000e+00 0.000000000000000000e+00 0.000000000000000000e+00 3.984280687453227898e+01 0.000000000000000000e+00 0.000000000000000000e+00 0.000000000000000000e+00 3.984280687453227898e+01
3.987998674996379833e+01 -0.000000000000000000e+00 0.000000000000000000e+00 0.000000000000000000e+00 3.987998674996379833e+01 0.000000000000000000e+00 0.000000000000000000e+00 0.000000000000000000e+00 3.987998674996379833e+01
3.991990622783387721e+01 -0.000000000000000000e+00 0.000000000000000000e+00 0.000000000000000000e+00 3.991990622783387721e+01 0.000000000000000000e+00 0.000000000000000000e+00 0.000000000000000000e+00 3.991990622783387721e+01
3.991940452483605384e+01 -0.000000000000000000e+00 0.000000000000000000e+00 0.000000000000000000e+00 3.991940452483605384e+01 0.000000000000000000e+00 0.000000000000000000e+00 0.000000000000000000e+00 3.991940452483605384e+01
3.989489765778504449e+01 -0.000000000000000000e+00 0.000000000000000000e+00 0.000000000000000000e+00 3.989489765778504449e+01 0.000000000000000000e+00 0.000000000000000000e+00 0.000000000000000000e+00 3.989489765778504449e+01
3.986869800010205722e+01 -0.000000000000000000e+00 0.000000000000000000e+00 0.000000000000000000e+00 3.986869800010205722e+01 0.000000000000000000e+00 0.000000000000000000e+00 0.000000000000000000e+00 3.986869800010205722e+01
3.989373806627335028e+01 -0.000000000000000000e+00 0.000000000000000000e+00 0.000000000000000000e+00 3.989373806627335028e+01 0.000000000000000000e+00 0.000000000000000000e+00 0.000000000000000000e+00 3.989373806627335028e+01
3.989297030474638461e+01 -0.000000000000000000e+00 0.000000000000000000e+00 0.000000000000000000e+00 3.989297030474638461e+01 0.000000000000000000e+00 0.000000000000000000e+00 0.000000000000000000e+00 3.989297030474638461e+01
3.993756468885683830e+01 -0.000000000000000000e+00 0.000000000000000000e+00 0.000000000000000000e+00 3.993756468885683830e+01 0.000000000000000000e+00 0.000000000000000000e+00 0.000000000000000000e+00 3.993756468885683830e+01
3.986504652856413600e+01 -0.000000000000000000e+00 0.000000000000000000e+00 0.000000000000000000e+00 3.986504652856413600e+01 0.000000000000000000e+00 0.000000000000000000e+00 0.000000000000000000e+00 3.986504652856413600e+01
3.988815383752945110e+01 -0.000000000000000000e+00 0.000000000000000000e+00 0.000000000000000000e+00 3.988815383752945110e+01 0.000000000000000000e+00 0.000000000000000000e+00 0.000000000000000000e+00 3.988815383752945110e+01
3.990606624537923608e+01 -0.000000000000000000e+00 0.000000000000000000e+00 0.000000000000000000e+00 3.990606624537923608e+01 0.000000000000000000e+00 0.000000000000000000e+00 0.000000000000000000e+00 3.990606624537923608e+01
3.988799671201059027e+01 -0.000000000000000000e+00 0.000000000000000000e+00 0.000000000000000000e+00 3.988799671201059027e+01 0.000000000000000000e+00 0.000000000000000000e+00 0.000000000000000000e+00 3.988799671201059027e+01
3.983481025287737509e+01 -0.000000000000000000e+00 0.000000000000000000e+00 0.000000000000000000e+00 3.983481025287737509e+01 0.000000000000000000e+00 0.000000000000000000e+00 0.000000000000000000e+00 3.983481025287737509e+01
3.987109051838083218e+01 -0.000000000000000000e+00 0.000000000000000000e+00 0.000000000000000000e+00 3.987109051838083218e+01 0.000000000000000000e+00 0.000000000000000000e+00 0.000000000000000000e+00 3.987109051838083218e+01
3.983720768731963346e+01 -0.000000000000000000e+00 0.000000000000000000e+00 0.000000000000000000e+00 3.983720768731963346e+01 0.000000000000000000e+00 0.000000000000000000e+00 0.000000000000000000e+00 3.983720768731963346e+01
3.988396801226441823e+01 -0.000000000000000000e+00 0.000000000000000000e+00 0.000000000000000000e+00 3.988396801226441823e+01 0.000000000000000000e+00 0.000000000000000000e+00 0.000000000000000000e+00 3.988396801226441823e+01
3.984116463192273727e+01 -0.000000000000000000e+00 0.000000000000000000e+00 0.000000000000000000e+00 3.984116463192273727e+01 0.000000000000000000e+00 0.000000000000000000e+00 0.000000000000000000e+00 3.984116463192273727e+01
3.985425210763190762e+01 -0.000000000000000000e+00 0.000000000000000000e+00 0.000000000000000000e+00 3.985425210763190762e+01 0.000000000000000000e+00 0.000000000000000000e+00 0.000000000000000000e+00 3.985425210763190762e+01
3.989728889420066338e+01 -0.000000000000000000e+00 0.000000000000000000e+00 0.000000000000000000e+00 3.989728889420066338e+01 0.000000000000000000e+00 0.000000000000000000e+00 0.000000000000000000e+00 3.989728889420066338e+01
3.987153346030520140e+01 -0.000000000000000000e+00 0.000000000000000000e+00 0.000000000000000000e+00 3.987153346030520140e+01 0.000000000000000000e+00 0.000000000000000000e+00 0.000000000000000000e+00 3.987153346030520140e+01
3.987072376332814372e+01 -0.000000000000000000e+00 0.000000000000000000e+00 0.000000000000000000e+00 3.987072376332814372e+01 0.000000000000000000e+00 0.000000000000000000e+00 0.000000000000000000e+00 3.987072376332814372e+01
3.985253533825888894e+01 -0.000000000000000000e+00 0.000000000000000000e+00 0.000000000000000000e+00 3.985253533825888894e+01 0.000000000000000000e+00 0.000000000000000000e+00 0.000000000000000000e+00 3.985253533825888894e+01
3.984177677117726546e+01 -0.000000000000000000e+00 0.000000000000000000e+00 0.000000000000000000e+00 3.984177677117726546e+01 0.000000000000000000e+00 0.000000000000000000e+00 0.000000000000000000e+00 3.984177677117726546e+01
3.983897304360549185e+01 -0.000000000000000000e+00 0.000000000000000000e+00 0.000000000000000000e+00 3.983897304360549185e+01 0.000000000000000000e+00 0.000000000000000000e+00 0.000000000000000000e+00 3.983897304360549185e+01
3.987470349244466661e+01 -0.000000000000000000e+00 0.000000000000000000e+00 0.000000000000000000e+00 3.987470349244466661e+01 0.000000000000000000e+00 0.000000000000000000e+00 0.000000000000000000e+00 3.987470349244466661e+01
3.986552057120501047e+01 -0.000000000000000000e+00 0.000000000000000000e+00 0.000000000000000000e+00 3.986552057120501047e+01 0.000000000000000000e+00 0.000000000000000000e+00 0.000000000000000000e+00 3.986552057120501047e+01
3.983474948092587908e+01 -0.000000000000000000e+00 0.000000000000000000e+00 0.000000000000000000e+00 3.983474948092587908e+01 0.000000000000000000e+00 0.000000000000000000e+00 0.000000000000000000e+00 3.983474948092587908e+01
3.988180697916192941e+01 -0.000000000000000000e+00 0.000000000000000000e+00 0.000000000000000000e+00 3.988180697916192941e+01 0.000000000000000000e+00 0.000000000000000000e+00 0.000000000000000000e+00 3.988180697916192941e+01
3.983924020013186862e+01 -0.000000000000000000e+00 0.000000000000000000e+00 0.000000000000000000e+00 3.983924020013186862e+01 0.000000000000000000e+00 0.000000000000000000e+00 0.000000000000000000e+00 3.983924020013186862e+01
3.986166838240511368e+01 -0.000000000000000000e+00 0.000000000000000000e+00 0.000000000000000000e+00 3.986166838240511368e+01 0.000000000000000000e+00 0.000000000000000000e+00 0.000000000000000000e+00 3.986166838240511368e+01
3.987103695292736205e+01 -0.000000000000000000e+00 0.000000000000000000e+00 0.000000000000000000e+00 3.987103695292736205e+01 0.000000000000000000e+00 0.000000000000000000e+00 0.000000000000000000e+00 3.987103695292736205e+01
3.988193826007535847e+01 -0.000000000000000000e+00 0.000000000000000000e+00 0.000000000000000000e+00 3.988193826007535847e+01 0.000000000000000000e+00 0.000000000000000000e+00 0.000000000000000000e+00 3.988193826007535847e+01
3.987447815573840870e+01 -0.000000000000000000e+00 0.000000000000000000e+00 0.000000000000000000e+00 3.987447815573840870e+01 0.000000000000000000e+00 0.000000000000000000e+00 0.000000000000000000e+00 3.987447815573840870e+01
3.987305744086077652e+01 -0.000000000000000000e+00 0.000000000000000000e+00 0.000000000000000000e+00 3.987305744086077652e+01 0.000000000000000000e+00 0.000000000000000000e+00 0.000000000000000000e+00 3.987305744086077652e+01
