4.379014489091136397e+01 -0.000000000000000000e+00 0.000000000000000000e+00 0.000000000000000000e+00 4.379014489091136397e+01 0.000000000000000000e+00 0.000000000000000000e+00 0.000000000000000000e+00 4.379014489091136397e+01
4.012793663628043106e+01 -0.000000000000000000e+00 0.000000000000000000e+00 0.000000000000000000e+00 4.012793663628043106e+01 0.000000000000000000e+00 0.000000000000000000e+00 0.000000000000000000e+00 4.012793663628043106e+01
4.008274666173362277e+01 -0.000000000000000000e+00 0.000000000000000000e+00 0.000000000000000000e+00 4.008274666173362277e+01 0.000000000000000000e+00 0.000000000000000000e+00 0.000000000000000000e+00 4.008274666173362277e+01
4.011172883435329339e+01 -0.000000000000000000e+00 0.000000000000000000e+00 0.000000000000000000e+00 4.011172883435329339e+01 0.000000000000000000e+00 0.000000000000000000e+00 0.000000000000000000e+00 4.011172883435329339e+01
4.010817610037585013e+01 -0.000000000000000000e+00 0.000000000000000000e+00 0.000000000000000000e+00 4.010817610037585013e+01 0.000000000000000000e+00 0.000000000000000000e+00 0.000000000000000000e+00 4.010817610037585013e+01
4.012786056180758010e+01 -0.000000000000000000e+00 0.000000000000000000e+00 0.000000000000000000e+00 4.012786056180758010e+01 0.000000000000000000e+00 0.000000000000000000e+00 0.000000000000000000e+00 4.012786056180758010e+01
4.011365782562539550e+01 -0.000000000000000000e+00 0.000000000000000000e+00 0.000000000000000000e+00 4.011365782562539550e+01 0.000000000000000000e+00 0.000000000000000000e+00 0.000000000000000000e+00 4.011365782562539550e+01
4.015316019759710287e+01 -0.000000000000000000e+00 0.000000000000000000e+00 0.000000000000000000e+00 4.015316019759710287e+01 0.000000000000000000e+00 0.000000000000000000e+00 0.000000000000000000e+00 4.015316019759710287e+01
4.007869840581912513e+01 -0.000000000000000000e+00 0.000000000000000000e+00 0.000000000000000000e+00 4.007869840581912513e+01 0.000000000000000000e+00 0.000000000000000000e+00 0.000000000000000000e+00 4.007869840581912513e+01
4.014092844512396852e+01 -0.000000000000000000e+00 0.000000000000000000e+00 0.000000000000000000e+00 4.014092844512396852e+01 0.000000000000000000e+00 0.000000000000000000e+00 0.000000000000000000e+00 4.014092844512396852e+01
4.014389767501917561e+01 -0.000000000000000000e+00 0.000000000000000000e+00 0.000000000000000000e+00 4.014389767501917561e+01 0.000000000000000000e+00 0.000000000000000000e+00 0.000000000000000000e+00 4.014389767501917561e+01
4.008209673209685775e+01 -0.000000000000000000e+00 0.000000000000000000e+00 0.000000000000000000e+00 4.008209673209685775e+01 0.000000000000000000e+00 0.000000000000000000e+00 0.000000000000000000e+00 4.008209673209685775e+01
4.011641901837235480e+01 -0.000000000000000000e+00 0.000000000000000000e+00 0.000000000000000000e+00 4.011641901837235480e+01 0.000000000000000000e+00 0.000000000000000000e+00 0.000000000000000000e+00 4.011641901837235480e+01
4.011319646227035207e+01 -0.000000000000000000e+00 0.000000000000000000e+00 0.000000000000000000e+00 4.011319646227035207e+01 0.000000000000000000e+00 0.000000000000000000e+00 0.000000000000000000e+00 4.011319646227035207e+01
4.010590860819527848e+01 -0.000000000000000000e+00 0.000000000000000000e+00 0.000000000000000000e+00 4.010590860819527848e+01 0.000000000000000000e+00 0.000000000000000000e+00 0.000000000000000000e+00 4.010590860819527848e+01
4.011299139516829371e+01 -0.000000000000000000e+00 0.000000000000000000e+00 0.000000000000000000e+00 4.011299139516829371e+01 0.000000000000000000e+00 0.000000000000000000e+00 0.000000000000000000e+00 4.011299139516829371e+01
4.009095160201125907e+01 -0.000000000000000000e+00 0.000000000000000000e+00 0.000000000000000000e+00 4.009095160201125907e+01 0.000000000000000000e+00 0.000000000000000000e+00 0.000000000000000000e+00 4.009095160201125907e+01
4.009303870930847324e+01 -0.000000000000000000e+00 0.000000000000000000e+00 0.000000000000000000e+00 4.009303870930847324e+01 0.000000000000000000e+00 0.000000000000000000e+00 0.000000000000000000e+00 4.009303870930847324e+01
4.016184156699345209e+01 -0.000000000000000000e+00 0.000000000000000000e+00 0.000000000000000000e+00 4.016184156699345209e+01 0.000000000000000000e+00 0.000000000000000000e+00 0.000000000000000000e+00 4.016184156699345209e+01
4.011463249517331064e+01 -0.000000000000000000e+00 0.000000000000000000e+00 0.000000000000000000e+00 4.011463249517331064e+01 0.000000000000000000e+00 0.000000000000000000e+00 0.000000000000000000e+00 4.011463249517331064e+01
4.012339820238469201e+01 -0.000000000000000000e+00 0.000000000000000000e+00 0.000000000000000000e+00 4.012339820238469201e+01 0.000000000000000000e+00 0.000000000000000000e+00 0.000000000000000000e+00 4.012339820238469201e+01
4.015054879110576991e+01 -0.000000000000000000e+00 0.000000000000000000e+00 0.000000000000000000e+00 4.015054879110576991e+01 0.000000000000000000e+00 0.000000000000000000e+00 0.000000000000000000e+00 4.015054879110576991e+01
4.012785576315455671e+01 -0.000000000000000000e+00 0.000000000000000000e+00 0.000000000000000000e+00 4.012785576315455671e+01 0.000000000000000000e+00 0.000000000000000000e+00 0.000000000000000000e+00 4.012785576315455671e+01
4.015686962348752331e+01 -0.000000000000000000e+00 0.000000000000000000e+00 0.000000000000000000e+00 4.015686962348752331e+01 0.000000000000000000e+00 0.000000000000000000e+00 0.000000000000000000e+00 4.015686962348752331e+01
4.015447450890766845e+01 -0.000000000000000000e+00 0.000000000000000000e+00 0.000000000000000000e+00 4.015447450890766845e+01 0.000000000000000000e+00 0.000000000000000000e+00 0.000000000000000000e+00 4.015447450890766845e+01
4.015506617499205788e+01 -0.000000000000000000e+00 0.000000000000000000e+00 0.000000000000000000e+00 4.015506617499205788e+01 0.000000000000000000e+00 0.000000000000000000e+00 0.000000000000000000e+00 4.015506617499205788e+01
4.017850182364297495e+01 -0.000000000000000000e+00 0.000000000000000000e+00 0.000000000000000000e+00 4.017850182364297495e+01 0.000000000000000000e+00 0.000000000000000000e+00 0.000000000000000000e+00 4.017850182364297495e+01
4.010704723085679291e+01 -0.000000000000000000e+00 0.000000000000000000e+00 0.000000000000000000e+00 4.010704723085679291e+01 0.000000000000000000e+00 0.000000000000000000e+00 0.000000000000000000e+00 4.010704723085679291e+01
4.014136300309128558e+01 -0.000000000000000000e+00 0.000000000000000000e+00 0.000000000000000000e+00 4.014136300309128558e+01 0.000000000000000000e+00 0.000000000000000000e+00 0.000000000000000000e+00 4.014136300309128558e+01
4.010068157446693249e+01 -0.000000000000000000e+00 0.000000000000000000e+00 0.000000000000000000e+00 4.010068157446693249e+01 0.000000000000000000e+00 0.000000000000000000e+00 0.000000000000000000e+00 4.010068157446693249e+01
4.012380032155650866e+01 -0.000000000000000000e+00 0.000000000000000000e+00 0.000000000000000000e+00 4.012380032155650866e+01 0.000000000000000000e+00 0.000000000000000000e+00 0.000000000000000000e+00 4.012380032155650866e+01
4.008085422636688122e+01 -0.000000000000000000e+00 0.000000000000000000e+00 0.000000000000000000e+00 4.008085422636688122e+01 0.000000000000000000e+00 0.000000000000000000e+00 0.000000000000000000e+00 4.008085422636688122e+01
4.012289104186623234e+01 -0.000000000000000000e+00 0.000000000000000000e+00 0.000000000000000000e+00 4.012289104186623234e+01 0.000000000000000000e+00 0.000000000000000000e+00 0.000000000000000000e+00 4.012289104186623234e+01
4.011655909978244949e+01 -0.000000000000000000e+00 0.000000000000000000e+00 0.000000000000000000e+00 4.011655909978244949e+01 0.000000000000000000e+00 0.000000000000000000e+00 0.000000000000000000e+00 4.011655909978244949e+01
4.010776354021525947e+01 -0.000000000000000000e+00 0.000000000000000000e+00 0.000000000000000000e+00 4.010776354021525947e+01 0.000000000000000000e+00 0.000000000000000000e+00 0.000000000000000000e+00 4.010776354021525947e+01
4.014916713110270763e+01 -0.000000000000000000e+00 0.000000000000000000e+00 0.000000000000000000e+00 4.014916713110270763e+01 0.000000000000000000e+00 0.000000000000000000e+00 0.000000000000000000e+00 4.014916713110270763e+01
4.013810976047977164e+01 -0.000000000000000000e+00 0.000000000000000000e+00 0.000000000000000000e+00 4.013810976047977164e+01 0.000000000000000000e+00 0.000000000000000000e+00 0.000000000000000000e+00 4.013810976047977164e+01
4.013337231943810934e+01 -0.000000000000000000e+00 0.000000000000000000e+00 0.000000000000000000e+00 4.013337231943810934e+01 0.000000000000000000e+00 0.000000000000000000e+00 0.000000000000000000e+00 4.013337231943810934e+01
4.011366975041096339e+01 -0.000000000000000000e+00 0.000000000000000000e+00 0.000000000000000000e+00 4.011366975041096339e+01 0.000000000000000000e+00 0.000000000000000000e+00 0.000000000000000000e+00 4.011366975041096339e+01
4.007535641619959677e+01 -0.000000000000000000e+00 0.000000000000000000e+00 0.000000000000000000e+00 4.007535641619959677e+01 0.000000000000000000e+00 0.000000000000000000e+00 0.000000000000000000e+00 4.007535641619959677e+01
4.009735742903646383e+01 -0.000000000000000000e+00 0.000000000000000000e+00 0.000000000000000000e+00 4.009735742903646383e+01 0.000000000000000000e+00 0.000000000000000000e+00 0.000000000000000000e+00 4.009735742903646383e+01
4.014264746818849972e+01 -0.000000000000000000e+00 0.000000000000000000e+00 0.000000000000000000e+00 4.014264746818849972e+01 0.000000000000000000e+00 0.000000000000000000e+00 0.000000000000000000e+00 4.014264746818849972e+01
4.014880675338795868e+01 -0.000000000000000000e+00 0.000000000000000000e+00 0.000000000000000000e+00 4.014880675338795868e+01 0.000000000000000000e+00 0.000000000000000000e+00 0.000000000000000000e+00 4.014880675338795868e+01
4.011127152064537427e+01 -0.000000000000000000e+00 0.000000000000000000e+00 0.000000000000000000e+00 4.011127152064537427e+01 0.000000000000000000e+00 0.000000000000000000e+00 0.000000000000000000e+00 4.011127152064537427e+01
4.010911618729461736e+01 -0.000000000000000000e+00 0.000000000000000000e+00 0.000000000000000000e+00 4.010911618729461736e+01 0.000000000000000000e+00 0.000000000000000000e+00 0.000000000000000000e+00 4.010911618729461736e+01
4.018720640618450801e+01 -0.000000000000000000e+00 0.000000000000000000e+00 0.000000000000000000e+00 4.018720640618450801e+01 0.000000000000000000e+00 0.000000000000000000e+00 0.000000000000000000e+00 4.018720640618450801e+01
4.013025505917002533e+01 -0.000000000000000000e+00 0.000000000000000000e+00 0.000000000000000000e+00 4.013025505917002533e+01 0.000000000000000000e+00 0.000000000000000000e+00 0.000000000000000000e+00 4.013025505917002533e+01
4.011723646722238357e+01 -0.000000000000000000e+00 0.000000000000000000e+00 0.000000000000000000e+00 4.011723646722238357e+01 0.000000000000000000e+00 0.000000000000000000e+00 0.000000000000000000e+00 4.011723646722238357e+01
4.012663952801592160e+01 -0.000000000000000000e+00 0.000000000000000000e+00 0.000000000000000000e+00 4.012663952801592160e+01 0.000000000000000000e+00 0.000000000000000000e+00 0.000000000000000000e+00 4.012663952801592160e+01
4.011076213825561609e+01 -0.000000000000000000e+00 0.000000000000000000e+00 0.000000000000000000e+00 4.011076213825561609e+01 0.000000000000000000e+00 0.000000000000000000e+00 0.000000000000000000e+00 4.011076213825561609e+01
4.014373247366454933e+01 -0.000000000000000000e+00 0.000000000000000000e+00 0.000000000000000000e+00 4.014373247366454933e+01 0.000000000000000000e+00 0.000000000000000000e+00 0.000000000000000000e+00 4.014373247366454933e+01
