3.955249186077112711e+01 -0.000000000000000000e+00 0.000000000000000000e+00 0.000000000000000000e+00 3.955249186077112711e+01 0.000000000000000000e+00 0.000000000000000000e+00 0.000000000000000000e+00 3.955249186077112711e+01
3.957052448682398449e+01 -0.000000000000000000e+00 0.000000000000000000e+00 0.000000000000000000e+00 3.957052448682398449e+01 0.000000000000000000e+00 0.000000000000000000e+00 0.000000000000000000e+00 3.957052448682398449e+01
3.958402447794180290e+01 -0.000000000000000000e+00 0.000000000000000000e+00 0.000000000000000000e+00 3.958402447794180290e+01 0.000000000000000000e+00 0.000000000000000000e+00 0.000000000000000000e+00 3.958402447794180290e+01
3.952975330457751113e+01 -0.000000000000000000e+00 0.000000000000000000e+00 0.000000000000000000e+00 3.952975330457751113e+01 0.000000000000000000e+00 0.000000000000000000e+00 0.000000000000000000e+00 3.952975330457751113e+01
3.954003497849490145e+01 -0.000000000000000000e+00 0.000000000000000000e+00 0.000000000000000000e+00 3.954003497849490145e+01 0.000000000000000000e+00 0.000000000000000000e+00 0.000000000000000000e+00 3.954003497849490145e+01
3.954730173163974882e+01 -0.000000000000000000e+00 0.000000000000000000e+00 0.000000000000000000e+00 3.954730173163974882e+01 0.000000000000000000e+00 0.000000000000000000e+00 0.000000000000000000e+00 3.954730173163974882e+01
3.956806797363907435e+01 -0.000000000000000000e+00 0.000000000000000000e+00 0.000000000000000000e+00 3.956806797363907435e+01 0.000000000000000000e+00 0.000000000000000000e+00 0.000000000000000000e+00 3.956806797363907435e+01
3.953844921258276202e+01 -0.000000000000000000e+00 0.000000000000000000e+00 0.000000000000000000e+00 3.953844921258276202e+01 0.000000000000000000e+00 0.000000000000000000e+00 0.000000000000000000e+00 3.953844921258276202e+01
3.952471137621366637e+01 -0.000000000000000000e+00 0.000000000000000000e+00 0.000000000000000000e+00 3.952471137621366637e+01 0.000000000000000000e+00 0.000000000000000000e+00 0.000000000000000000e+00 3.952471137621366637e+01
3.952729485736341530e+01 -0.000000000000000000e+00 0.000000000000000000e+00 0.000000000000000000e+00 3.952729485736341530e+01 0.000000000000000000e+00 0.000000000000000000e+00 0.000000000000000000e+00 3.952729485736341530e+01
3.956871983110899293e+01 -0.000000000000000000e+00 0.000000000000000000e+00 0.000000000000000000e+00 3.956871983110899293e+01 0.000000000000000000e+00 0.000000000000000000e+00 0.000000000000000000e+00 3.956871983110899293e+01
3.955335087325420318e+01 -0.000000000000000000e+00 0.000000000000000000e+00 0.000000000000000000e+00 3.955335087325420318e+01 0.000000000000000000e+00 0.000000000000000000e+00 0.000000000000000000e+00 3.955335087325420318e+01
3.953405607854586634e+01 -0.000000000000000000e+00 0.000000000000000000e+00 0.000000000000000000e+00 3.953405607854586634e+01 0.000000000000000000e+00 0.000000000000000000e+00 0.000000000000000000e+00 3.953405607854586634e+01
3.953140004548835407e+01 -0.000000000000000000e+00 0.000000000000000000e+00 0.000000000000000000e+00 3.953140004548835407e+01 0.000000000000000000e+00 0.000000000000000000e+00 0.000000000000000000e+00 3.953140004548835407e+01
3.956998930316382257e+01 -0.000000000000000000e+00 0.000000000000000000e+00 0.000000000000000000e+00 3.956998930316382257e+01 0.000000000000000000e+00 0.000000000000000000e+00 0.000000000000000000e+00 3.956998930316382257e+01
3.960283549466679176e+01 -0.000000000000000000e+00 0.000000000000000000e+00 0.000000000000000000e+00 3.960283549466679176e+01 0.000000000000000000e+00 0.000000000000000000e+00 0.000000000000000000e+00 3.960283549466679176e+01
3.953725559925936750e+01 -0.000000000000000000e+00 0.000000000000000000e+00 0.000000000000000000e+00 3.953725559925936750e+01 0.000000000000000000e+00 0.000000000000000000e+00 0.000000000000000000e+00 3.953725559925936750e+01
3.954680100806901066e+01 -0.000000000000000000e+00 0.000000000000000000e+00 0.000000000000000000e+00 3.954680100806901066e+01 0.000000000000000000e+00 0.000000000000000000e+00 0.000000000000000000e+00 3.954680100806901066e+01
3.953228689646611116e+01 -0.000000000000000000e+00 0.000000000000000000e+00 0.000000000000000000e+00 3.953228689646611116e+01 0.000000000000000000e+00 0.000000000000000000e+00 0.000000000000000000e+00 3.953228689646611116e+01
3.957479653652798390e+01 -0.000000000000000000e+00 0.000000000000000000e+00 0.000000000000000000e+00 3.957479653652798390e+01 0.000000000000000000e+00 0.000000000000000000e+00 0.000000000000000000e+00 3.957479653652798390e+01
3.953689124675463518e+01 -0.000000000000000000e+00 0.000000000000000000e+00 0.000000000000000000e+00 3.953689124675463518e+01 0.000000000000000000e+00 0.000000000000000000e+00 0.000000000000000000e+00 3.953689124675463518e+01
3.956159182698660004e+01 -0.000000000000000000e+00 0.000000000000000000e+00 0.000000000000000000e+00 3.956159182698660004e+01 0.000000000000000000e+00 0.000000000000000000e+00 0.000000000000000000e+00 3.956159182698660004e+01
3.955944421233938613e+01 -0.000000000000000000e+00 0.000000000000000000e+00 0.000000000000000000e+00 3.955944421233938613e+01 0.000000000000000000e+00 0.000000000000000000e+00 0.000000000000000000e+00 3.955944421233938613e+01
3.954309573722905213e+01 -0.000000000000000000e+00 0.000000000000000000e+00 0.000000000000000000e+00 3.954309573722905213e+01 0.000000000000000000e+00 0.000000000000000000e+00 0.000000000000000000e+00 3.954309573722905213e+01
3.955665149965160055e+01 -0.000000000000000000e+00 0.000000000000000000e+00 0.000000000000000000e+00 3.955665149965160055e+01 0.000000000000000000e+00 0.000000000000000000e+00 0.000000000000000000e+00 3.955665149965160055e+01
3.954814692523667929e+01 -0.000000000000000000e+00 0.000000000000000000e+00 0.000000000000000000e+00 3.954814692523667929e+01 0.000000000000000000e+00 0.000000000000000000e+00 0.000000000000000000e+00 3.954814692523667929e+01
3.956852318563242932e+01 -0.000000000000000000e+00 0.000000000000000000e+00 0.000000000000000000e+00 3.956852318563242932e+01 0.000000000000000000e+00 0.000000000000000000e+00 0.000000000000000000e+00 3.956852318563242932e+01
3.956728378069806240e+01 -0.000000000000000000e+00 0.000000000000000000e+00 0.000000000000000000e+00 3.956728378069806240e+01 0.000000000000000000e+00 0.000000000000000000e+00 0.000000000000000000e+00 3.956728378069806240e+01
3.952723983373847716e+01 -0.000000000000000000e+00 0.000000000000000000e+00 0.000000000000000000e+00 3.952723983373847716e+01 0.000000000000000000e+00 0.000000000000000000e+00 0.000000000000000000e+00 3.952723983373847716e+01
3.954659077702253711e+01 -0.000000000000000000e+00 0.000000000000000000e+00 0.000000000000000000e+00 3.954659077702253711e+01 0.000000000000000000e+00 0.000000000000000000e+00 0.000000000000000000e+00 3.954659077702253711e+01
3.952815929967722752e+01 -0.000000000000000000e+00 0.000000000000000000e+00 0.000000000000000000e+00 3.952815929967722752e+01 0.000000000000000000e+00 0.000000000000000000e+00 0.000000000000000000e+00 3.952815929967722752e+01
3.956341468172300324e+01 -0.000000000000000000e+00 0.000000000000000000e+00 0.000000000000000000e+00 3.956341468172300324e+01 0.000000000000000000e+00 0.000000000000000000e+00 0.000000000000000000e+00 3.956341468172300324e+01
3.952081132435264976e+01 -0.000000000000000000e+00 0.000000000000000000e+00 0.000000000000000000e+00 3.952081132435264976e+01 0.000000000000000000e+00 0.000000000000000000e+00 0.000000000000000000e+00 3.952081132435264976e+01
3.953202661558829334e+01 -0.000000000000000000e+00 0.000000000000000000e+00 0.000000000000000000e+00 3.953202661558829334e+01 0.000000000000000000e+00 0.000000000000000000e+00 0.000000000000000000e+00 3.953202661558829334e+01
3.956039981557468366e+01 -0.000000000000000000e+00 0.000000000000000000e+00 0.000000000000000000e+00 3.956039981557468366e+01 0.000000000000000000e+00 0.000000000000000000e+00 0.000000000000000000e+00 3.956039981557468366e+01
3.950833721109680141e+01 -0.000000000000000000e+00 0.000000000000000000e+00 0.000000000000000000e+00 3.950833721109680141e+01 0.000000000000000000e+00 0.000000000000000000e+00 0.000000000000000000e+00 3.950833721109680141e+01
3.954035582691251705e+01 -0.000000000000000000e+00 0.000000000000000000e+00 0.000000000000000000e+00 3.954035582691251705e+01 0.000000000000000000e+00 0.000000000000000000e+00 0.000000000000000000e+00 3.954035582691251705e+01
3.956104002612330817e+01 -0.000000000000000000e+00 0.000000000000000000e+00 0.000000000000000000e+00 3.956104002612330817e+01 0.000000000000000000e+00 0.000000000000000000e+00 0.000000000000000000e+00 3.956104002612330817e+01
3.950408439623207357e+01 -0.000000000000000000e+00 0.000000000000000000e+00 0.000000000000000000e+00 3.950408439623207357e+01 0.000000000000000000e+00 0.000000000000000000e+00 0.000000000000000000e+00 3.950408439623207357e+01
3.953279250424120050e+01 -0.000000000000000000e+00 0.000000000000000000e+00 0.000000000000000000e+00 3.953279250424120050e+01 0.000000000000000000e+00 0.000000000000000000e+00 0.000000000000000000e+00 3.953279250424120050e+01
3.953498834110749272e+01 -0.000000000000000000e+00 0.000000000000000000e+00 0.000000000000000000e+00 3.953498834110749272e+01 0.000000000000000000e+00 0.000000000000000000e+00 0.000000000000000000e+00 3.953498834110749272e+01
3.953361835047620332e+01 -0.000000000000000000e+00 0.000000000000000000e+00 0.000000000000000000e+00 3.953361835047620332e+01 0.000000000000000000e+00 0.000000000000000000e+00 0.000000000000000000e+00 3.953361835047620332e+01
3.952643879357461287e+01 -0.000000000000000000e+00 0.000000000000000000e+00 0.000000000000000000e+00 3.952643879357461287e+01 0.000000000000000000e+00 0.000000000000000000e+00 0.000000000000000000e+00 3.952643879357461287e+01
3.952861389388899482e+01 -0.000000000000000000e+00 0.000000000000000000e+00 0.000000000000000000e+00 3.952861389388899482e+01 0.000000000000000000e+00 0.000000000000000000e+00 0.000000000000000000e+00 3.952861389388899482e+01
3.952773376904342939e+01 -0.000000000000000000e+00 0.000000000000000000e+00 0.000000000000000000e+00 3.952773376904342939e+01 0.000000000000000000e+00 0.000000000000000000e+00 0.000000000000000000e+00 3.952773376904342939e+01
3.954371213536101948e+01 -0.000000000000000000e+00 0.000000000000000000e+00 0.000000000000000000e+00 3.954371213536101948e+01 0.000000000000000000e+00 0.000000000000000000e+00 0.000000000000000000e+00 3.954371213536101948e+01
3.952035511466570483e+01 -0.000000000000000000e+00 0.000000000000000000e+00 0.000000000000000000e+00 3.952035511466570483e+01 0.000000000000000000e+00 0.000000000000000000e+00 0.000000000000000000e+00 3.952035511466570483e+01
3.955481887132530971e+01 -0.000000000000000000e+00 0.000000000000000000e+00 0.000000000000000000e+00 3.955481887132530971e+01 0.000000000000000000e+00 0.000000000000000000e+00 0.000000000000000000e+00 3.955481887132530971e+01
3.957125453282694139e+01 -0.000000000000000000e+00 0.000000000000000000e+00 0.000000000000000000e+00 3.957125453282694139e+01 0.000000000000000000e+00 0.000000000000000000e+00 0.000000000000000000e+00 3.957125453282694139e+01
3.954547106363676789e+01 -0.000000000000000000e+00 0.000000000000000000e+00 0.000000000000000000e+00 3.954547106363676789e+01 0.000000000000000000e+00 0.000000000000000000e+00 0.000000000000000000e+00 3.954547106363676789e+01
3.955122989605840189e+01 -0.000000000000000000e+00 0.000000000000000000e+00 0.000000000000000000e+00 3.955122989605840189e+01 0.000000000000000000e+00 0.000000000000000000e+00 0.000000000000000000e+00 3.955122989605840189e+01
