3.996964804646620451e+01 -0.000000000000000000e+00 0.000000000000000000e+00 0.000000000000000000e+00 3.996964804646620451e+01 0.000000000000000000e+00 0.000000000000000000e+00 0.000000000000000000e+00 3.996964804646620451e+01
3.995856759327188712e+01 -0.000000000000000000e+00 0.000000000000000000e+00 0.000000000000000000e+00 3.995856759327188712e+01 0.000000000000000000e+00 0.000000000000000000e+00 0.000000000000000000e+00 3.995856759327188712e+01
3.997561050499338364e+01 -0.000000000000000000e+00 0.000000000000000000e+00 0.000000000000000000e+00 3.997561050499338364e+01 0.000000000000000000e+00 0.000000000000000000e+00 0.000000000000000000e+00 3.997561050499338364e+01
3.994588614838366425e+01 -0.000000000000000000e+00 0.000000000000000000e+00 0.000000000000000000e+00 3.994588614838366425e+01 0.000000000000000000e+00 0.000000000000000000e+00 0.000000000000000000e+00 3.994588614838366425e+01
3.993830554319510640e+01 -0.000000000000000000e+00 0.000000000000000000e+00 0.000000000000000000e+00 3.993830554319510640e+01 0.000000000000000000e+00 0.000000000000000000e+00 0.000000000000000000e+00 3.993830554319510640e+01
3.996481300481639920e+01 -0.000000000000000000e+00 0.000000000000000000e+00 0.000000000000000000e+00 3.996481300481639920e+01 0.000000000000000000e+00 0.000000000000000000e+00 0.000000000000000000e+00 3.996481300481639920e+01
3.995198267873866627e+01 -0.000000000000000000e+00 0.000000000000000000e+00 0.000000000000000000e+00 3.995198267873866627e+01 0.000000000000000000e+00 0.000000000000000000e+00 0.000000000000000000e+00 3.995198267873866627e+01
3.997384923954668778e+01 -0.000000000000000000e+00 0.000000000000000000e+00 0.000000000000000000e+00 3.997384923954668778e+01 0.000000000000000000e+00 0.000000000000000000e+00 0.000000000000000000e+00 3.997384923954668778e+01
3.998104301425343010e+01 -0.000000000000000000e+00 0.000000000000000000e+00 0.000000000000000000e+00 3.998104301425343010e+01 0.000000000000000000e+00 0.000000000000000000e+00 0.000000000000000000e+00 3.998104301425343010e+01
3.991786338641249188e+01 -0.000000000000000000e+00 0.000000000000000000e+00 0.000000000000000000e+00 3.991786338641249188e+01 0.000000000000000000e+00 0.000000000000000000e+00 0.000000000000000000e+00 3.991786338641249188e+01
3.997649746747287480e+01 -0.000000000000000000e+00 0.000000000000000000e+00 0.000000000000000000e+00 3.997649746747287480e+01 0.000000000000000000e+00 0.000000000000000000e+00 0.000000000000000000e+00 3.997649746747287480e+01
3.998178639217577768e+01 -0.000000000000000000e+00 0.000000000000000000e+00 0.000000000000000000e+00 3.998178639217577768e+01 0.000000000000000000e+00 0.000000000000000000e+00 0.000000000000000000e+00 3.998178639217577768e+01
3.995241985559774633e+01 -0.000000000000000000e+00 0.000000000000000000e+00 0.000000000000000000e+00 3.995241985559774633e+01 0.000000000000000000e+00 0.000000000000000000e+00 0.000000000000000000e+00 3.995241985559774633e+01
3.994044383583568703e+01 -0.000000000000000000e+00 0.000000000000000000e+00 0.000000000000000000e+00 3.994044383583568703e+01 0.000000000000000000e+00 0.000000000000000000e+00 0.000000000000000000e+00 3.994044383583568703e+01
3.996177017035056167e+01 -0.000000000000000000e+00 0.000000000000000000e+00 0.000000000000000000e+00 3.996177017035056167e+01 0.000000000000000000e+00 0.000000000000000000e+00 0.000000000000000000e+00 3.996177017035056167e+01
3.996353974612061677e+01 -0.000000000000000000e+00 0.000000000000000000e+00 0.000000000000000000e+00 3.996353974612061677e+01 0.000000000000000000e+00 0.000000000000000000e+00 0.000000000000000000e+00 3.996353974612061677e+01
3.993738947209763523e+01 -0.000000000000000000e+00 0.000000000000000000e+00 0.000000000000000000e+00 3.993738947209763523e+01 0.000000000000000000e+00 0.000000000000000000e+00 0.000000000000000000e+00 3.993738947209763523e+01
3.994955444182426163e+01 -0.000000000000000000e+00 0.000000000000000000e+00 0.000000000000000000e+00 3.994955444182426163e+01 0.000000000000000000e+00 0.000000000000000000e+00 0.000000000000000000e+00 3.994955444182426163e+01
3.996711517944338254e+01 -0.000000000000000000e+00 0.000000000000000000e+00 0.000000000000000000e+00 3.996711517944338254e+01 0.000000000000000000e+00 0.000000000000000000e+00 0.000000000000000000e+00 3.996711517944338254e+01
3.994108688046681976e+01 -0.000000000000000000e+00 0.000000000000000000e+00 0.000000000000000000e+00 3.994108688046681976e+01 0.000000000000000000e+00 0.000000000000000000e+00 0.000000000000000000e+00 3.994108688046681976e+01
3.994104363780652989e+01 -0.000000000000000000e+00 0.000000000000000000e+00 0.000000000000000000e+00 3.994104363780652989e+01 0.000000000000000000e+00 0.000000000000000000e+00 0.000000000000000000e+00 3.994104363780652989e+01
3.994747602710238255e+01 -0.000000000000000000e+00 0.000000000000000000e+00 0.000000000000000000e+00 3.994747602710238255e+01 0.000000000000000000e+00 0.000000000000000000e+00 0.000000000000000000e+00 3.994747602710238255e+01
3.997030221033574549e+01 -0.000000000000000000e+00 0.000000000000000000e+00 0.000000000000000000e+00 3.997030221033574549e+01 0.000000000000000000e+00 0.000000000000000000e+00 0.000000000000000000e+00 3.997030221033574549e+01
3.991940741448739516e+01 -0.000000000000000000e+00 0.000000000000000000e+00 0.000000000000000000e+00 3.991940741448739516e+01 0.000000000000000000e+00 0.000000000000000000e+00 0.000000000000000000e+00 3.991940741448739516e+01
3.993684746243753381e+01 -0.000000000000000000e+00 0.000000000000000000e+00 0.000000000000000000e+00 3.993684746243753381e+01 0.000000000000000000e+00 0.000000000000000000e+00 0.000000000000000000e+00 3.993684746243753381e+01
3.994046896143212422e+01 -0.000000000000000000e+00 0.000000000000000000e+00 0.000000000000000000e+00 3.994046896143212422e+01 0.000000000000000000e+00 0.000000000000000000e+00 0.000000000000000000e+00 3.994046896143212422e+01
3.998052800509702109e+01 -0.000000000000000000e+00 0.000000000000000000e+00 0.000000000000000000e+00 3.998052800509702109e+01 0.000000000000000000e+00 0.000000000000000000e+00 0.000000000000000000e+00 3.998052800509702109e+01
3.994602861114026382e+01 -0.000000000000000000e+00 0.000000000000000000e+00 0.000000000000000000e+00 3.994602861114026382e+01 0.000000000000000000e+00 0.000000000000000000e+00 0.000000000000000000e+00 3.994602861114026382e+01
3.993929469024171652e+01 -0.000000000000000000e+00 0.000000000000000000e+00 0.000000000000000000e+00 3.993929469024171652e+01 0.000000000000000000e+00 0.000000000000000000e+00 0.000000000000000000e+00 3.993929469024171652e+01
3.999477260808521351e+01 -0.000000000000000000e+00 0.000000000000000000e+00 0.000000000000000000e+00 3.999477260808521351e+01 0.000000000000000000e+00 0.000000000000000000e+00 0.000000000000000000e+00 3.999477260808521351e+01
3.996090972912660533e+01 -0.000000000000000000e+00 0.000000000000000000e+00 0.000000000000000000e+00 3.996090972912660533e+01 0.000000000000000000e+00 0.000000000000000000e+00 0.000000000000000000e+00 3.996090972912660533e+01
3.995693681174638812e+01 -0.000000000000000000e+00 0.000000000000000000e+00 0.000000000000000000e+00 3.995693681174638812e+01 0.000000000000000000e+00 0.000000000000000000e+00 0.000000000000000000e+00 3.995693681174638812e+01
3.993303554256088717e+01 -0.000000000000000000e+00 0.000000000000000000e+00 0.000000000000000000e+00 3.993303554256088717e+01 0.000000000000000000e+00 0.000000000000000000e+00 0.000000000000000000e+00 3.993303554256088717e+01
3.993830712189945586e+01 -0.000000000000000000e+00 0.000000000000000000e+00 0.000000000000000000e+00 3.993830712189945586e+01 0.000000000000000000e+00 0.000000000000000000e+00 0.000000000000000000e+00 3.993830712189945586e+01
3.993999662709363463e+01 -0.000000000000000000e+00 0.000000000000000000e+00 0.000000000000000000e+00 3.993999662709363463e+01 0.000000000000000000e+00 0.000000000000000000e+00 0.000000000000000000e+00 3.993999662709363463e+01
3.989689889086402275e+01 -0.000000000000000000e+00 0.000000000000000000e+00 0.000000000000000000e+00 3.989689889086402275e+01 0.000000000000000000e+00 0.000000000000000000e+00 0.000000000000000000e+00 3.989689889086402275e+01
3.992698781466044977e+01 -0.000000000000000000e+00 0.000000000000000000e+00 0.000000000000000000e+00 3.992698781466044977e+01 0.000000000000000000e+00 0.000000000000000000e+00 0.000000000000000000e+00 3.992698781466044977e+01
3.991141298448727781e+01 -0.000000000000000000e+00 0.000000000000000000e+00 0.000000000000000000e+00 3.991141298448727781e+01 0.000000000000000000e+00 0.000000000000000000e+00 0.000000000000000000e+00 3.991141298448727781e+01
3.991500282509203146e+01 -0.000000000000000000e+00 0.000000000000000000e+00 0.000000000000000000e+00 3.991500282509203146e+01 0.000000000000000000e+00 0.000000000000000000e+00 0.000000000000000000e+00 3.991500282509203146e+01
3.993972998937658048e+01 -0.000000000000000000e+00 0.000000000000000000e+00 0.000000000000000000e+00 3.993972998937658048e+01 0.000000000000000000e+00 0.000000000000000000e+00 0.000000000000000000e+00 3.993972998937658048e+01
3.992057435988144221e+01 -0.000000000000000000e+00 0.000000000000000000e+00 0.000000000000000000e+00 3.992057435988144221e+01 0.000000000000000000e+00 0.000000000000000000e+00 0.000000000000000000e+00 3.992057435988144221e+01
3.996005879018043316e+01 -0.000000000000000000e+00 0.000000000000000000e+00 0.000000000000000000e+00 3.996005879018043316e+01 0.000000000000000000e+00 0.000000000000000000e+00 0.000000000000000000e+00 3.996005879018043316e+01
3.991767328358730538e+01 -0.000000000000000000e+00 0.000000000000000000e+00 0.000000000000000000e+00 3.991767328358730538e+01 0.000000000000000000e+00 0.000000000000000000e+00 0.000000000000000000e+00 3.991767328358730538e+01
3.993920463617732253e+01 -0.000000000000000000e+00 0.000000000000000000e+00 0.000000000000000000e+00 3.993920463617732253e+01 0.000000000000000000e+00 0.000000000000000000e+00 0.000000000000000000e+00 3.993920463617732253e+01
3.993449999664154859e+01 -0.000000000000000000e+00 0.000000000000000000e+00 0.000000000000000000e+00 3.993449999664154859e+01 0.000000000000000000e+00 0.000000000000000000e+00 0.000000000000000000e+00 3.993449999664154859e+01
3.990573872880685258e+01 -0.000000000000000000e+00 0.000000000000000000e+00 0.000000000000000000e+00 3.990573872880685258e+01 0.000000000000000000e+00 0.000000000000000000e+00 0.000000000000000000e+00 3.990573872880685258e+01
3.991748119941968298e+01 -0.000000000000000000e+00 0.000000000000000000e+00 0.000000000000000000e+00 3.991748119941968298e+01 0.000000000000000000e+00 0.000000000000000000e+00 0.000000000000000000e+00 3.991748119941968298e+01
3.993670106613564030e+01 -0.000000000000000000e+00 0.000000000000000000e+00 0.000000000000000000e+00 3.993670106613564030e+01 0.000000000000000000e+00 0.000000000000000000e+00 0.000000000000000000e+00 3.993670106613564030e+01
3.990101225879024582e+01 -0.000000000000000000e+00 0.000000000000000000e+00 0.000000000000000000e+00 3.990101225879024582e+01 0.000000000000000000e+00 0.000000000000000000e+00 0.000000000000000000e+00 3.990101225879024582e+01
3.992957272451050699e+01 -0.000000000000000000e+00 0.000000000000000000e+00 0.000000000000000000e+00 3.992957272451050699e+01 0.000000000000000000e+00 0.000000000000000000e+00 0.000000000000000000e+00 3.992957272451050699e+01
3.988137761957149507e+01 -0.000000000000000000e+00 0.000000000000000000e+00 0.000000000000000000e+00 3.988137761957149507e+01 0.000000000000000000e+00 0.000000000000000000e+00 0.000000000000000000e+00 3.988137761957149507e+01
