3.988137761957149507e+01 -0.000000000000000000e+00 0.000000000000000000e+00 0.000000000000000000e+00 3.988137761957149507e+01 0.000000000000000000e+00 0.000000000000000000e+00 0.000000000000000000e+00 3.988137761957149507e+01
3.992365254006067232e+01 -0.000000000000000000e+00 0.000000000000000000e+00 0.000000000000000000e+00 3.992365254006067232e+01 0.000000000000000000e+00 0.000000000000000000e+00 0.000000000000000000e+00 3.992365254006067232e+01
3.991508203887352124e+01 -0.000000000000000000e+00 0.000000000000000000e+00 0.000000000000000000e+00 3.991508203887352124e+01 0.000000000000000000e+00 0.000000000000000000e+00 0.000000000000000000e+00 3.991508203887352124e+01
3.989770286809458355e+01 -0.000000000000000000e+00 0.000000000000000000e+00 0.000000000000000000e+00 3.989770286809458355e+01 0.000000000000000000e+00 0.000000000000000000e+00 0.000000000000000000e+00 3.989770286809458355e+01
3.991927919433242522e+01 -0.000000000000000000e+00 0.000000000000000000e+00 0.000000000000000000e+00 3.991927919433242522e+01 0.000000000000000000e+00 0.000000000000000000e+00 0.000000000000000000e+00 3.991927919433242522e+01
3.993567482870795260e+01 -0.000000000000000000e+00 0.000000000000000000e+00 0.000000000000000000e+00 3.993567482870795260e+01 0.000000000000000000e+00 0.000000000000000000e+00 0.000000000000000000e+00 3.993567482870795260e+01
3.992069103479431647e+01 -0.000000000000000000e+00 0.000000000000000000e+00 0.000000000000000000e+00 3.992069103479431647e+01 0.000000000000000000e+00 0.000000000000000000e+00 0.000000000000000000e+00 3.992069103479431647e+01
3.987845686884348595e+01 -0.000000000000000000e+00 0.000000000000000000e+00 0.000000000000000000e+00 3.987845686884348595e+01 0.000000000000000000e+00 0.000000000000000000e+00 0.000000000000000000e+00 3.987845686884348595e+01
3.988131198041031666e+01 -0.000000000000000000e+00 0.000000000000000000e+00 0.000000000000000000e+00 3.988131198041031666e+01 0.000000000000000000e+00 0.000000000000000000e+00 0.000000000000000000e+00 3.988131198041031666e+01
3.989807276794935831e+01 -0.000000000000000000e+00 0.000000000000000000e+00 0.000000000000000000e+00 3.989807276794935831e+01 0.000000000000000000e+00 0.000000000000000000e+00 0.000000000000000000e+00 3.989807276794935831e+01
3.991588235765959780e+01 -0.000000000000000000e+00 0.000000000000000000e+00 0.000000000000000000e+00 3.991588235765959780e+01 0.000000000000000000e+00 0.000000000000000000e+00 0.000000000000000000e+00 3.991588235765959780e+01
3.992434095726117249e+01 -0.000000000000000000e+00 0.000000000000000000e+00 0.000000000000000000e+00 3.992434095726117249e+01 0.000000000000000000e+00 0.000000000000000000e+00 0.000000000000000000e+00 3.992434095726117249e+01
3.991667784621364490e+01 -0.000000000000000000e+00 0.000000000000000000e+00 0.000000000000000000e+00 3.991667784621364490e+01 0.000000000000000000e+00 0.000000000000000000e+00 0.000000000000000000e+00 3.991667784621364490e+01
3.993426370849834939e+01 -0.000000000000000000e+00 0.000000000000000000e+00 0.000000000000000000e+00 3.993426370849834939e+01 0.000000000000000000e+00 0.000000000000000000e+00 0.000000000000000000e+00 3.993426370849834939e+01
3.992474003691060602e+01 -0.000000000000000000e+00 0.000000000000000000e+00 0.000000000000000000e+00 3.992474003691060602e+01 0.000000000000000000e+00 0.000000000000000000e+00 0.000000000000000000e+00 3.992474003691060602e+01
3.989875317352051098e+01 -0.000000000000000000e+00 0.000000000000000000e+00 0.000000000000000000e+00 3.989875317352051098e+01 0.000000000000000000e+00 0.000000000000000000e+00 0.000000000000000000e+00 3.989875317352051098e+01
3.994244755428438509e+01 -0.000000000000000000e+00 0.000000000000000000e+00 0.000000000000000000e+00 3.994244755428438509e+01 0.000000000000000000e+00 0.000000000000000000e+00 0.000000000000000000e+00 3.994244755428438509e+01
3.992546896185609029e+01 -0.000000000000000000e+00 0.000000000000000000e+00 0.000000000000000000e+00 3.992546896185609029e+01 0.000000000000000000e+00 0.000000000000000000e+00 0.000000000000000000e+00 3.992546896185609029e+01
3.990490874851228398e+01 -0.000000000000000000e+00 0.000000000000000000e+00 0.000000000000000000e+00 3.990490874851228398e+01 0.000000000000000000e+00 0.000000000000000000e+00 0.000000000000000000e+00 3.990490874851228398e+01
3.992093430806803411e+01 -0.000000000000000000e+00 0.000000000000000000e+00 0.000000000000000000e+00 3.992093430806803411e+01 0.000000000000000000e+00 0.000000000000000000e+00 0.000000000000000000e+00 3.992093430806803411e+01
3.989813833106275354e+01 -0.000000000000000000e+00 0.000000000000000000e+00 0.000000000000000000e+00 3.989813833106275354e+01 0.000000000000000000e+00 0.000000000000000000e+00 0.000000000000000000e+00 3.989813833106275354e+01
3.992773738940955752e+01 -0.000000000000000000e+00 0.000000000000000000e+00 0.000000000000000000e+00 3.992773738940955752e+01 0.000000000000000000e+00 0.000000000000000000e+00 0.000000000000000000e+00 3.992773738940955752e+01
3.994507750996010031e+01 -0.000000000000000000e+00 0.000000000000000000e+00 0.000000000000000000e+00 3.994507750996010031e+01 0.000000000000000000e+00 0.000000000000000000e+00 0.000000000000000000e+00 3.994507750996010031e+01
3.993084158104930736e+01 -0.000000000000000000e+00 0.000000000000000000e+00 0.000000000000000000e+00 3.993084158104930736e+01 0.000000000000000000e+00 0.000000000000000000e+00 0.000000000000000000e+00 3.993084158104930736e+01
3.992078494431341795e+01 -0.000000000000000000e+00 0.000000000000000000e+00 0.000000000000000000e+00 3.992078494431341795e+01 0.000000000000000000e+00 0.000000000000000000e+00 0.000000000000000000e+00 3.992078494431341795e+01
3.994113383377867876e+01 -0.000000000000000000e+00 0.000000000000000000e+00 0.000000000000000000e+00 3.994113383377867876e+01 0.000000000000000000e+00 0.000000000000000000e+00 0.000000000000000000e+00 3.994113383377867876e+01
3.989053534634297193e+01 -0.000000000000000000e+00 0.000000000000000000e+00 0.000000000000000000e+00 3.989053534634297193e+01 0.000000000000000000e+00 0.000000000000000000e+00 0.000000000000000000e+00 3.989053534634297193e+01
3.990712784088037779e+01 -0.000000000000000000e+00 0.000000000000000000e+00 0.000000000000000000e+00 3.990712784088037779e+01 0.000000000000000000e+00 0.000000000000000000e+00 0.000000000000000000e+00 3.990712784088037779e+01
3.991814966382191443e+01 -0.000000000000000000e+00 0.000000000000000000e+00 0.000000000000000000e+00 3.991814966382191443e+01 0.000000000000000000e+00 0.000000000000000000e+00 0.000000000000000000e+00 3.991814966382191443e+01
3.988998503068255275e+01 -0.000000000000000000e+00 0.000000000000000000e+00 0.000000000000000000e+00 3.988998503068255275e+01 0.000000000000000000e+00 0.000000000000000000e+00 0.000000000000000000e+00 3.988998503068255275e+01
3.992638508671976183e+01 -0.000000000000000000e+00 0.000000000000000000e+00 0.000000000000000000e+00 3.992638508671976183e+01 0.000000000000000000e+00 0.000000000000000000e+00 0.000000000000000000e+00 3.992638508671976183e+01
3.990714869056727565e+01 -0.000000000000000000e+00 0.000000000000000000e+00 0.000000000000000000e+00 3.990714869056727565e+01 0.000000000000000000e+00 0.000000000000000000e+00 0.000000000000000000e+00 3.990714869056727565e+01
3.990493750594568212e+01 -0.000000000000000000e+00 0.000000000000000000e+00 0.000000000000000000e+00 3.990493750594568212e+01 0.000000000000000000e+00 0.000000000000000000e+00 0.000000000000000000e+00 3.990493750594568212e+01
3.989322154840958490e+01 -0.000000000000000000e+00 0.000000000000000000e+00 0.000000000000000000e+00 3.989322154840958490e+01 0.000000000000000000e+00 0.000000000000000000e+00 0.000000000000000000e+00 3.989322154840958490e+01
3.991573371096608014e+01 -0.000000000000000000e+00 0.000000000000000000e+00 0.000000000000000000e+00 3.991573371096608014e+01 0.000000000000000000e+00 0.000000000000000000e+00 0.000000000000000000e+00 3.991573371096608014e+01
3.991548330127416477e+01 -0.000000000000000000e+00 0.000000000000000000e+00 0.000000000000000000e+00 3.991548330127416477e+01 0.000000000000000000e+00 0.000000000000000000e+00 0.000000000000000000e+00 3.991548330127416477e+01
3.991950944172174331e+01 -0.000000000000000000e+00 0.000000000000000000e+00 0.000000000000000000e+00 3.991950944172174331e+01 0.000000000000000000e+00 0.000000000000000000e+00 0.000000000000000000e+00 3.991950944172174331e+01
3.991000652899265333e+01 -0.000000000000000000e+00 0.000000000000000000e+00 0.000000000000000000e+00 3.991000652899265333e+01 0.000000000000000000e+00 0.000000000000000000e+00 0.000000000000000000e+00 3.991000652899265333e+01
3.988917792945068896e+01 -0.000000000000000000e+00 0.000000000000000000e+00 0.000000000000000000e+00 3.988917792945068896e+01 0.000000000000000000e+00 0.000000000000000000e+00 0.000000000000000000e+00 3.988917792945068896e+01
3.991208605681623567e+01 -0.000000000000000000e+00 0.000000000000000000e+00 0.000000000000000000e+00 3.991208605681623567e+01 0.000000000000000000e+00 0.000000000000000000e+00 0.000000000000000000e+00 3.991208605681623567e+01
3.990147450512361615e+01 -0.000000000000000000e+00 0.000000000000000000e+00 0.000000000000000000e+00 3.990147450512361615e+01 0.000000000000000000e+00 0.000000000000000000e+00 0.000000000000000000e+00 3.990147450512361615e+01
3.996966544386140185e+01 -0.000000000000000000e+00 0.000000000000000000e+00 0.000000000000000000e+00 3.996966544386140185e+01 0.000000000000000000e+00 0.000000000000000000e+00 0.000000000000000000e+00 3.996966544386140185e+01
3.988628429692715827e+01 -0.000000000000000000e+00 0.000000000000000000e+00 0.000000000000000000e+00 3.988628429692715827e+01 0.000000000000000000e+00 0.000000000000000000e+00 0.000000000000000000e+00 3.988628429692715827e+01
3.992522695770323793e+01 -0.000000000000000000e+00 0.000000000000000000e+00 0.000000000000000000e+00 3.992522695770323793e+01 0.000000000000000000e+00 0.000000000000000000e+00 0.000000000000000000e+00 3.992522695770323793e+01
3.992440404352829830e+01 -0.000000000000000000e+00 0.000000000000000000e+00 0.000000000000000000e+00 3.992440404352829830e+01 0.000000000000000000e+00 0.000000000000000000e+00 0.000000000000000000e+00 3.992440404352829830e+01
3.989982160966599167e+01 -0.000000000000000000e+00 0.000000000000000000e+00 0.000000000000000000e+00 3.989982160966599167e+01 0.000000000000000000e+00 0.000000000000000000e+00 0.000000000000000000e+00 3.989982160966599167e+01
3.992730759097248239e+01 -0.000000000000000000e+00 0.000000000000000000e+00 0.000000000000000000e+00 3.992730759097248239e+01 0.000000000000000000e+00 0.000000000000000000e+00 0.000000000000000000e+00 3.992730759097248239e+01
3.992184575393027046e+01 -0.000000000000000000e+00 0.000000000000000000e+00 0.000000000000000000e+00 3.992184575393027046e+01 0.000000000000000000e+00 0.000000000000000000e+00 0.000000000000000000e+00 3.992184575393027046e+01
3.988014015283602021e+01 -0.000000000000000000e+00 0.000000000000000000e+00 0.000000000000000000e+00 3.988014015283602021e+01 0.000000000000000000e+00 0.000000000000000000e+00 0.000000000000000000e+00 3.988014015283602021e+01
3.990822671162428037e+01 -0.000000000000000000e+00 0.000000000000000000e+00 0.000000000000000000e+00 3.990822671162428037e+01 0.000000000000000000e+00 0.000000000000000000e+00 0.000000000000000000e+00 3.990822671162428037e+01
3.993516840857155614e+01 -0.000000000000000000e+00 0.000000000000000000e+00 0.000000000000000000e+00 3.993516840857155614e+01 0.000000000000000000e+00 0.000000000000000000e+00 0.000000000000000000e+00 3.993516840857155614e+01
