3.987305744086077652e+01 -0.000000000000000000e+00 0.000000000000000000e+00 0.000000000000000000e+00 3.987305744086077652e+01 0.000000000000000000e+00 0.000000000000000000e+00 0.000000000000000000e+00 3.987305744086077652e+01
3.985383961784832962e+01 -0.000000000000000000e+00 0.000000000000000000e+00 0.000000000000000000e+00 3.985383961784832962e+01 0.000000000000000000e+00 0.000000000000000000e+00 0.000000000000000000e+00 3.985383961784832962e+01
3.982953648024969340e+01 -0.000000000000000000e+00 0.000000000000000000e+00 0.000000000000000000e+00 3.982953648024969340e+01 0.000000000000000000e+00 0.000000000000000000e+00 0.000000000000000000e+00 3.982953648024969340e+01
3.985674671741520569e+01 -0.000000000000000000e+00 0.000000000000000000e+00 0.000000000000000000e+00 3.985674671741520569e+01 0.000000000000000000e+00 0.000000000000000000e+00 0.000000000000000000e+00 3.985674671741520569e+01
3.983885828667560247e+01 -0.000000000000000000e+00 0.000000000000000000e+00 0.000000000000000000e+00 3.983885828667560247e+01 0.000000000000000000e+00 0.000000000000000000e+00 0.000000000000000000e+00 3.983885828667560247e+01
3.987224373801880972e+01 -0.000000000000000000e+00 0.000000000000000000e+00 0.000000000000000000e+00 3.987224373801880972e+01 0.000000000000000000e+00 0.000000000000000000e+00 0.000000000000000000e+00 3.987224373801880972e+01
3.988268117558050108e+01 -0.000000000000000000e+00 0.000000000000000000e+00 0.000000000000000000e+00 3.988268117558050108e+01 0.000000000000000000e+00 0.000000000000000000e+00 0.000000000000000000e+00 3.988268117558050108e+01
3.986886250881678961e+01 -0.000000000000000000e+00 0.000000000000000000e+00 0.000000000000000000e+00 3.986886250881678961e+01 0.000000000000000000e+00 0.000000000000000000e+00 0.000000000000000000e+00 3.986886250881678961e+01
3.988070562397528818e+01 -0.000000000000000000e+00 0.000000000000000000e+00 0.000000000000000000e+00 3.988070562397528818e+01 0.000000000000000000e+00 0.000000000000000000e+00 0.000000000000000000e+00 3.988070562397528818e+01
3.990549672156063821e+01 -0.000000000000000000e+00 0.000000000000000000e+00 0.000000000000000000e+00 3.990549672156063821e+01 0.000000000000000000e+00 0.000000000000000000e+00 0.000000000000000000e+00 3.990549672156063821e+01
3.986725405588390458e+01 -0.000000000000000000e+00 0.000000000000000000e+00 0.000000000000000000e+00 3.986725405588390458e+01 0.000000000000000000e+00 0.000000000000000000e+00 0.000000000000000000e+00 3.986725405588390458e+01
3.984197712188733931e+01 -0.000000000000000000e+00 0.000000000000000000e+00 0.000000000000000000e+00 3.984197712188733931e+01 0.000000000000000000e+00 0.000000000000000000e+00 0.000000000000000000e+00 3.984197712188733931e+01
3.986566174906837290e+01 -0.000000000000000000e+00 0.000000000000000000e+00 0.000000000000000000e+00 3.986566174906837290e+01 0.000000000000000000e+00 0.000000000000000000e+00 0.000000000000000000e+00 3.986566174906837290e+01
3.984909204983281938e+01 -0.000000000000000000e+00 0.000000000000000000e+00 0.000000000000000000e+00 3.984909204983281938e+01 0.000000000000000000e+00 0.000000000000000000e+00 0.000000000000000000e+00 3.984909204983281938e+01
3.985330402881113798e+01 -0.000000000000000000e+00 0.000000000000000000e+00 0.000000000000000000e+00 3.985330402881113798e+01 0.000000000000000000e+00 0.000000000000000000e+00 0.000000000000000000e+00 3.985330402881113798e+01
3.985119737761418435e+01 -0.000000000000000000e+00 0.000000000000000000e+00 0.000000000000000000e+00 3.985119737761418435e+01 0.000000000000000000e+00 0.000000000000000000e+00 0.000000000000000000e+00 3.985119737761418435e+01
3.987019412100623583e+01 -0.000000000000000000e+00 0.000000000000000000e+00 0.000000000000000000e+00 3.987019412100623583e+01 0.000000000000000000e+00 0.000000000000000000e+00 0.000000000000000000e+00 3.987019412100623583e+01
3.986715908642572970e+01 -0.000000000000000000e+00 0.000000000000000000e+00 0.000000000000000000e+00 3.986715908642572970e+01 0.000000000000000000e+00 0.000000000000000000e+00 0.000000000000000000e+00 3.986715908642572970e+01
3.984287985720854408e+01 -0.000000000000000000e+00 0.000000000000000000e+00 0.000000000000000000e+00 3.984287985720854408e+01 0.000000000000000000e+00 0.000000000000000000e+00 0.000000000000000000e+00 3.984287985720854408e+01
3.982226659231801591e+01 -0.000000000000000000e+00 0.000000000000000000e+00 0.000000000000000000e+00 3.982226659231801591e+01 0.000000000000000000e+00 0.000000000000000000e+00 0.000000000000000000e+00 3.982226659231801591e+01
3.985338734923799819e+01 -0.000000000000000000e+00 0.000000000000000000e+00 0.000000000000000000e+00 3.985338734923799819e+01 0.000000000000000000e+00 0.000000000000000000e+00 0.000000000000000000e+00 3.985338734923799819e+01
3.988168118172514198e+01 -0.000000000000000000e+00 0.000000000000000000e+00 0.000000000000000000e+00 3.988168118172514198e+01 0.000000000000000000e+00 0.000000000000000000e+00 0.000000000000000000e+00 3.988168118172514198e+01
3.984750916663425357e+01 -0.000000000000000000e+00 0.000000000000000000e+00 0.000000000000000000e+00 3.984750916663425357e+01 0.000000000000000000e+00 0.000000000000000000e+00 0.000000000000000000e+00 3.984750916663425357e+01
3.988172402258322791e+01 -0.000000000000000000e+00 0.000000000000000000e+00 0.000000000000000000e+00 3.988172402258322791e+01 0.000000000000000000e+00 0.000000000000000000e+00 0.000000000000000000e+00 3.988172402258322791e+01
3.983834937154261269e+01 -0.000000000000000000e+00 0.000000000000000000e+00 0.000000000000000000e+00 3.983834937154261269e+01 0.000000000000000000e+00 0.000000000000000000e+00 0.000000000000000000e+00 3.983834937154261269e+01
3.987119886965997750e+01 -0.000000000000000000e+00 0.000000000000000000e+00 0.000000000000000000e+00 3.987119886965997750e+01 0.000000000000000000e+00 0.000000000000000000e+00 0.000000000000000000e+00 3.987119886965997750e+01
3.985825963313997278e+01 -0.000000000000000000e+00 0.000000000000000000e+00 0.000000000000000000e+00 3.985825963313997278e+01 0.000000000000000000e+00 0.000000000000000000e+00 0.000000000000000000e+00 3.985825963313997278e+01
3.983302652059029469e+01 -0.000000000000000000e+00 0.000000000000000000e+00 0.000000000000000000e+00 3.983302652059029469e+01 0.000000000000000000e+00 0.000000000000000000e+00 0.000000000000000000e+00 3.983302652059029469e+01
3.985132054703763060e+01 -0.000000000000000000e+00 0.000000000000000000e+00 0.000000000000000000e+00 3.985132054703763060e+01 0.000000000000000000e+00 0.000000000000000000e+00 0.000000000000000000e+00 3.985132054703763060e+01
3.987524797875370552e+01 -0.000000000000000000e+00 0.000000000000000000e+00 0.000000000000000000e+00 3.987524797875370552e+01 0.000000000000000000e+00 0.000000000000000000e+00 0.000000000000000000e+00 3.987524797875370552e+01
3.986544064776636986e+01 -0.000000000000000000e+00 0.000000000000000000e+00 0.000000000000000000e+00 3.986544064776636986e+01 0.000000000000000000e+00 0.000000000000000000e+00 0.000000000000000000e+00 3.986544064776636986e+01
3.987771194785668172e+01 -0.000000000000000000e+00 0.000000000000000000e+00 0.000000000000000000e+00 3.987771194785668172e+01 0.000000000000000000e+00 0.000000000000000000e+00 0.000000000000000000e+00 3.987771194785668172e+01
3.985941865507547277e+01 -0.000000000000000000e+00 0.000000000000000000e+00 0.000000000000000000e+00 3.985941865507547277e+01 0.000000000000000000e+00 0.000000000000000000e+00 0.000000000000000000e+00 3.985941865507547277e+01
3.982478060607422776e+01 -0.000000000000000000e+00 0.000000000000000000e+00 0.000000000000000000e+00 3.982478060607422776e+01 0.000000000000000000e+00 0.000000000000000000e+00 0.000000000000000000e+00 3.982478060607422776e+01
3.985654598645184876e+01 -0.000000000000000000e+00 0.000000000000000000e+00 0.000000000000000000e+00 3.985654598645184876e+01 0.000000000000000000e+00 0.000000000000000000e+00 0.000000000000000000e+00 3.985654598645184876e+01
3.986195707328963778e+01 -0.000000000000000000e+00 0.000000000000000000e+00 0.000000000000000000e+00 3.986195707328963778e+01 0.000000000000000000e+00 0.000000000000000000e+00 0.000000000000000000e+00 3.986195707328963778e+01
3.986722305391992904e+01 -0.000000000000000000e+00 0.000000000000000000e+00 0.000000000000000000e+00 3.986722305391992904e+01 0.000000000000000000e+00 0.000000000000000000e+00 0.000000000000000000e+00 3.986722305391992904e+01
3.988027865892660628e+01 -0.000000000000000000e+00 0.000000000000000000e+00 0.000000000000000000e+00 3.988027865892660628e+01 0.000000000000000000e+00 0.000000000000000000e+00 0.000000000000000000e+00 3.988027865892660628e+01
3.982956984952039647e+01 -0.000000000000000000e+00 0.000000000000000000e+00 0.000000000000000000e+00 3.982956984952039647e+01 0.000000000000000000e+00 0.000000000000000000e+00 0.000000000000000000e+00 3.982956984952039647e+01
3.986217780265727129e+01 -0.000000000000000000e+00 0.000000000000000000e+00 0.000000000000000000e+00 3.986217780265727129e+01 0.000000000000000000e+00 0.000000000000000000e+00 0.000000000000000000e+00 3.986217780265727129e+01
3.985471090345320988e+01 -0.000000000000000000e+00 0.000000000000000000e+00 0.000000000000000000e+00 3.985471090345320988e+01 0.000000000000000000e+00 0.000000000000000000e+00 0.000000000000000000e+00 3.985471090345320988e+01
3.985477795578124471e+01 -0.000000000000000000e+00 0.000000000000000000e+00 0.000000000000000000e+00 3.985477795578124471e+01 0.000000000000000000e+00 0.000000000000000000e+00 0.000000000000000000e+00 3.985477795578124471e+01
3.984327766033850082e+01 -0.000000000000000000e+00 0.000000000000000000e+00 0.000000000000000000e+00 3.984327766033850082e+01 0.000000000000000000e+00 0.000000000000000000e+00 0.000000000000000000e+00 3.984327766033850082e+01
3.982959121748903897e+01 -0.000000000000000000e+00 0.000000000000000000e+00 0.000000000000000000e+00 3.982959121748903897e+01 0.000000000000000000e+00 0.000000000000000000e+00 0.000000000000000000e+00 3.982959121748903897e+01
3.984976625423803398e+01 -0.000000000000000000e+00 0.000000000000000000e+00 0.000000000000000000e+00 3.984976625423803398e+01 0.000000000000000000e+00 0.000000000000000000e+00 0.000000000000000000e+00 3.984976625423803398e+01
3.984852938131117384e+01 -0.000000000000000000e+00 0.000000000000000000e+00 0.000000000000000000e+00 3.984852938131117384e+01 0.000000000000000000e+00 0.000000000000000000e+00 0.000000000000000000e+00 3.984852938131117384e+01
3.983195940855398476e+01 -0.000000000000000000e+00 0.000000000000000000e+00 0.000000000000000000e+00 3.983195940855398476e+01 0.000000000000000000e+00 0.000000000000000000e+00 0.000000000000000000e+00 3.983195940855398476e+01
3.989655494609547048e+01 -0.000000000000000000e+00 0.000000000000000000e+00 0.000000000000000000e+00 3.989655494609547048e+01 0.000000000000000000e+00 0.000000000000000000e+00 0.000000000000000000e+00 3.989655494609547048e+01
3.988320225454179990e+01 -0.000000000000000000e+00 0.000000000000000000e+00 0.000000000000000000e+00 3.988320225454179990e+01 0.000000000000000000e+00 0.000000000000000000e+00 0.000000000000000000e+00 3.988320225454179990e+01
3.988536172727263107e+01 -0.000000000000000000e+00 0.000000000000000000e+00 0.000000000000000000e+00 3.988536172727263107e+01 0.000000000000000000e+00 0.000000000000000000e+00 0.000000000000000000e+00 3.988536172727263107e+01
3.983471857392763127e+01 -0.000000000000000000e+00 0.000000000000000000e+00 0.000000000000000000e+00 3.983471857392763127e+01 0.000000000000000000e+00 0.000000000000000000e+00 0.000000000000000000e+00 3.983471857392763127e+01
