# "ClusterAnalysis.largest_size"
3071 
3044 
3068 
3055 
3059 
3072 
3083 
3067 
3050 
3087 
3086 
3077 
3075 
3038 
3070 
3056 
3086 
3079 
3069 
3080 
3065 
3069 
3069 
3105 
3103 
3101 
3075 
3114 
3087 
3092 
3092 
3109 
3106 
3105 
3091 
3082 
3108 
3129 
3095 
3085 
3072 
3089 
3064 
3058 
3081 
3066 
3086 
3090 
3046 
3054 
3048 
3038 
3043 
3038 
3049 
3066 
3041 
3072 
3057 
3072 
3075 
3046 
3085 
3094 
3090 
3069 
3058 
3069 
3057 
3072 
3085 
3076 
3087 
3112 
3098 
3104 
3084 
3097 
3083 
3082 
3094 
3096 
3099 
3104 
3101 
3086 
3084 
3097 
3104 
3109 
3088 
3082 
3083 
3102 
3096 
3108 
3103 
3126 
3118 
3116 
3099 
