# "ClusterAnalysis.largest_size"
207 
189 
152 
212 
208 
190 
218 
187 
245 
223 
365 
269 
402 
253 
230 
151 
295 
269 
294 
275 
251 
231 
231 
204 
219 
188 
295 
199 
200 
184 
230 
280 
296 
202 
191 
185 
212 
320 
214 
203 
160 
270 
110 
53 
78 
139 
149 
128 
207 
214 
272 
306 
285 
311 
194 
273 
286 
262 
226 
133 
128 
168 
161 
183 
116 
91 
110 
153 
161 
91 
127 
128 
266 
200 
302 
306 
288 
303 
395 
287 
250 
332 
251 
151 
316 
219 
394 
357 
394 
310 
295 
359 
259 
304 
303 
326 
269 
413 
377 
474 
465 
