# "ClusterAnalysis.largest_size"
465 
359 
345 
311 
312 
506 
571 
518 
502 
493 
555 
478 
444 
391 
419 
441 
355 
379 
245 
295 
315 
394 
437 
499 
436 
326 
379 
410 
365 
435 
399 
426 
381 
390 
403 
397 
436 
466 
457 
412 
424 
421 
441 
429 
510 
551 
470 
511 
543 
584 
565 
595 
492 
538 
472 
569 
664 
679 
651 
749 
784 
717 
817 
873 
758 
870 
904 
977 
1079 
1099 
1101 
1195 
1153 
1157 
1110 
1185 
1264 
1285 
1344 
1358 
1411 
1514 
1562 
1642 
1697 
1769 
1815 
1813 
1898 
1956 
1966 
2065 
2143 
2220 
2242 
2275 
2263 
2295 
2355 
2404 
2412 
