# "ClusterAnalysis.largest_size"
2412 
2407 
2387 
2444 
2415 
2426 
2411 
2430 
2461 
2474 
2513 
2493 
2505 
2534 
2532 
2566 
2553 
2563 
2567 
2592 
2606 
2606 
2602 
2582 
2546 
2604 
2561 
2562 
2586 
2581 
2581 
2591 
2638 
2582 
2608 
2626 
2621 
2605 
2623 
2636 
2682 
2693 
2705 
2675 
2653 
2670 
2672 
2711 
2699 
2677 
2731 
2715 
2726 
2707 
2707 
2655 
2666 
2659 
2661 
2675 
2646 
2632 
2653 
2628 
2646 
2658 
2645 
2617 
2665 
2694 
2696 
2665 
2691 
2710 
2702 
2689 
2746 
2710 
2725 
2750 
2728 
2738 
2721 
2727 
2720 
2690 
2685 
2687 
2700 
2694 
2710 
2732 
2718 
2724 
2749 
2713 
2705 
2698 
2691 
2689 
2715 
