# "ClusterAnalysis.largest_size"
2883 
2931 
2905 
2916 
2892 
2928 
2898 
2920 
2903 
2907 
2902 
2895 
2909 
2900 
2932 
2928 
2892 
2935 
2885 
2859 
2880 
2906 
2866 
2908 
2898 
2896 
2905 
2883 
2928 
2919 
2937 
2911 
2934 
2936 
2939 
2915 
2941 
2954 
2923 
2937 
2908 
2921 
2926 
2946 
2928 
2926 
2912 
2882 
2907 
2935 
2907 
2927 
2888 
2896 
2866 
2908 
2910 
2938 
2935 
2905 
2903 
2901 
2903 
2913 
2893 
2867 
2884 
2903 
2887 
2906 
2890 
2862 
2886 
2884 
2904 
2888 
2867 
2890 
2845 
2864 
2853 
2893 
2896 
2854 
2903 
2910 
2900 
2933 
2927 
2931 
2946 
2949 
2959 
2914 
2931 
2939 
2901 
2954 
2979 
2941 
2921 
