# "ClusterAnalysis.largest_size"
2921 
2930 
2932 
2897 
2928 
2918 
2920 
2945 
2955 
2962 
2943 
2910 
2917 
2906 
2884 
2881 
2886 
2850 
2899 
2913 
2897 
2916 
2894 
2877 
2926 
2905 
2900 
2912 
2929 
2923 
2925 
2921 
2929 
2915 
2947 
2937 
2933 
2929 
2929 
2958 
2935 
2979 
2926 
2937 
2964 
2984 
2995 
2961 
2975 
2974 
2985 
3004 
3005 
2982 
3009 
2972 
2962 
2975 
2950 
2943 
2947 
2920 
2954 
2960 
3008 
2976 
3002 
2998 
2975 
2971 
2957 
2961 
2957 
2966 
2990 
2968 
2996 
3019 
3007 
3031 
3028 
3036 
3025 
3021 
3058 
3043 
3029 
3049 
3046 
3034 
3056 
3055 
3049 
3033 
3049 
3031 
3056 
3009 
3037 
3050 
3071 
