# "ClusterAnalysis.largest_size"
2715 
2699 
2771 
2729 
2753 
2758 
2731 
2735 
2706 
2722 
2725 
2731 
2727 
2734 
2755 
2724 
2777 
2734 
2711 
2707 
2715 
2718 
2714 
2705 
2733 
2719 
2706 
2751 
2711 
2728 
2754 
2754 
2734 
2732 
2762 
2782 
2769 
2800 
2827 
2782 
2769 
2796 
2790 
2768 
2781 
2777 
2786 
2807 
2799 
2814 
2805 
2769 
2794 
2774 
2780 
2789 
2822 
2797 
2811 
2801 
2801 
2804 
2815 
2827 
2821 
2814 
2839 
2830 
2828 
2825 
2821 
2819 
2837 
2829 
2828 
2827 
2864 
2859 
2848 
2822 
2853 
2851 
2852 
2870 
2830 
2827 
2870 
2862 
2894 
2882 
2897 
2881 
2852 
2840 
2852 
2854 
2852 
2892 
2863 
2871 
2883 
