# "ClusterAnalysis.largest_size"
3099 
3095 
3115 
3090 
3090 
3083 
3074 
3100 
3086 
3098 
3076 
3090 
3083 
3075 
3083 
3137 
3121 
3106 
3065 
3098 
3065 
3077 
3107 
3088 
3103 
3080 
3090 
3087 
3083 
3111 
3110 
3115 
3115 
3137 
3133 
3139 
3132 
3138 
3127 
3110 
3117 
3141 
3119 
3130 
3137 
3115 
3123 
3115 
3133 
3162 
3141 
3160 
3139 
3148 
3141 
3146 
3146 
3177 
3159 
3170 
3149 
3140 
3154 
3173 
3148 
3180 
3160 
3171 
3170 
3153 
3152 
3162 
3172 
3162 
3169 
3173 
3169 
3183 
3165 
3196 
3166 
3181 
3199 
3183 
3177 
3164 
3156 
3174 
3181 
3170 
3185 
3171 
3184 
3189 
3194 
3190 
3193 
3195 
3187 
3195 
3180 
