# "ClusterAnalysis.largest_size"
1158 
1137 
1066 
1062 
1022 
1056 
986 
983 
974 
941 
841 
888 
881 
892 
851 
817 
809 
813 
843 
809 
799 
781 
729 
803 
738 
762 
779 
781 
762 
819 
812 
790 
833 
755 
824 
750 
700 
745 
795 
769 
773 
673 
681 
708 
687 
637 
647 
628 
581 
539 
556 
469 
490 
463 
526 
455 
485 
325 
313 
226 
292 
104 
107 
94 
102 
59 
39 
48 
26 
41 
87 
24 
24 
50 
27 
20 
20 
23 
26 
34 
20 
26 
20 
37 
28 
28 
41 
31 
27 
31 
38 
27 
28 
37 
25 
29 
33 
26 
28 
42 
24 
