# "ClusterAnalysis.largest_size"
2453 
2464 
2409 
2433 
2492 
2454 
2451 
2472 
2463 
2460 
2473 
2472 
2466 
2483 
2490 
2511 
2507 
2526 
2499 
2464 
2525 
2494 
2474 
2484 
2467 
2443 
2428 
2416 
2416 
2431 
2409 
2418 
2360 
2353 
2340 
2351 
2375 
2376 
2394 
2375 
2384 
2354 
2340 
2352 
2330 
2315 
2336 
2303 
2313 
2326 
2323 
2299 
2350 
2290 
2241 
2236 
2224 
2232 
2221 
2179 
2222 
2273 
2281 
2203 
2202 
2214 
2216 
2182 
2252 
2212 
2219 
2201 
2160 
2227 
2219 
2227 
2212 
2218 
2185 
2170 
2155 
2147 
2175 
2155 
2201 
2190 
2177 
2160 
2162 
2225 
2191 
2209 
2179 
2218 
2181 
2148 
2125 
2116 
2066 
2106 
2104 
