# "ClusterAnalysis.largest_size"
2132 
2099 
2101 
2157 
2133 
2107 
2083 
2092 
2065 
2073 
2132 
2142 
2060 
2047 
2015 
2048 
2023 
2014 
2061 
2067 
2057 
1992 
2011 
2046 
2036 
2038 
2023 
2028 
1991 
1990 
2056 
1972 
2043 
1989 
1991 
2021 
2024 
1967 
2032 
1985 
1961 
1927 
1928 
1923 
1927 
1897 
1876 
1869 
1895 
1834 
1913 
1918 
1896 
1880 
1885 
1850 
1832 
1831 
1842 
1820 
1853 
1821 
1821 
1813 
1824 
1826 
1786 
1763 
1779 
1758 
1720 
1710 
1718 
1685 
1636 
1633 
1563 
1631 
1541 
1596 
1589 
1497 
1528 
1423 
1467 
1444 
1441 
1416 
1358 
1375 
1452 
1458 
1307 
1273 
1257 
1294 
1255 
1223 
1185 
1190 
1158 
