# "ClusterAnalysis.largest_size"
2703 
2726 
2733 
2698 
2735 
2742 
2747 
2741 
2713 
2711 
2749 
2760 
2707 
2712 
2691 
2713 
2696 
2683 
2692 
2683 
2675 
2692 
2708 
2680 
2715 
2714 
2675 
2675 
2678 
2690 
2639 
2671 
2644 
2650 
2642 
2623 
2597 
2577 
2591 
2561 
2615 
2578 
2603 
2601 
2577 
2560 
2561 
2557 
2560 
2588 
2610 
2602 
2606 
2586 
2574 
2561 
2598 
2592 
2551 
2565 
2557 
2570 
2553 
2573 
2546 
2582 
2592 
2562 
2569 
2563 
2565 
2567 
2585 
2577 
2541 
2544 
2573 
2551 
2565 
2571 
2535 
2579 
2599 
2502 
2553 
2563 
2556 
2547 
2580 
2574 
2550 
2554 
2588 
2554 
2550 
2504 
2526 
2511 
2467 
2495 
2511 
