# "ClusterAnalysis.largest_size"
2979 
2985 
2992 
2968 
2964 
2980 
2984 
2995 
2974 
2990 
2969 
2978 
2963 
2952 
2971 
2983 
2970 
2977 
2940 
2956 
2945 
2951 
2970 
2976 
2995 
2974 
2971 
2963 
2964 
2976 
2959 
2990 
2997 
2999 
3001 
3002 
2969 
2996 
2987 
2988 
2998 
2988 
2960 
2942 
2944 
2962 
2969 
2960 
2976 
2996 
2966 
2961 
2939 
2973 
2984 
2985 
2982 
3010 
2967 
2954 
2991 
2984 
2988 
3013 
2978 
2959 
2952 
2988 
2981 
2985 
2985 
2943 
2955 
2968 
2937 
2962 
2927 
2947 
2985 
2989 
2991 
2976 
2977 
2994 
2987 
2981 
2984 
2993 
2982 
2974 
2965 
2979 
2971 
2964 
2973 
2975 
3008 
2988 
2981 
2959 
2986 
