# "ClusterAnalysis.largest_size"
2986 
2988 
2988 
2960 
2957 
2966 
2957 
2929 
2941 
2939 
2948 
2890 
2919 
2914 
2928 
2955 
2990 
2950 
2947 
2943 
2930 
2935 
2918 
2953 
2962 
2936 
2944 
2957 
2924 
2958 
2942 
2947 
2934 
2936 
2933 
2951 
2975 
2976 
2975 
2973 
2942 
2951 
2944 
2922 
2913 
2915 
2910 
2919 
2920 
2943 
2951 
2957 
2963 
2924 
2901 
2930 
2938 
2926 
2927 
2916 
2914 
2890 
2881 
2881 
2860 
2856 
2860 
2871 
2880 
2883 
2906 
2866 
2865 
2892 
2840 
2843 
2820 
2833 
2844 
2850 
2815 
2845 
2820 
2827 
2834 
2854 
2828 
2818 
2808 
2800 
2821 
2773 
2803 
2841 
2831 
2827 
2785 
2814 
2818 
2788 
2822 
