# "ClusterAnalysis.largest_size"
3104 
3077 
3068 
3057 
3063 
3054 
3068 
3085 
3074 
3059 
3070 
3075 
3052 
3070 
3094 
3077 
3075 
3060 
3066 
3070 
3046 
3065 
3073 
3069 
3070 
3061 
3060 
3065 
3058 
3057 
3068 
3051 
3077 
3070 
3063 
3072 
3079 
3064 
3073 
3078 
3085 
3082 
3089 
3081 
3072 
3050 
3068 
3058 
3053 
3041 
3051 
3055 
3031 
3023 
3046 
3050 
3063 
3049 
3045 
3038 
2993 
3021 
3042 
3026 
3033 
3028 
3036 
3040 
3019 
3011 
3017 
3044 
3049 
3047 
3059 
3082 
3049 
3028 
3039 
3042 
3033 
3011 
3021 
3016 
3041 
3021 
3013 
3004 
3033 
3031 
3024 
3010 
3002 
3019 
3011 
3014 
3044 
2978 
2984 
2981 
2979 
