# "ClusterAnalysis.largest_size"
2511 
2513 
2495 
2486 
2507 
2517 
2522 
2495 
2487 
2509 
2453 
2462 
2464 
2538 
2483 
2474 
2508 
2506 
2525 
2497 
2489 
2482 
2477 
2483 
2483 
2468 
2459 
2441 
2465 
2461 
2490 
2485 
2505 
2469 
2468 
2466 
2470 
2496 
2443 
2474 
2479 
2478 
2498 
2491 
2461 
2464 
2484 
2485 
2470 
2468 
2468 
2468 
2424 
2445 
2453 
2458 
2460 
2495 
2483 
2487 
2498 
2541 
2514 
2495 
2505 
2511 
2475 
2474 
2476 
2467 
2491 
2457 
2515 
2486 
2494 
2443 
2471 
2464 
2436 
2444 
2456 
2449 
2449 
2427 
2391 
2415 
2452 
2434 
2463 
2456 
2496 
2458 
2454 
2471 
2465 
2448 
2460 
2485 
2474 
2463 
2453 
