# "ClusterAnalysis.largest_size"
3180 
3218 
3207 
3203 
3206 
3203 
3213 
3236 
3223 
3209 
3261 
3248 
3233 
3252 
3250 
3269 
3243 
3263 
3272 
3237 
3256 
3267 
3271 
3232 
3249 
3244 
3223 
3224 
3209 
3216 
3224 
3220 
3227 
3216 
3222 
3219 
3220 
3199 
3203 
3196 
3215 
3224 
3227 
3220 
3229 
3230 
3232 
3223 
3243 
3231 
3247 
3229 
3243 
3241 
3241 
3231 
3225 
3209 
3224 
3231 
3224 
3223 
3238 
3217 
3236 
3227 
3228 
3219 
3221 
3208 
3198 
3211 
3227 
3230 
3223 
3214 
3226 
3209 
3222 
3193 
3226 
3216 
3216 
3238 
3225 
3229 
3232 
3213 
3225 
3218 
3237 
3239 
3248 
3223 
3228 
3212 
3219 
3249 
3227 
3227 
3231 
