# "ClusterAnalysis.largest_size"
3107 
3140 
3132 
3116 
3137 
3114 
3135 
3124 
3097 
3115 
3107 
3096 
3123 
3117 
3113 
3100 
3097 
3094 
3121 
3136 
3112 
3109 
3132 
3125 
3141 
3141 
3137 
3144 
3108 
3113 
3116 
3104 
3126 
3130 
3107 
3105 
3102 
3104 
3110 
3106 
3099 
3094 
3105 
3101 
3079 
3115 
3082 
3081 
3102 
3103 
3114 
3095 
3083 
3095 
3106 
3109 
3100 
3090 
3112 
3123 
3099 
3130 
3131 
3119 
3116 
3139 
3134 
3098 
3116 
3097 
3079 
3098 
3130 
3117 
3118 
3098 
3075 
3071 
3079 
3052 
3112 
3098 
3074 
3095 
3068 
3081 
3078 
3074 
3093 
3076 
3037 
3052 
3066 
3085 
3091 
3068 
3093 
3076 
3086 
3077 
3104 
