# "ClusterAnalysis.largest_size"
3231 
3246 
3258 
3261 
3266 
3261 
3237 
3220 
3243 
3257 
3251 
3239 
3238 
3216 
3216 
3231 
3207 
3229 
3200 
3231 
3213 
3192 
3185 
3221 
3223 
3226 
3208 
3210 
3206 
3209 
3224 
3223 
3223 
3216 
3226 
3223 
3216 
3208 
3209 
3205 
3208 
3196 
3205 
3194 
3192 
3215 
3197 
3190 
3208 
3197 
3224 
3201 
3195 
3224 
3214 
3232 
3242 
3209 
3209 
3215 
3170 
3174 
3157 
3156 
3171 
3152 
3171 
3207 
3206 
3183 
3186 
3192 
3170 
3166 
3180 
3185 
3182 
3173 
3176 
3163 
3141 
3142 
3158 
3139 
3146 
3126 
3119 
3139 
3109 
3102 
3117 
3107 
3120 
3103 
3103 
3101 
3080 
3106 
3133 
3125 
3107 
