# "ClusterAnalysis.largest_size"
2822 
2805 
2826 
2826 
2816 
2804 
2797 
2791 
2798 
2753 
2777 
2762 
2752 
2756 
2788 
2781 
2791 
2777 
2766 
2755 
2822 
2795 
2787 
2788 
2787 
2767 
2769 
2741 
2771 
2770 
2748 
2780 
2794 
2798 
2816 
2800 
2770 
2753 
2747 
2775 
2737 
2717 
2719 
2738 
2717 
2738 
2726 
2716 
2701 
2703 
2701 
2698 
2699 
2675 
2719 
2670 
2669 
2698 
2703 
2701 
2717 
2712 
2717 
2715 
2709 
2698 
2674 
2701 
2721 
2705 
2683 
2705 
2732 
2732 
2716 
2752 
2735 
2710 
2739 
2714 
2698 
2698 
2714 
2742 
2743 
2726 
2741 
2713 
2723 
2735 
2726 
2728 
2746 
2738 
2740 
2761 
2725 
2692 
2696 
2693 
2703 
