# "ClusterAnalysis.largest_size"
2104 
2050 
2091 
2054 
2054 
2054 
2113 
2128 
2094 
2146 
2071 
2150 
2033 
2056 
2074 
2087 
2091 
2154 
2104 
2091 
2115 
2118 
2060 
2101 
2071 
2095 
2092 
2067 
2065 
2067 
2121 
2110 
2083 
2099 
2062 
2107 
2137 
2128 
2120 
2175 
2177 
2153 
2162 
2156 
2120 
2156 
2152 
2115 
2074 
2008 
2030 
2048 
2048 
2086 
2045 
2090 
2098 
2111 
2091 
2039 
2053 
2037 
2013 
1999 
2037 
2010 
2066 
2072 
2095 
2098 
2008 
2048 
2028 
2040 
1983 
1997 
1974 
2034 
2050 
2052 
2075 
2100 
2105 
2069 
2126 
2141 
2114 
2085 
2143 
2105 
2143 
2076 
2095 
2100 
2104 
2123 
2116 
2134 
2093 
2136 
2132 
