0.00042835724994645533
0.00042835724994645533
0.00042835724994645533
0.00021417862497322766
0.00042835724994645533
0.000642535874919683
0.000642535874919683
0.00042835724994645533
0.000642535874919683
0.00021417862497322766
0.00042835724994645533
0.00042835724994645533
0.00042835724994645533
0.000642535874919683
0.00042835724994645533
0.00021417862497322766
0.00042835724994645533
0.00042835724994645533
0.00021417862497322766
0.000642535874919683
0.00042835724994645533
0.00042835724994645533
0.00042835724994645533
0.00042835724994645533
0.00021417862497322766
0.00042835724994645533
0.00042835724994645533
0.00042835724994645533
0.00021417862497322766
0.00021417862497322766
0.00021417862497322766
0.00042835724994645533
0.0008567144998929107
0.00021417862497322766
0.00042835724994645533
0.00042835724994645533
0.00021417862497322766
0.00042835724994645533
0.00021417862497322766
0.00042835724994645533
0.00042835724994645533
0.00042835724994645533
0.00042835724994645533
0.00021417862497322766
0.00042835724994645533
0.00042835724994645533
0.00021417862497322766
0.00021417862497322766
0.00042835724994645533
0.00042835724994645533
0.00021417862497322766
0.00042835724994645533
0.00042835724994645533
0.00042835724994645533
0.00042835724994645533
0.00021417862497322766
0.00021417862497322766
0.00021417862497322766
0.00021417862497322766
0.00021417862497322766
0.00042835724994645533
0.00021417862497322766
0.00042835724994645533
0.00042835724994645533
0.00021417862497322766
0.000642535874919683
0.00042835724994645533
0.00021417862497322766
0.000642535874919683
0.00042835724994645533
0.00021417862497322766
0.00042835724994645533
0.00042835724994645533
0.00021417862497322766
0.000642535874919683
0.00042835724994645533
0.00042835724994645533
0.00042835724994645533
0.00021417862497322766
0.00042835724994645533
0.00021417862497322766
0.00021417862497322766
0.00042835724994645533
0.00042835724994645533
0.00021417862497322766
0.00021417862497322766
0.00021417862497322766
0.00042835724994645533
0.0008567144998929107
0.000642535874919683
0.00021417862497322766
0.00021417862497322766
0.00021417862497322766
0.00021417862497322766
0.00021417862497322766
0.00042835724994645533
0.00021417862497322766
0.00021417862497322766
0.00042835724994645533
0.000642535874919683
0.00042835724994645533
0.00021417862497322766
0.000642535874919683
0.00042835724994645533
0.00021417862497322766
0.00042835724994645533
0.00042835724994645533
0.00042835724994645533
0.00042835724994645533
0.000642535874919683
0.00042835724994645533
0.00042835724994645533
0.00042835724994645533
0.00042835724994645533
0.00042835724994645533
0.00021417862497322766
0.000642535874919683
0.00021417862497322766
0.000642535874919683
0.00042835724994645533
0.000642535874919683
0.00042835724994645533
0.00021417862497322766
0.00021417862497322766
0.00021417862497322766
0.00042835724994645533
0.00042835724994645533
0.00042835724994645533
0.00042835724994645533
0.00021417862497322766
0.00042835724994645533
0.00042835724994645533
0.00021417862497322766
0.00021417862497322766
0.00042835724994645533
0.000642535874919683
0.00021417862497322766
0.00042835724994645533
0.00042835724994645533
0.00042835724994645533
0.00042835724994645533
0.00021417862497322766
0.00021417862497322766
0.000642535874919683
0.00021417862497322766
0.00021417862497322766
0.00021417862497322766
0.00042835724994645533
0.00021417862497322766
0.00042835724994645533
0.00042835724994645533
0.00042835724994645533
0.00021417862497322766
0.00042835724994645533
0.000642535874919683
0.00042835724994645533
0.00042835724994645533
0.00021417862497322766
0.00021417862497322766
0.00042835724994645533
0.000642535874919683
0.00042835724994645533
0.00042835724994645533
0.00042835724994645533
0.00042835724994645533
0.000642535874919683
0.00042835724994645533
0.00021417862497322766
0.00042835724994645533
0.00021417862497322766
0.00042835724994645533
0.00042835724994645533
0.000642535874919683
0.00042835724994645533
0.00042835724994645533
0.00042835724994645533
0.000642535874919683
0.00021417862497322766
0.00021417862497322766
0.00021417862497322766
0.00021417862497322766
0.00042835724994645533
0.00042835724994645533
0.00042835724994645533
0.00042835724994645533
0.00042835724994645533
0.000642535874919683
0.000642535874919683
0.00042835724994645533
0.00042835724994645533
0.00042835724994645533
0.000642535874919683
0.00042835724994645533
0.000642535874919683
0.00042835724994645533
0.00021417862497322766
0.00042835724994645533
0.00042835724994645533
0.00042835724994645533
0.00021417862497322766
0.00042835724994645533
0.000642535874919683
0.00021417862497322766
0.00021417862497322766
0.00021417862497322766
0.00042835724994645533
0.00021417862497322766
0.000642535874919683
0.00021417862497322766
0.00042835724994645533
0.00042835724994645533
0.00042835724994645533
0.00021417862497322766
0.00042835724994645533
0.00021417862497322766
0.00042835724994645533
0.00021417862497322766
0.000642535874919683
0.00021417862497322766
0.00042835724994645533
0.00021417862497322766
0.0008567144998929107
0.00042835724994645533
0.00021417862497322766
0.000642535874919683
0.000642535874919683
0.00042835724994645533
0.00042835724994645533
0.00042835724994645533
0.0008567144998929107
0.00042835724994645533
0.00042835724994645533
0.00042835724994645533
0.000642535874919683
0.00042835724994645533
0.00042835724994645533
0.00042835724994645533
0.00042835724994645533
0.00042835724994645533
0.00021417862497322766
0.00042835724994645533
0.00021417862497322766
0.000642535874919683
0.00042835724994645533
0.00021417862497322766
0.00042835724994645533
0.000642535874919683
0.00021417862497322766
0.00042835724994645533
0.00042835724994645533
0.00042835724994645533
0.0010708931248661383
0.00042835724994645533
0.000642535874919683
0.000642535874919683
0.00021417862497322766
0.00042835724994645533
0.00021417862497322766
0.000642535874919683
0.00021417862497322766
0.00021417862497322766
0.00042835724994645533
0.00042835724994645533
0.00042835724994645533
0.0008567144998929107
0.000642535874919683
0.00042835724994645533
0.000642535874919683
0.00021417862497322766
0.00042835724994645533
0.00021417862497322766
0.00042835724994645533
0.00042835724994645533
0.00042835724994645533
0.00042835724994645533
0.000642535874919683
0.00042835724994645533
0.00021417862497322766
0.00042835724994645533
0.00021417862497322766
0.00042835724994645533
0.00042835724994645533
0.000642535874919683
0.00042835724994645533
0.00042835724994645533
0.00042835724994645533
0.00021417862497322766
0.00042835724994645533
0.00042835724994645533
0.00042835724994645533
0.00042835724994645533
0.001285071749839366
0.0008567144998929107
0.00042835724994645533
0.0008567144998929107
0.00042835724994645533
0.00021417862497322766
0.00042835724994645533
0.00042835724994645533
0.00042835724994645533
0.000642535874919683
0.00042835724994645533
0.00042835724994645533
0.00021417862497322766
0.00021417862497322766
0.00042835724994645533
0.00042835724994645533
0.00042835724994645533
0.000642535874919683
0.00042835724994645533
0.0008567144998929107
0.0010708931248661383
0.00042835724994645533
0.0010708931248661383
0.00042835724994645533
0.00042835724994645533
0.00021417862497322766
0.00021417862497322766
0.00042835724994645533
0.00021417862497322766
0.0008567144998929107
0.00021417862497322766
0.00042835724994645533
0.000642535874919683
0.0010708931248661383
0.00042835724994645533
0.00021417862497322766
0.00042835724994645533
0.00042835724994645533
0.000642535874919683
0.00042835724994645533
0.00021417862497322766
0.000642535874919683
0.0008567144998929107
0.00042835724994645533
0.00042835724994645533
0.00042835724994645533
0.00042835724994645533
0.00042835724994645533
0.0008567144998929107
0.0008567144998929107
0.000642535874919683
0.00042835724994645533
0.00042835724994645533
0.000642535874919683
0.00042835724994645533
0.00021417862497322766
0.0008567144998929107
0.00042835724994645533
0.000642535874919683
0.00042835724994645533
0.001285071749839366
0.0008567144998929107
0.0008567144998929107
0.0010708931248661383
0.00042835724994645533
0.0008567144998929107
0.00042835724994645533
0.00042835724994645533
0.00042835724994645533
0.000642535874919683
0.00042835724994645533
0.000642535874919683
0.00042835724994645533
0.00042835724994645533
0.00042835724994645533
0.00042835724994645533
0.00042835724994645533
0.00021417862497322766
0.00042835724994645533
0.0008567144998929107
0.000642535874919683
0.0008567144998929107
0.000642535874919683
0.00042835724994645533
0.00042835724994645533
0.0010708931248661383
0.00042835724994645533
0.0010708931248661383
0.0008567144998929107
0.00042835724994645533
0.000642535874919683
0.00042835724994645533
0.00042835724994645533
0.00021417862497322766
0.00042835724994645533
0.000642535874919683
0.000642535874919683
0.000642535874919683
0.000642535874919683
0.00042835724994645533
0.000642535874919683
0.00042835724994645533
0.00042835724994645533
0.0008567144998929107
0.00042835724994645533
0.00042835724994645533
0.000642535874919683
0.00042835724994645533
0.00021417862497322766
0.0008567144998929107
0.0008567144998929107
0.000642535874919683
0.000642535874919683
0.0008567144998929107
0.0010708931248661383
0.0008567144998929107
0.000642535874919683
0.0010708931248661383
0.00021417862497322766
0.00021417862497322766
0.0008567144998929107
0.00021417862497322766
0.0008567144998929107
0.00042835724994645533
0.00042835724994645533
0.000642535874919683
0.00042835724994645533
0.00042835724994645533
0.00042835724994645533
0.00042835724994645533
0.000642535874919683
0.00021417862497322766
0.00042835724994645533
0.00042835724994645533
0.00042835724994645533
0.0010708931248661383
0.000642535874919683
0.00042835724994645533
0.00042835724994645533
0.00042835724994645533
0.00042835724994645533
0.000642535874919683
0.00042835724994645533
0.0008567144998929107
0.00042835724994645533
0.00042835724994645533
0.0008567144998929107
0.00042835724994645533
0.0008567144998929107
0.0008567144998929107
0.000642535874919683
0.00042835724994645533
0.0008567144998929107
0.00042835724994645533
0.00021417862497322766
0.0014992503748125937
0.0008567144998929107
0.00042835724994645533
0.00042835724994645533
0.001285071749839366
0.00042835724994645533
0.00042835724994645533
0.00042835724994645533
0.00042835724994645533
0.0008567144998929107
0.0008567144998929107
0.00042835724994645533
0.00021417862497322766
0.0008567144998929107
0.000642535874919683
0.0008567144998929107
0.000642535874919683
0.00042835724994645533
0.0010708931248661383
0.000642535874919683
0.00042835724994645533
0.001285071749839366
0.001285071749839366
0.0014992503748125937
0.000642535874919683
0.0008567144998929107
0.0008567144998929107
0.00042835724994645533
0.000642535874919683
0.000642535874919683
0.0010708931248661383
0.000642535874919683
0.001285071749839366
0.0008567144998929107
0.00042835724994645533
0.0014992503748125937
0.00042835724994645533
0.001285071749839366
0.0008567144998929107
0.001927607624759049
0.000642535874919683
0.0010708931248661383
0.00042835724994645533
0.0010708931248661383
0.00042835724994645533
0.001285071749839366
0.001285071749839366
0.00042835724994645533
0.00042835724994645533
0.0014992503748125937
0.0008567144998929107
0.000642535874919683
0.00021417862497322766
0.00042835724994645533
0.0014992503748125937
0.00042835724994645533
0.000642535874919683
0.000642535874919683
0.00042835724994645533
0.001285071749839366
0.00042835724994645533
0.0008567144998929107
0.00042835724994645533
0.000642535874919683
0.000642535874919683
0.000642535874919683
0.00042835724994645533
0.000642535874919683
0.0008567144998929107
0.00042835724994645533
0.00042835724994645533
0.00042835724994645533
0.00021417862497322766
0.00042835724994645533
0.000642535874919683
0.0010708931248661383
0.0008567144998929107
0.0017134289997858213
0.0021417862497322766
0.001927607624759049
0.0017134289997858213
0.001285071749839366
0.0010708931248661383
0.0008567144998929107
0.00042835724994645533
0.000642535874919683
0.0008567144998929107
0.00042835724994645533
0.00042835724994645533
0.00042835724994645533
0.001285071749839366
0.001285071749839366
0.000642535874919683
0.0021417862497322766
0.000642535874919683
0.0017134289997858213
0.0010708931248661383
0.0021417862497322766
0.0021417862497322766
0.001285071749839366
0.003212679374598415
0.0023559648747055045
0.002570143499678732
0.002570143499678732
0.0017134289997858213
0.0023559648747055045
0.002570143499678732
0.0029985007496251873
0.002570143499678732
0.003855215249518098
0.002570143499678732
0.000642535874919683
0.002570143499678732
0.003212679374598415
0.005782822874277147
0.00042835724994645533
0.001285071749839366
0.0010708931248661383
0.003212679374598415
0.00042835724994645533
0.001285071749839366
0.0017134289997858213
0.0014992503748125937
0.0008567144998929107
0.000642535874919683
0.00278432212465196
0.0008567144998929107
0.0008567144998929107
0.0010708931248661383
0.0008567144998929107
0.000642535874919683
0.00042835724994645533
0.003855215249518098
0.0036410366245448705
0.0008567144998929107
0.000642535874919683
0.000642535874919683
0.0010708931248661383
0.0036410366245448705
0.0023559648747055045
0.0036410366245448705
0.004497751124437781
0.000642535874919683
0.008781323623902335
0.013064896123366887
0.004283572499464553
0.007067894624116514
0.005140286999357464
0.0010708931248661383
0.012636538873420432
0.007710430499036196
0.007282073249089741
0.006211180124223602
0.007282073249089741
0.005354465624330691
0.011779824373527523
0.008781323623902335
0.008567144998929107
0.006211180124223602
0.004283572499464553
0.007924609124009423
0.004497751124437781
0.008995502248875561
0.00835296637395588
0.009638038123795245
0.003855215249518098
0.012208181623473978
0.00920968087384879
0.007067894624116514
0.008781323623902335
0.009423859498822018
0.006853715999143285
0.01285071749839366
0.008781323623902335
0.004711929749411009
0.005782822874277147
0.012636538873420432
0.008567144998929107
0.008781323623902335
0.011779824373527523
0.016063396872992075
0.008781323623902335
0.01734846862283144
0.00042835724994645533
0.008567144998929107
0.011779824373527523
0.0049261083743842365
0.01370743199828657
0.012208181623473978
0.010066395373741701
0.011779824373527523
0.017991004497751123
0.015420860998072392
0.009852216748768473
0.017134289997858213
0.005354465624330691
0.0008567144998929107
0.009852216748768473
0.011779824373527523
0.013493253373313344
0.018847718997644036
0.00556864424930392
0.01563503962304562
0.01113728849860784
0.01113728849860784
0.013064896123366887
0.010066395373741701
0.014564146498179482
0.02206039837224245
0.019918612122510174
0.026129792246733775
0.0017134289997858213
0.001285071749839366
0.0014992503748125937
0.017776825872777898
0.02741486399657314
0.02591561362176055
0.020561147997429856
0.01906189762261726
0.025058899121867637
0.02655814949668023
0.024416363246947955
0.028057399871492826
0.018847718997644036
0.020561147997429856
0.013279074748340116
0.01734846862283144
0.022488755622188907
0.025058899121867637
0.023559648747055045
0.028699935746412508
0.025058899121867637
0.019704433497536946
0.028914114371385736
0.0008567144998929107
0.0014992503748125937
0.016920111372884985
0.0010708931248661383
0.030627543371171555
0.0239880059970015
0.030199186121225102
0.021417862497322766
0.02848575712143928
0.030199186121225102
0.030841721996144784
0.022702934247162132
0.024202184621974727
0.02313129149710859
0.024630541871921183
0.02227457699721568
0.03212679374598415
0.037267080745341616
0.02591561362176055
0.04090811736988648
0.0017134289997858213
0.03855215249518098
0.04262154636967231
0.030841721996144784
0.028271578496466054
0.04155065324480617
0.049903619618762045
0.000642535874919683
0.03812379524523452
0.0034268579995716426
0.035982008995502246
0.04562004711929749
0.031055900621118012
0.04454915399443136
0.05204540586849432
0.05932747911758406
0.05547226386806597
0.05482972799314628
0.049475262368815595
0.10858856286142643
0.054187192118226604
0.08481473548939816
0.11672735061040908
0.07410580424073678
0.06061255086742343
0.08631398586421075
0.06917969586635254
0.07431998286571
0.06489612336688798
0.06853715999143285
0.0704647676161919
0.06061255086742343
0.06382523024202184
0.1075176697365603
0.11287213536089098
0.12979224673377596
0.07067894624116514
0.0897408438637824
0.07496251874062969
0.08288712786463912
0.1400728207324909
0.11929749411008782
0.11394302848575712
0.06382523024202184
0.16748768472906403
0.1634182908545727
0.16470336260441207
0.14221460698222319
0.16170486185478689
0.12957806810880274
0.1818376526022703
0.15892053973013492
0.16770186335403728
0.16577425572927823
0.1811951167273506
0.1524951809809381
0.17091454272863568
0.14414221460698223
0.1972585136003427
0.18526451060184193
0.1764831869779396
0.18076675947740414
0.1874062968515742
0.17219961447847504
0.1516384664810452
0.19318911972585137
0.2090383379738702
0.20882415934889698
0.2105375883486828
0.21075176697365602
0.22103234097237096
0.20475476547440566
0.18633540372670807
0.21225101734846863
0.20882415934889698
0.21867637609766546
0.10194902548725637
0.23024202184621975
0.21889055472263869
0.21953309059755835
0.24052259584493468
0.1184407796101949
0.2499464553437567
0.24673377596915827
0.23816663097022917
0.24587706146926536
0.2555150995930606
0.26815163846648105
0.2645106018419362
0.280359820089955
0.26044120796744485
0.2825016063396873
0.29042621546369674
0.275647890340544
0.2735061040908117
0.2857142857142857
0.2795031055900621
0.2981366459627329
0.3090597558363675
0.30756050546155494
0.3028485757121439
0.3017776825872778
0.3097022917112872
0.30563289783679587
0.3073463268365817
0.2979224673377597
0.3124866138359392
0.3225530092096809
0.33090597558363677
0.3227671878346541
0.3212679374598415
0.3343328335832084
0.33947312058256585
0.3399014778325123
0.3313343328335832
0.3446134075819233
0.3435425144570572
0.35146712358106663
0.3516813022060398
0.3529663739558792
0.36667380595416577
0.34782608695652173
0.3748125937031484
0.349967873206254
0.37245662882844294
0.36046262582994215
0.3760976654529878
0.4052259584493468
0.3675305204540587
0.3707431998286571
0.3861640608267295
0.4234311415720711
0.3784536303276933
0.42835724994645535
0.4281430713214821
0.39965731420004286
0.42514457057185695
0.41186549582351684
0.4161490683229814
0.4107946026986507
0.410152066823731
0.4086528164489184
0.4165774255729278
0.4232169629470979
0.4591989719426001
0.4662668665667166
0.42471621332191045
0.43928035982008995
0.47804669094024416
0.43092739344613407
0.43992289569500964
0.4759049046905119
0.47226386806596704
0.4814735489398158
0.4420646819447419
0.4559862925680017
0.46005568644249306
0.4598415078175198
0.5140286999357464
0.46476761619190404
0.4630541871921182
0.5150995930606126
0.5133861640608267
0.5108160205611479
0.475048190190619
0.529663739558792
0.5219533090597558
0.5281644891839794
0.4917541229385307
0.4859713000642536
0.5232383808095952
0.5476547440565431
0.5318055258085244
0.49282501606339685
0.5527950310559007
0.5536517455557936
0.5611479974298565
0.5515099593060613
0.5658599271792675
0.5797815378025273
0.5757121439280359
0.5752837866780895
0.5842792889269651
0.5840651103019918
0.5883486828014565
0.5814949668023132
0.5911330049261084
0.5911330049261084
0.5354465624330692
0.5973441850503319
0.6056971514242878
0.6056971514242878
0.6091240094238595
0.6110516170486185
0.613407581923324
0.620903833797387
0.610623259798672
0.6200471192974941
0.6294709787963161
0.568215892053973
0.6298993360462626
0.6215463696723067
0.6496037695437995
0.6269008352966374
0.6217605482972799
0.6373955879203256
0.6365388734204327
0.637823945170272
0.6585992717926751
0.6436067680445492
0.6583850931677019
0.6451060184193618
0.6427500535446562
0.6600985221674877
0.6723067037909617
0.6705932747911758
0.6765902762904262
0.676376097665453
0.6840865281644892
0.6832298136645962
0.6930820304133647
0.6821589205397302
0.6941529235382309
0.6853715999143285
0.6924394945384451
0.6864424930391947
0.7078603555365175
0.6973656029128293
0.7123581066609552
0.7072178196615978
0.7125722852859284
0.7217819661597773
0.7260655386592418
0.7322767187834655
0.7241379310344828
0.7239237524095096
0.7344185050331977
0.7273506104090812
0.7352752195330906
0.7472692225315913
0.7406296851574213
0.7489826515313772
0.7485542942814307
0.7491968301563504
0.7515527950310559
0.7618333690297708
0.7551938316556007
0.7693296209038338
0.7644035125294496
0.7641893339044763
0.7768258727778967
0.7781109445277361
0.7862497322767188
0.7856071964017991
0.7969586635253801
0.7973870207753266
0.7926750910259156
0.8070250588991219
0.8025273077746841
0.7988862711501392
0.8057399871492825
0.8040265581494966
0.8173056328978368
0.8100235596487471
0.8224459198971943
0.8160205611479975
0.8196615977725423
0.8288712786463911
0.8267294923966588
0.8258727778967659
0.8370100663953738
0.8320839580209896
0.8496466052687942
0.8466481045191689
0.8395802098950524
0.8537159991432856
0.8511458556436068
0.8582137502677233
0.8620689655172413
0.8547868922681516
0.8719211822660099
0.8740629685157422
0.8787748982651531
0.880488327264939
0.867423431141572
0.8744913257656886
0.8774898265153138
0.8884129363889484
0.8866995073891626
0.8967659027629042
0.894624116513172
0.8950524737631185
0.8877704005140287
0.9055472263868066
0.9130434782608695
0.9098307988862712
0.9153994431355751
0.9261083743842364
0.9271792675091026
0.9316770186335404
1.0
1.0
1.0
