9.594391772499999416e-01 4.845618780960765995e-03
4.797195886249999042e+00 4.051959794145583438e-03
6.716074240749999369e+00 3.934876738087473430e-03
8.634952595249998808e+00 3.767832781463446509e-03
1.055383094974999736e+01 3.701527809534850642e-03
1.247270930424999769e+01 3.578280999277391392e-03
1.439158765874999624e+01 3.501164331745384387e-03
1.631046601324999656e+01 3.443692030962426133e-03
1.822934436774999867e+01 3.413098374302408772e-03
2.014822272224999722e+01 3.388800889017541413e-03
2.206710107674999577e+01 3.375386994552538166e-03
2.398597943124999787e+01 3.376109640576743960e-03
2.590485778574999642e+01 3.377839898886739016e-03
2.782373614024999497e+01 3.386522044088381266e-03
2.974261449474999708e+01 3.396692714665661486e-03
3.166149284924999563e+01 3.400784996927381371e-03
3.358037120374999063e+01 3.411591044368299675e-03
3.549924955824999273e+01 3.416242395539282641e-03
3.741812791274998773e+01 3.421207266511101710e-03
3.933700626724998983e+01 3.423847824967627893e-03
4.125588462174999194e+01 3.424979606012140947e-03
4.317476297624998693e+01 3.425696159661414508e-03
4.509364133074998904e+01 3.424136924467753151e-03
4.701251968524999114e+01 3.423758636650880722e-03
4.893139803974998614e+01 3.422439350906240040e-03
5.085027639424998824e+01 3.422534301631720548e-03
5.276915474874999035e+01 3.420586961025296868e-03
5.468803310324998534e+01 3.421783067975240743e-03
5.660691145774998745e+01 3.421066891774271566e-03
5.852578981224998955e+01 3.421923496036196385e-03
6.044466816674998455e+01 3.421769037815478899e-03
6.236354652124998665e+01 3.423651785887397905e-03
6.428242487574999586e+01 3.422612818763761441e-03
6.620130323024999086e+01 3.424534423774938229e-03
6.812018158474998586e+01 3.424335176151474189e-03
7.003905993924999507e+01 3.426245814490860679e-03
7.195793829374999007e+01 3.425912007722954795e-03
7.387681664824998506e+01 3.425991664447199277e-03
7.579569500274999427e+01 3.426593494962079916e-03
