9.648155437000000001e-01 3.976874224423534478e-03
4.824077718499999889e+00 3.333064872256256972e-03
6.753708805900000556e+00 3.320995565693696944e-03
8.683339893299999446e+00 3.302612529183640393e-03
1.061297098070000011e+01 3.298395668943087094e-03
1.254260206810000078e+01 3.293086695922252741e-03
1.447223315549999967e+01 3.293623279910446681e-03
1.640186424290000033e+01 3.292613167187478495e-03
1.833149533029999745e+01 3.293124272777527700e-03
2.026112641769999811e+01 3.292721822453943681e-03
2.219075750509999878e+01 3.292540387095652457e-03
2.412038859249999945e+01 3.292519690933013322e-03
2.605001967990000011e+01 3.292964977033426607e-03
2.797965076729999723e+01 3.293008864815107593e-03
2.990928185469999789e+01 3.293473486099564133e-03
3.183891294209999856e+01 3.293106024081407946e-03
3.376854402949999923e+01 3.293531175680838516e-03
3.569817511689999634e+01 3.293285882108419257e-03
3.762780620430000056e+01 3.293421273272631455e-03
3.955743729169999767e+01 3.293433443585915086e-03
4.148706837910000189e+01 3.293176186165340177e-03
4.341669946649999901e+01 3.293265684732459182e-03
4.534633055389999612e+01 3.293441877942846711e-03
4.727596164130000034e+01 3.293344489177461691e-03
4.920559272869999745e+01 3.293351549922777372e-03
5.113522381610000167e+01 3.293597799112092141e-03
5.306485490349999878e+01 3.293578702904378062e-03
5.499448599089999590e+01 3.293805662246097280e-03
5.692411707830000012e+01 3.293727144648673447e-03
5.885374816569999723e+01 3.293716467095821575e-03
6.078337925310000145e+01 3.293758033587756637e-03
6.271301034049999856e+01 3.293590600415645039e-03
6.464264142790000278e+01 3.293576089428056422e-03
6.657227251529999990e+01 3.293521938204019023e-03
6.850190360269999701e+01 3.293488229336713480e-03
7.043153469009999412e+01 3.293671378413409734e-03
7.236116577750000545e+01 3.293678980544248631e-03
7.429079686490000256e+01 3.293599785168336951e-03
7.622042795229999967e+01 3.293415529978415378e-03
