9.592741486499999359e-01 4.301771020440423032e-03
4.796370743249999791e+00 3.584333635690353532e-03
6.714919040549999885e+00 3.526541849705101209e-03
8.633467337849999979e+00 3.452946729774440237e-03
1.055201563514999918e+01 3.425724606191476573e-03
1.247056393245000017e+01 3.383905376937742290e-03
1.438911222975000115e+01 3.362828223120858159e-03
1.630766052705000035e+01 3.351817832808059051e-03
1.822620882434999956e+01 3.346218959096211934e-03
2.014475712164999877e+01 3.343495246394190355e-03
2.206330541895000152e+01 3.343865713977106288e-03
2.398185371625000073e+01 3.345950910022352492e-03
2.590040201354999994e+01 3.348038631207559540e-03
2.781895031085000269e+01 3.350276385301948889e-03
2.973749860815000190e+01 3.353133959936363800e-03
3.165604690545000111e+01 3.354170775064095004e-03
3.357459520275000386e+01 3.355945760875764239e-03
3.549314350005000307e+01 3.356449699734370337e-03
3.741169179735000228e+01 3.356886427057618333e-03
3.933024009465000148e+01 3.357332203264891662e-03
4.124878839195000779e+01 3.357351361348709373e-03
4.316733668925000700e+01 3.357055391940757041e-03
4.508588498655000620e+01 3.356553727493629107e-03
4.700443328385000541e+01 3.356595340688429269e-03
4.892298158115000462e+01 3.355961008244071411e-03
5.084152987845000382e+01 3.356218604008648441e-03
5.276007817575000303e+01 3.355735920814506123e-03
5.467862647305000934e+01 3.356331116919106065e-03
5.659717477035000854e+01 3.356445870210416748e-03
5.851572306765000775e+01 3.356559040285451035e-03
6.043427136495000696e+01 3.356712025806160571e-03
6.235281966225000616e+01 3.357295207547459845e-03
6.427136795955000537e+01 3.357077991349724511e-03
6.618991625684999747e+01 3.356962412160377669e-03
6.810846455415000378e+01 3.357165745300943419e-03
7.002701285144999588e+01 3.357231438628555803e-03
7.194556114875000219e+01 3.357328074864728267e-03
7.386410944604999429e+01 3.357200542096219330e-03
7.578265774335000060e+01 3.357393547822132025e-03
