9.956858202499999644e-01 3.706574881207899859e-03
4.978429101249999711e+00 3.120198110595370777e-03
6.969800741749999418e+00 3.121688922730873113e-03
8.961172382249998236e+00 3.121029848225412209e-03
1.095254402274999705e+01 3.120352526762794256e-03
1.294391566324999765e+01 3.120293218746820248e-03
1.493528730374999824e+01 3.120793006022964423e-03
1.692665894424999706e+01 3.120942689482241947e-03
1.891803058474999588e+01 3.120775342194838983e-03
2.090940222524999470e+01 3.121030354751940395e-03
2.290077386574999707e+01 3.120772314779796802e-03
2.489214550624999589e+01 3.120692039927676180e-03
2.688351714674999471e+01 3.121036389911554642e-03
2.887488878724999708e+01 3.120474686561047848e-03
3.086626042774999590e+01 3.120709587008087260e-03
3.285763206824999827e+01 3.120606006745559567e-03
3.484900370874999709e+01 3.120556919435637459e-03
3.684037534924999591e+01 3.120984171697838930e-03
3.883174698974999473e+01 3.120628060206854116e-03
4.082311863024999354e+01 3.120734382327189881e-03
4.281449027074999947e+01 3.120350337813390142e-03
4.480586191124999829e+01 3.120568662048886846e-03
4.679723355174999710e+01 3.120599449665961526e-03
4.878860519224999592e+01 3.120774251058924722e-03
5.077997683274999474e+01 3.120607502329443301e-03
5.277134847324999356e+01 3.120680503010435196e-03
5.476272011374999238e+01 3.120610339773643906e-03
5.675409175424999830e+01 3.120539623617509060e-03
5.874546339474999712e+01 3.120597312516077814e-03
6.073683503524999594e+01 3.120526810683523986e-03
6.272820667574999476e+01 3.120639797377308851e-03
6.471957831624999358e+01 3.120626718367169178e-03
6.671094995674999950e+01 3.120734460104458447e-03
6.870232159724999121e+01 3.120519406122461165e-03
7.069369323774999714e+01 3.120564462883451337e-03
7.268506487824998885e+01 3.120672218978754516e-03
7.467643651874999478e+01 3.120700280202537511e-03
7.666780815924998649e+01 3.120633321541303393e-03
7.865917979974999241e+01 3.120538696339823434e-03
