9.917577667750000492e-01 3.772259382071884576e-03
4.958788833875000357e+00 3.179917843876894998e-03
6.942304367425000677e+00 3.177836746778053313e-03
8.925819900975001886e+00 3.175988636854680785e-03
1.090933543452500309e+01 3.176370312853846103e-03
1.289285096807500253e+01 3.175157330263504111e-03
1.487636650162500196e+01 3.175920845945565379e-03
1.685988203517500139e+01 3.175388042180743615e-03
1.884339756872500260e+01 3.175938093824949657e-03
2.082691310227500381e+01 3.175683902919179420e-03
2.281042863582500146e+01 3.176015744678305913e-03
2.479394416937500267e+01 3.175702622936124857e-03
2.677745970292500388e+01 3.175677121374312958e-03
2.876097523647500154e+01 3.175894421253365810e-03
3.074449077002500275e+01 3.175867962498174230e-03
3.272800630357500751e+01 3.175682289831153419e-03
3.471152183712500516e+01 3.175663526348636995e-03
3.669503737067500992e+01 3.175828678779200713e-03
3.867855290422500758e+01 3.175910494953684913e-03
4.066206843777501234e+01 3.176073097659480940e-03
4.264558397132501000e+01 3.175830066649129504e-03
4.462909950487500765e+01 3.175795864229085351e-03
4.661261503842501241e+01 3.175727437123853757e-03
4.859613057197501007e+01 3.175873715900572828e-03
5.057964610552500773e+01 3.175768825111861034e-03
5.256316163907501249e+01 3.175815257206011932e-03
5.454667717262501014e+01 3.175837536445821289e-03
5.653019270617500780e+01 3.175655191353753907e-03
5.851370823972501256e+01 3.175804419687202913e-03
6.049722377327501022e+01 3.175862787537958240e-03
6.248073930682501498e+01 3.175830934893281859e-03
6.446425484037500553e+01 3.175837768120513740e-03
6.644777037392501029e+01 3.175752909741820940e-03
6.843128590747500084e+01 3.175734224056406176e-03
7.041480144102500560e+01 3.175930114667497705e-03
7.239831697457501036e+01 3.175655894409101787e-03
7.438183250812500091e+01 3.175815128891833206e-03
7.636534804167500567e+01 3.175766953411561511e-03
7.834886357522501044e+01 3.175849234882506360e-03
