9.609335124250000248e-01 4.547583011796005152e-03
4.804667562125000124e+00 3.799893348885054027e-03
6.726534586975000174e+00 3.717618078963068947e-03
8.648401611825001112e+00 3.595224366669628850e-03
1.057026863667499939e+01 3.544390958366759343e-03
1.249213566152500121e+01 3.469125033040495239e-03
1.441400268637499948e+01 3.422384099016446621e-03
1.633586971122500131e+01 3.390496467901349831e-03
1.825773673607500314e+01 3.375373836266242975e-03
2.017960376092500141e+01 3.364289792011476276e-03
2.210147078577499968e+01 3.362261256310380975e-03
2.402333781062500151e+01 3.364605560609153397e-03
2.594520483547500334e+01 3.368412790503653303e-03
2.786707186032500161e+01 3.374935697805690749e-03
2.978893888517499988e+01 3.380609455299148774e-03
3.171080591002500171e+01 3.383941582847209417e-03
3.363267293487500353e+01 3.388859367649352510e-03
3.555453995972500536e+01 3.391557612069183870e-03
3.747640698457500008e+01 3.392154223641471750e-03
3.939827400942500191e+01 3.393344009602184460e-03
4.132014103427500373e+01 3.391969775772026366e-03
4.324200805912499845e+01 3.392011689116916206e-03
4.516387508397500028e+01 3.391210849510493605e-03
4.708574210882500211e+01 3.390835980965153755e-03
4.900760913367500393e+01 3.390317757397667050e-03
5.092947615852500576e+01 3.389612639540978082e-03
5.285134318337500048e+01 3.390045914621128351e-03
5.477321020822500230e+01 3.390489746937295438e-03
5.669507723307500413e+01 3.390508180551910205e-03
5.861694425792499885e+01 3.390846188158156034e-03
6.053881128277500068e+01 3.390820092100784149e-03
6.246067830762500250e+01 3.392033949060693342e-03
6.438254533247500433e+01 3.391701198787293921e-03
6.630441235732500616e+01 3.392636330065223506e-03
6.822627938217500798e+01 3.392274818653913566e-03
7.014814640702500981e+01 3.393072275465550559e-03
7.207001343187499742e+01 3.392526120984560353e-03
7.399188045672499925e+01 3.393122116913015011e-03
7.591374748157500107e+01 3.392960703222981135e-03
