9.483863534499998860e-01 3.852365035554787369e-03
4.741931767249998764e+00 3.243005324403686832e-03
6.638704474149998980e+00 3.239640300666976787e-03
8.535477181049998308e+00 3.235453837948467238e-03
1.043224988794999675e+01 3.232959970945762686e-03
1.232902259484999696e+01 3.231919163683213449e-03
1.422579530174999540e+01 3.232862902953357459e-03
1.612256800864999562e+01 3.231287136801940223e-03
1.801934071554999761e+01 3.231931039525648766e-03
1.991611342244999605e+01 3.232281696422934121e-03
2.181288612934999449e+01 3.231962074751172382e-03
2.370965883624999648e+01 3.232444783142558731e-03
2.560643154314999492e+01 3.231792139277556760e-03
2.750320425004999336e+01 3.232224072504035883e-03
2.939997695694999535e+01 3.232346077802879247e-03
3.129674966384999379e+01 3.231990283849328280e-03
3.319352237074998868e+01 3.232274384978159418e-03
3.509029507764999067e+01 3.232394267103848133e-03
3.698706778454998556e+01 3.232679079270484729e-03
3.888384049144998755e+01 3.232478289865937677e-03
4.078061319834998955e+01 3.232562927907839563e-03
4.267738590524998443e+01 3.232442926052073867e-03
4.457415861214998642e+01 3.232577502298725983e-03
4.647093131904998842e+01 3.232472162296002715e-03
4.836770402594998330e+01 3.232416228076811886e-03
5.026447673284998530e+01 3.232479317971285061e-03
5.216124943974998729e+01 3.232329936805044060e-03
5.405802214664998218e+01 3.232506392667490978e-03
5.595479485354998417e+01 3.232431541078435114e-03
5.785156756044998616e+01 3.232372869213171775e-03
5.974834026734998105e+01 3.232505492199112731e-03
6.164511297424998304e+01 3.232465643206664484e-03
6.354188568114998503e+01 3.232450948848794234e-03
6.543865838804998702e+01 3.232467680126748909e-03
6.733543109494998191e+01 3.232359433795281567e-03
6.923220380184999101e+01 3.232422341230008645e-03
7.112897650874998590e+01 3.232529276506717307e-03
7.302574921564998078e+01 3.232307009427121212e-03
7.492252192254998988e+01 3.232390228649764403e-03
