9.514846083500000384e-01 3.903483504829815664e-03
4.757423041750000081e+00 3.282404578947280358e-03
6.660392258450000824e+00 3.273785171317326187e-03
8.563361475149999791e+00 3.266153803404759758e-03
1.046633069185000053e+01 3.263265769470168141e-03
1.236929990855000128e+01 3.261404314725309481e-03
1.427226912525000024e+01 3.261032053853587468e-03
1.617523834194999921e+01 3.261483125911378029e-03
1.807820755864999995e+01 3.260787770518920169e-03
1.998117677535000070e+01 3.260878827148860730e-03
2.188414599205000144e+01 3.261012310236665549e-03
2.378711520875000218e+01 3.261121518350227830e-03
2.569008442545000293e+01 3.261112834009667356e-03
2.759305364215000012e+01 3.261188853118923529e-03
2.949602285885000086e+01 3.261208270641515524e-03
3.139899207555000160e+01 3.261423294844699276e-03
3.330196129224999879e+01 3.261487871372641990e-03
3.520493050894999953e+01 3.261445752711973449e-03
3.710789972565000028e+01 3.261463072019207474e-03
3.901086894235000102e+01 3.261533850793521625e-03
4.091383815905000176e+01 3.261177650272264073e-03
4.281680737575000251e+01 3.261211453888516586e-03
4.471977659245000325e+01 3.261400792246116603e-03
4.662274580915000399e+01 3.261564542891628570e-03
4.852571502585000474e+01 3.261399794125139674e-03
5.042868424255000548e+01 3.261420879713647532e-03
5.233165345924999912e+01 3.261415646582031119e-03
5.423462267594999986e+01 3.261310758863076881e-03
5.613759189265000060e+01 3.261449686147880299e-03
5.804056110935000135e+01 3.261311593071798947e-03
5.994353032605000209e+01 3.261496303192078228e-03
6.184649954275000283e+01 3.261521437960829359e-03
6.374946875945000357e+01 3.261458025168083828e-03
6.565243797614999721e+01 3.261409433780531730e-03
6.755540719284999795e+01 3.261442682666705097e-03
6.945837640954999870e+01 3.261526700016345939e-03
7.136134562624999944e+01 3.261589440351384764e-03
7.326431484295000018e+01 3.261472311115053060e-03
7.516728405965000093e+01 3.261443839608343508e-03
