9.667842992499998678e-01 3.806287805760965974e-03
4.833921496249999450e+00 3.210673654481629308e-03
6.767490094749998519e+00 3.208472089003654680e-03
8.701058693249999365e+00 3.204938326233609195e-03
1.063462729174999843e+01 3.202183437613929842e-03
1.256819589024999750e+01 3.202850853981238297e-03
1.450176448874999835e+01 3.202658415572654568e-03
1.643533308724999742e+01 3.202469959197635271e-03
1.836890168575000004e+01 3.202352807180323772e-03
2.030247028424999911e+01 3.202359304856214599e-03
2.223603888274999818e+01 3.201331199514692062e-03
2.416960748124999725e+01 3.202003212186865441e-03
2.610317607974999632e+01 3.201595613179769768e-03
2.803674467824999894e+01 3.202272124809111761e-03
2.997031327674999801e+01 3.202275316562817713e-03
3.190388187524999708e+01 3.202225434597586601e-03
3.383745047374999615e+01 3.202470095351214567e-03
3.577101907224999877e+01 3.201929175283916348e-03
3.770458767074999429e+01 3.202147605119717595e-03
3.963815626924999691e+01 3.202214213704764056e-03
4.157172486774999243e+01 3.202374982039219928e-03
4.350529346624999505e+01 3.201977640607200915e-03
4.543886206474999767e+01 3.202046853162847286e-03
4.737243066324999319e+01 3.201939199419965350e-03
4.930599926174999581e+01 3.202465246390036237e-03
5.123956786024999133e+01 3.202268290110069516e-03
5.317313645874999395e+01 3.202209772920519386e-03
5.510670505724999657e+01 3.202308052211552854e-03
5.704027365574999209e+01 3.202226733841466617e-03
5.897384225424999471e+01 3.202389229047171784e-03
6.090741085274999023e+01 3.202419344931948207e-03
6.284097945124999285e+01 3.202205264124243812e-03
6.477454804974999547e+01 3.202255265756223223e-03
6.670811664824998388e+01 3.202262439407401948e-03
6.864168524674998650e+01 3.202355802680760012e-03
7.057525384524998913e+01 3.202286054510950809e-03
7.250882244374997754e+01 3.202361232162797156e-03
7.444239104224998016e+01 3.202279192783740510e-03
7.637595964074998278e+01 3.202292882983116557e-03
