9.736796836750001294e-01 4.107194552809229592e-03
2.921039051025000166e+00 3.445319032451665126e-03
4.868398418375000425e+00 3.419825547360269558e-03
6.815757785725000240e+00 3.392336692397575175e-03
8.763117153075000942e+00 3.355003433486547938e-03
1.071047652042500076e+01 3.345008381588063674e-03
1.265783588777500057e+01 3.333397936744707073e-03
1.460519525512500039e+01 3.327125959346159591e-03
1.655255462247500020e+01 3.325020576642999989e-03
1.849991398982500357e+01 3.323578910494673355e-03
2.044727335717500338e+01 3.322674003207658384e-03
2.239463272452500320e+01 3.322643096425315339e-03
2.434199209187500301e+01 3.322702265965987375e-03
2.628935145922500283e+01 3.323635816271298081e-03
2.823671082657500264e+01 3.324675726233320902e-03
3.018407019392500246e+01 3.324907202272961177e-03
3.213142956127499872e+01 3.325738959948763233e-03
3.407878892862500209e+01 3.325941105129481736e-03
3.602614829597500545e+01 3.326231999411830443e-03
3.797350766332500172e+01 3.326756337744021710e-03
3.992086703067500508e+01 3.326277386323059793e-03
4.186822639802500134e+01 3.326816743316931245e-03
4.381558576537500471e+01 3.326293221067135649e-03
4.576294513272500097e+01 3.326582089690865215e-03
4.771030450007500434e+01 3.326676508629392275e-03
4.965766386742500060e+01 3.326224998037490780e-03
5.160502323477500397e+01 3.326796966817998844e-03
5.355238260212500023e+01 3.326671859600330381e-03
5.549974196947500360e+01 3.326385091565085654e-03
5.744710133682499986e+01 3.326783568588953088e-03
5.939446070417500323e+01 3.326496882790859911e-03
6.134182007152499949e+01 3.326545839610853695e-03
6.328917943887500286e+01 3.326401221617001757e-03
6.523653880622499912e+01 3.326317475367765626e-03
6.718389817357500249e+01 3.326374056631277356e-03
6.913125754092500586e+01 3.326330265838688040e-03
7.107861690827500922e+01 3.326357971398922076e-03
7.302597627562499838e+01 3.326546825335254236e-03
7.497333564297500175e+01 3.326553208018696341e-03
7.692069501032500511e+01 3.326583829012518933e-03
