9.968121706499999402e-01 3.741048689327320775e-03
4.984060853249999923e+00 3.148033415496478971e-03
6.977685194549999359e+00 3.149368322494776589e-03
8.971309535849998795e+00 3.148205939163795184e-03
1.096493387714999912e+01 3.147975980175226045e-03
1.295855821844999767e+01 3.147437496133317480e-03
1.495218255974999799e+01 3.147567359132723112e-03
1.694580690104999832e+01 3.147215573282860068e-03
1.893943124234999686e+01 3.147723048824514151e-03
2.093305558364999897e+01 3.146990987990595269e-03
2.292667992494999751e+01 3.147031139046307241e-03
2.492030426624999606e+01 3.146882692111983761e-03
2.691392860754999816e+01 3.147304926194142288e-03
2.890755294884999671e+01 3.147234086941716035e-03
3.090117729014999881e+01 3.147203817174791269e-03
3.289480163145000091e+01 3.146991884417019245e-03
3.488842597274999946e+01 3.147419519918597149e-03
3.688205031404999801e+01 3.147262022750239256e-03
3.887567465535000366e+01 3.147195884503460259e-03
4.086929899665000221e+01 3.147404717318737742e-03
4.286292333795000076e+01 3.147388475265610816e-03
4.485654767924999931e+01 3.147280715538318396e-03
4.685017202054999785e+01 3.147355361158036321e-03
4.884379636184999640e+01 3.147226243161277068e-03
5.083742070315000205e+01 3.147350698949284448e-03
5.283104504445000060e+01 3.147260865794954642e-03
5.482466938574999915e+01 3.147175266930900446e-03
5.681829372704999770e+01 3.147229938019727516e-03
5.881191806834999625e+01 3.147149820179603180e-03
6.080554240965000190e+01 3.146960973244976225e-03
6.279916675095000045e+01 3.147171676740966907e-03
6.479279109224999900e+01 3.147197204778569984e-03
6.678641543355000465e+01 3.147203531775161992e-03
6.878003977484999609e+01 3.147249261613241020e-03
7.077366411615000175e+01 3.147076296524836756e-03
7.276728845744999319e+01 3.147145267357964824e-03
7.476091279874999884e+01 3.147096421236408002e-03
7.675453714005000450e+01 3.147178214249274179e-03
7.874816148134999594e+01 3.147280290445207511e-03
