9.917577667750000492e-01 8.910636268145798455e-01
4.958788833875000357e+00 8.904712852763847497e-01
6.942304367425000677e+00 8.904692041792861001e-01
8.925819900975001886e+00 8.904673560693624479e-01
1.090933543452500309e+01 8.904677377453618092e-01
1.289285096807500253e+01 8.904665247627712166e-01
1.487636650162500196e+01 8.904672882784534504e-01
1.685988203517500139e+01 8.904667554746887870e-01
1.884339756872500260e+01 8.904673055263329084e-01
2.082691310227500381e+01 8.904670513354270289e-01
2.281042863582500146e+01 8.904673831771861003e-01
2.479394416937500267e+01 8.904670700554442320e-01
2.677745970292500388e+01 8.904670445538812595e-01
2.876097523647500154e+01 8.904672618537609052e-01
3.074449077002500275e+01 8.904672353950062735e-01
3.272800630357500751e+01 8.904670497223396985e-01
3.471152183712500516e+01 8.904670309588568200e-01
3.669503737067500992e+01 8.904671961112867740e-01
3.867855290422500758e+01 8.904672779274618311e-01
4.066206843777501234e+01 8.904674405301674645e-01
4.264558397132501000e+01 8.904671974991574812e-01
4.462909950487500765e+01 8.904671632967372519e-01
4.661261503842501241e+01 8.904670948696323807e-01
4.859613057197501007e+01 8.904672411484078065e-01
5.057964610552500773e+01 8.904671362576190852e-01
5.256316163907501249e+01 8.904671826897129217e-01
5.454667717262501014e+01 8.904672049689539293e-01
5.653019270617500780e+01 8.904670226238606823e-01
5.851370823972501256e+01 8.904671718521944834e-01
6.049722377327501022e+01 8.904672302200474787e-01
6.248073930682501498e+01 8.904671983674011804e-01
6.446425484037500553e+01 8.904672052006282756e-01
6.644777037392501029e+01 8.904671203422493964e-01
6.843128590747500084e+01 8.904671016565656183e-01
7.041480144102500560e+01 8.904672975471771279e-01
7.239831697457501036e+01 8.904670233269148527e-01
7.438183250812500091e+01 8.904671825613977854e-01
7.636534804167500567e+01 8.904671343859171806e-01
7.834886357522501044e+01 8.904672166673921474e-01
