9.648155437000000001e-01 8.891975466317577625e-01
4.824077718499999889e+00 8.885537372795905275e-01
6.753708805900000556e+00 8.885416679730279155e-01
8.683339893299999446e+00 8.885232849365178875e-01
1.061297098070000011e+01 8.885190680762774518e-01
1.254260206810000078e+01 8.885137591032559179e-01
1.447223315549999967e+01 8.885142956872444930e-01
1.640186424290000033e+01 8.885132855745214719e-01
1.833149533029999745e+01 8.885137966801117670e-01
2.026112641769999811e+01 8.885133942297879228e-01
2.219075750509999878e+01 8.885132127944302960e-01
2.412038859249999945e+01 8.885131920982669573e-01
2.605001967990000011e+01 8.885136373843677271e-01
2.797965076729999723e+01 8.885136812721489141e-01
2.990928185469999789e+01 8.885141458934336933e-01
3.183891294209999856e+01 8.885137784314149911e-01
3.376854402949999923e+01 8.885142035830154716e-01
3.569817511689999634e+01 8.885139582894429067e-01
3.762780620430000056e+01 8.885140936806069645e-01
3.955743729169999767e+01 8.885141058509207213e-01
4.148706837910000189e+01 8.885138485934988006e-01
4.341669946649999901e+01 8.885139380920664687e-01
4.534633055389999612e+01 8.885141142852762686e-01
4.727596164130000034e+01 8.885140168965122154e-01
4.920559272869999745e+01 8.885140239572570930e-01
5.113522381610000167e+01 8.885142702064465769e-01
5.306485490349999878e+01 8.885142511102385177e-01
5.499448599089999590e+01 8.885144780695797273e-01
5.692411707830000012e+01 8.885143995519825255e-01
5.885374816569999723e+01 8.885143888744300167e-01
6.078337925310000145e+01 8.885144304409221538e-01
6.271301034049999856e+01 8.885142630077487169e-01
6.464264142790000278e+01 8.885142484967625265e-01
6.657227251529999990e+01 8.885141943455365787e-01
6.850190360269999701e+01 8.885141606366715461e-01
7.043153469009999412e+01 8.885143437857475623e-01
7.236116577750000545e+01 8.885143513878787092e-01
7.429079686490000256e+01 8.885142721925030074e-01
7.622042795229999967e+01 8.885140879373111256e-01
