9.594391772499999416e-01 8.878370617653377206e-01
4.797195886249999042e+00 8.870434027785224496e-01
6.716074240749999369e+00 8.869263197224641626e-01
8.634952595249998808e+00 8.867592757658400160e-01
1.055383094974999736e+01 8.866929707939118499e-01
1.247270930424999769e+01 8.865697239836540788e-01
1.439158765874999624e+01 8.864926073161221165e-01
1.631046601324999656e+01 8.864351350153392151e-01
1.822934436774999867e+01 8.864045413586796318e-01
2.014822272224999722e+01 8.863802438733942024e-01
2.206710107674999577e+01 8.863668299789292382e-01
2.398597943124999787e+01 8.863675526249537029e-01
2.590485778574999642e+01 8.863692828832633319e-01
2.782373614024999497e+01 8.863779650284646650e-01
2.974261449474999708e+01 8.863881356990428451e-01
3.166149284924999563e+01 8.863922279813042371e-01
3.358037120374999063e+01 8.864030340287443188e-01
3.549924955824999273e+01 8.864076853799154332e-01
3.741812791274998773e+01 8.864126502508884453e-01
3.933700626724998983e+01 8.864152908093448913e-01
4.125588462174999194e+01 8.864164225903887750e-01
4.317476297624998693e+01 8.864171391440380798e-01
4.509364133074998904e+01 8.864155799088444532e-01
4.701251968524999114e+01 8.864152016210267160e-01
4.893139803974998614e+01 8.864138823352830654e-01
5.085027639424998824e+01 8.864139772860070154e-01
5.276915474874999035e+01 8.864120299454014695e-01
5.468803310324998534e+01 8.864132260523518436e-01
5.660691145774998745e+01 8.864125098761511667e-01
5.852578981224998955e+01 8.864133664804119128e-01
6.044466816674998455e+01 8.864132120221926980e-01
6.236354652124998665e+01 8.864150947702629235e-01
6.428242487574999586e+01 8.864140558031419204e-01
6.620130323024999086e+01 8.864159774081521448e-01
6.812018158474998586e+01 8.864157781605277453e-01
7.003905993924999507e+01 8.864176887988679532e-01
7.195793829374999007e+01 8.864173549921003925e-01
7.387681664824998506e+01 8.864174346488249423e-01
7.579569500274999427e+01 8.864180364793391442e-01
