9.609335124250000248e-01 8.880751037931040592e-01
4.804667562125000124e+00 8.873274141301930040e-01
6.726534586975000174e+00 8.872451388602710098e-01
8.648401611825001112e+00 8.871227451479775095e-01
1.057026863667499939e+01 8.870719117396748121e-01
1.249213566152500121e+01 8.869966458143487831e-01
1.441400268637499948e+01 8.869499048803244357e-01
1.633586971122500131e+01 8.869180172492091563e-01
1.825773673607500314e+01 8.869028946175744332e-01
2.017960376092500141e+01 8.868918105733193391e-01
2.210147078577499968e+01 8.868897820376182572e-01
2.402333781062500151e+01 8.868921263419167200e-01
2.594520483547500334e+01 8.868959335718114012e-01
2.786707186032500161e+01 8.869024564791135878e-01
2.978893888517499988e+01 8.869081302366081943e-01
3.171080591002500171e+01 8.869114623641557449e-01
3.363267293487500353e+01 8.869163801489570176e-01
3.555453995972500536e+01 8.869190783933766919e-01
3.747640698457500008e+01 8.869196750049488376e-01
3.939827400942500191e+01 8.869208647909103682e-01
4.132014103427500373e+01 8.869194905570801923e-01
4.324200805912499845e+01 8.869195324704254313e-01
4.516387508397500028e+01 8.869187316308173585e-01
4.708574210882500211e+01 8.869183567622740405e-01
4.900760913367500393e+01 8.869178385387059826e-01
5.092947615852500576e+01 8.869171334208492130e-01
5.285134318337500048e+01 8.869175666959290272e-01
5.477321020822500230e+01 8.869180105282458149e-01
5.669507723307500413e+01 8.869180289618603386e-01
5.861694425792499885e+01 8.869183669694657990e-01
6.053881128277500068e+01 8.869183408734081508e-01
6.246067830762500250e+01 8.869195547303686533e-01
6.438254533247500433e+01 8.869192219800945409e-01
6.630441235732500616e+01 8.869201571113721760e-01
6.822627938217500798e+01 8.869197955999622573e-01
7.014814640702500981e+01 8.869205930567731766e-01
7.207001343187499742e+01 8.869200469022945343e-01
7.399188045672499925e+01 8.869206428982205903e-01
7.591374748157500107e+01 8.869204814845307316e-01
