9.956858202499999644e-01 8.919810414254149000e-01
4.978429101249999711e+00 8.913946646548026598e-01
6.969800741749999418e+00 8.913961554669381782e-01
8.961172382249998236e+00 8.913954963924325403e-01
1.095254402274999705e+01 8.913948190709701791e-01
1.294391566324999765e+01 8.913947597629539032e-01
1.493528730374999824e+01 8.913952595502303566e-01
1.692665894424999706e+01 8.913954092336893176e-01
1.891803058474999588e+01 8.913952418864020677e-01
2.090940222524999470e+01 8.913954968989593608e-01
2.290077386574999707e+01 8.913952388589868603e-01
2.489214550624999589e+01 8.913951585841344283e-01
2.688351714674999471e+01 8.913955029341193992e-01
2.887488878724999708e+01 8.913949412307682341e-01
3.086626042774999590e+01 8.913951761312157718e-01
3.285763206824999827e+01 8.913950725509527384e-01
3.484900370874999709e+01 8.913950234636425218e-01
3.684037534924999591e+01 8.913954507159045360e-01
3.883174698974999473e+01 8.913950946044134627e-01
4.082311863024999354e+01 8.913952009265339038e-01
4.281449027074999947e+01 8.913948168820200468e-01
4.480586191124999829e+01 8.913950352062567362e-01
4.679723355174999710e+01 8.913950659938736365e-01
4.878860519224999592e+01 8.913952407952667745e-01
5.077997683274999474e+01 8.913950740465369504e-01
5.277134847324999356e+01 8.913951470472174510e-01
5.476272011374999238e+01 8.913950768839825622e-01
5.675409175424999830e+01 8.913950061678245218e-01
5.874546339474999712e+01 8.913950638567227358e-01
6.073683503524999594e+01 8.913949933548900306e-01
6.272820667574999476e+01 8.913951063415846976e-01
6.471957831624999358e+01 8.913950932625746004e-01
6.671094995674999950e+01 8.913952010043110219e-01
6.870232159724999121e+01 8.913949859503288442e-01
7.069369323774999714e+01 8.913950310070924976e-01
7.268506487824998885e+01 8.913951387631865453e-01
7.467643651874999478e+01 8.913951668244092241e-01
7.666780815924998649e+01 8.913950998657471647e-01
7.865917979974999241e+01 8.913950052405484881e-01
