9.592741486499999359e-01 8.884258117820789113e-01
4.796370743249999791e+00 8.877083743973287477e-01
6.714919040549999885e+00 8.876505826113434416e-01
8.633467337849999979e+00 8.875769874914127833e-01
1.055201563514999918e+01 8.875497653678298127e-01
1.247056393245000017e+01 8.875079461385760871e-01
1.438911222975000115e+01 8.874868689847592584e-01
1.630766052705000035e+01 8.874758585944459988e-01
1.822620882434999956e+01 8.874702597207347887e-01
2.014475712164999877e+01 8.874675360080328534e-01
2.206330541895000152e+01 8.874679064756163527e-01
2.398185371625000073e+01 8.874699916716607406e-01
2.590040201354999994e+01 8.874720793928456697e-01
2.781895031085000269e+01 8.874743171469403613e-01
2.973749860815000190e+01 8.874771747215745021e-01
3.165604690545000111e+01 8.874782115367023660e-01
3.357459520275000386e+01 8.874799865225138085e-01
3.549314350005000307e+01 8.874804904613727841e-01
3.741169179735000228e+01 8.874809271886969775e-01
3.933024009465000148e+01 8.874813729649034810e-01
4.124878839195000779e+01 8.874813921229867120e-01
4.316733668925000700e+01 8.874810961535788412e-01
4.508588498655000620e+01 8.874805944891315246e-01
4.700443328385000541e+01 8.874806361023269696e-01
4.892298158115000462e+01 8.874800017698836196e-01
5.084152987845000382e+01 8.874802593656477834e-01
5.276007817575000303e+01 8.874797766824523704e-01
5.467862647305000934e+01 8.874803718785574391e-01
5.659717477035000854e+01 8.874804866318505292e-01
5.851572306765000775e+01 8.874805998019240638e-01
6.043427136495000696e+01 8.874807527874454260e-01
6.235281966225000616e+01 8.874813359691874348e-01
6.427136795955000537e+01 8.874811187529869638e-01
6.618991625684999747e+01 8.874810031737988547e-01
6.810846455415000378e+01 8.874812065069392908e-01
7.002701285144999588e+01 8.874812722002659582e-01
7.194556114875000219e+01 8.874813688365037478e-01
7.386410944604999429e+01 8.874812413037350689e-01
7.578265774335000060e+01 8.874814343094609148e-01
