9.483863534499998860e-01 8.901432086028920887e-01
4.741931767249998764e+00 8.895338488917408082e-01
6.638704474149998980e+00 8.895304838680042625e-01
8.535477181049998308e+00 8.895262974052856597e-01
1.043224988794999675e+01 8.895238035382829755e-01
1.232902259484999696e+01 8.895227627310203777e-01
1.422579530174999540e+01 8.895237064702909979e-01
1.612256800864999562e+01 8.895221307041393244e-01
1.801934071554999761e+01 8.895227746068626873e-01
1.991611342244999605e+01 8.895231252637603170e-01
2.181288612934999449e+01 8.895228056420885210e-01
2.370965883624999648e+01 8.895232883504801125e-01
2.560643154314999492e+01 8.895226357066147171e-01
2.750320425004999336e+01 8.895230676398405700e-01
2.939997695694999535e+01 8.895231896451399889e-01
3.129674966384999379e+01 8.895228338511862454e-01
3.319352237074998868e+01 8.895231179523155340e-01
3.509029507764999067e+01 8.895232378344412050e-01
3.698706778454998556e+01 8.895235226466081668e-01
3.888384049144998755e+01 8.895233218572028422e-01
4.078061319834998955e+01 8.895234064952450836e-01
4.267738590524998443e+01 8.895232864933894090e-01
4.457415861214998642e+01 8.895234210696365551e-01
4.647093131904998842e+01 8.895233157296321691e-01
4.836770402594998330e+01 8.895232597954130238e-01
5.026447673284998530e+01 8.895233228853097751e-01
5.216124943974998729e+01 8.895231735041415622e-01
5.405802214664998218e+01 8.895233499600039284e-01
5.595479485354998417e+01 8.895232751084144462e-01
5.785156756044998616e+01 8.895232164365505234e-01
5.974834026734998105e+01 8.895233490595345627e-01
6.164511297424998304e+01 8.895233092105427897e-01
6.354188568114998503e+01 8.895232945161858362e-01
6.543865838804998702e+01 8.895233112474638659e-01
6.733543109494998191e+01 8.895232030011316349e-01
6.923220380184999101e+01 8.895232659085676730e-01
7.112897650874998590e+01 8.895233728438433074e-01
7.302574921564998078e+01 8.895231505767637881e-01
7.492252192254998988e+01 8.895232337959880775e-01
