9.968121706499999402e-01 8.915407796167678089e-01
4.984060853249999923e+00 8.909477643429369875e-01
6.977685194549999359e+00 8.909490992499352613e-01
8.971309535849998795e+00 8.909479368666042287e-01
1.096493387714999912e+01 8.909477069076161548e-01
1.295855821844999767e+01 8.909471684235737987e-01
1.495218255974999799e+01 8.909472982865732638e-01
1.694580690104999832e+01 8.909469465007238131e-01
1.893943124234999686e+01 8.909474539762655132e-01
2.093305558364999897e+01 8.909467219154306727e-01
2.292667992494999751e+01 8.909467620664868193e-01
2.492030426624999606e+01 8.909466136195528518e-01
2.691392860754999816e+01 8.909470358536349943e-01
2.890755294884999671e+01 8.909469650143824193e-01
3.090117729014999881e+01 8.909469347446161702e-01
3.289480163145000091e+01 8.909467228118571613e-01
3.488842597274999946e+01 8.909471504473602810e-01
3.688205031404999801e+01 8.909469929501914187e-01
3.887567465535000366e+01 8.909469268119443175e-01
4.086929899665000221e+01 8.909471356447604684e-01
4.286292333795000076e+01 8.909471194027056562e-01
4.485654767924999931e+01 8.909470116429795139e-01
4.685017202054999785e+01 8.909470862885989773e-01
4.884379636184999640e+01 8.909469571706029045e-01
5.083742070315000205e+01 8.909470816263904691e-01
5.283104504445000060e+01 8.909469917932345551e-01
5.482466938574999915e+01 8.909469061943694479e-01
5.681829372704999770e+01 8.909469608654609907e-01
5.881191806834999625e+01 8.909468807476196295e-01
6.080554240965000190e+01 8.909466919006848729e-01
6.279916675095000045e+01 8.909469026041828554e-01
6.479279109224999900e+01 8.909469281322190959e-01
6.678641543355000465e+01 8.909469344592161333e-01
6.878003977484999609e+01 8.909469801890549379e-01
7.077366411615000175e+01 8.909468072239671299e-01
7.276728845744999319e+01 8.909468761947987314e-01
7.476091279874999884e+01 8.909468273486785828e-01
7.675453714005000450e+01 8.909469091416920561e-01
7.874816148134999594e+01 8.909470112178883294e-01
