9.514846083500000384e-01 8.896849096875945051e-01
4.757423041750000081e+00 8.890638307617120262e-01
6.660392258450000824e+00 8.890552113540819423e-01
8.563361475149999791e+00 8.890475799861692341e-01
1.046633069185000053e+01 8.890446919522350111e-01
1.236929990855000128e+01 8.890428304974896667e-01
1.427226912525000024e+01 8.890424582366184270e-01
1.617523834194999921e+01 8.890429093086756884e-01
1.807820755864999995e+01 8.890422139532830892e-01
1.998117677535000070e+01 8.890423050099138802e-01
2.188414599205000144e+01 8.890424384930021295e-01
2.378711520875000218e+01 8.890425477011150157e-01
2.569008442545000293e+01 8.890425390167746578e-01
2.759305364215000012e+01 8.890426150358836654e-01
2.949602285885000086e+01 8.890426344534064773e-01
3.139899207555000160e+01 8.890428494776086987e-01
3.330196129224999879e+01 8.890429140541372677e-01
3.520493050894999953e+01 8.890428719354772635e-01
3.710789972565000028e+01 8.890428892547835860e-01
3.901086894235000102e+01 8.890429600335584270e-01
4.091383815905000176e+01 8.890426038330367930e-01
4.281680737575000251e+01 8.890426376366536987e-01
4.471977659245000325e+01 8.890428269750106915e-01
4.662274580915000399e+01 8.890429907256554021e-01
4.852571502585000474e+01 8.890428259768894392e-01
5.042868424255000548e+01 8.890428470624789359e-01
5.233165345924999912e+01 8.890428418293448987e-01
5.423462267594999986e+01 8.890427369416278314e-01
5.613759189265000060e+01 8.890428758689120636e-01
5.804056110935000135e+01 8.890427377758362004e-01
5.994353032605000209e+01 8.890429224859570656e-01
6.184649954275000283e+01 8.890429476207251103e-01
6.374946875945000357e+01 8.890428842079324268e-01
6.565243797614999721e+01 8.890428356165438473e-01
6.755540719284999795e+01 8.890428688654318234e-01
6.945837640954999870e+01 8.890429528827812344e-01
7.136134562624999944e+01 8.890430156231152736e-01
7.326431484295000018e+01 8.890428984938798518e-01
7.516728405965000093e+01 8.890428700223724778e-01
