9.736796836750001294e-01 8.887541884548035842e-01
2.921039051025000166e+00 8.880923129344462374e-01
4.868398418375000425e+00 8.880668194493548384e-01
6.815757785725000240e+00 8.880393305943919957e-01
8.763117153075000942e+00 8.880019973354810192e-01
1.071047652042500076e+01 8.879920022835824378e-01
1.265783588777500057e+01 8.879803918387392248e-01
1.460519525512500039e+01 8.879741198613408937e-01
1.655255462247500020e+01 8.879720144786373837e-01
1.849991398982500357e+01 8.879705728124888120e-01
2.044727335717500338e+01 8.879696679052027086e-01
2.239463272452500320e+01 8.879696369984200199e-01
2.434199209187500301e+01 8.879696961679603984e-01
2.628935145922500283e+01 8.879706297182652364e-01
2.823671082657500264e+01 8.879716696282276001e-01
3.018407019392500246e+01 8.879719011042674914e-01
3.213142956127499872e+01 8.879727328619432258e-01
3.407878892862500209e+01 8.879729350071239313e-01
3.602614829597500545e+01 8.879732259014060380e-01
3.797350766332500172e+01 8.879737502397396787e-01
3.992086703067500508e+01 8.879732712883178225e-01
4.186822639802500134e+01 8.879738106453121116e-01
4.381558576537500471e+01 8.879732871230606728e-01
4.576294513272500097e+01 8.879735759916852489e-01
4.771030450007500434e+01 8.879736704106243605e-01
4.965766386742500060e+01 8.879732189000323350e-01
5.160502323477500397e+01 8.879737908688122294e-01
5.355238260212500023e+01 8.879736657615947548e-01
5.549974196947500360e+01 8.879733789935596588e-01
5.744710133682499986e+01 8.879737774705839248e-01
5.939446070417500323e+01 8.879734907847861569e-01
6.134182007152499949e+01 8.879735397416058662e-01
6.328917943887500286e+01 8.879733951236105094e-01
6.523653880622499912e+01 8.879733113773622399e-01
6.718389817357500249e+01 8.879733679586260253e-01
6.913125754092500586e+01 8.879733241678329225e-01
7.107861690827500922e+01 8.879733518733929909e-01
7.302597627562499838e+01 8.879735407273284808e-01
7.497333564297500175e+01 8.879735471100133060e-01
7.692069501032500511e+01 8.879735777310087119e-01
