9.667842992499998678e-01 8.906289568799405920e-01
4.833921496249999450e+00 8.900333427286611920e-01
6.767490094749998519e+00 8.900311411631832703e-01
8.701058693249999365e+00 8.900276074004133120e-01
1.063462729174999843e+01 8.900248525117935294e-01
1.256819589024999750e+01 8.900255199281608132e-01
1.450176448874999835e+01 8.900253274897521605e-01
1.643533308724999742e+01 8.900251390333773216e-01
1.836890168575000004e+01 8.900250218813601233e-01
2.030247028424999911e+01 8.900250283790359651e-01
2.223603888274999818e+01 8.900240002736943268e-01
2.416960748124999725e+01 8.900246722863667248e-01
2.610317607974999632e+01 8.900242646873594010e-01
2.803674467824999894e+01 8.900249411989883397e-01
2.997031327674999801e+01 8.900249443907430891e-01
3.190388187524999708e+01 8.900248945087771979e-01
3.383745047374999615e+01 8.900251391695311876e-01
3.577101907224999877e+01 8.900245982494643382e-01
3.770458767074999429e+01 8.900248166792988913e-01
3.963815626924999691e+01 8.900248832878849825e-01
4.157172486774999243e+01 8.900250440562188503e-01
4.350529346624999505e+01 8.900246467147868712e-01
4.543886206474999767e+01 8.900247159273427799e-01
4.737243066324999319e+01 8.900246082736014142e-01
4.930599926174999581e+01 8.900251343205679566e-01
5.123956786024999133e+01 8.900249373642912243e-01
5.317313645874999395e+01 8.900248788471000205e-01
5.510670505724999657e+01 8.900249771263929466e-01
5.704027365574999209e+01 8.900248958080205774e-01
5.897384225424999471e+01 8.900250583032260909e-01
6.090741085274999023e+01 8.900250884191105438e-01
6.284097945124999285e+01 8.900248743383055716e-01
6.477454804974999547e+01 8.900249243399386279e-01
6.670811664824998388e+01 8.900249315135867478e-01
6.864168524674998650e+01 8.900250248768615258e-01
7.057525384524998913e+01 8.900249551286917304e-01
7.250882244374997754e+01 8.900250303063432789e-01
7.444239104224998016e+01 8.900249482669632117e-01
7.637595964074998278e+01 8.900249619571630744e-01
