# "MSD"
0 
114.39696722533783 
230.5585622116359 
346.95950562406057 
463.16334438328255 
579.9598288417334 
694.1106544196766 
808.0796899578812 
921.1417606956189 
1032.4749513900742 
1145.2590516013538 
1255.289700124789 
1363.3119255791132 
1471.6372242185769 
1575.7823325431648 
1679.8163419489379 
1779.8713496400712 
1880.018461814654 
1980.8268653858433 
2079.581311238891 
2176.4892941545377 
2273.199893098555 
2366.545835205459 
2455.824703762814 
2542.38484177747 
2627.797652289291 
2714.4694260077526 
2796.516504329382 
2875.1953124452198 
2953.034812720758 
3030.681042360622 
3108.850944101717 
3182.7365391750454 
3254.4842407807487 
3323.009662358419 
3393.4365407991395 
3461.197991288593 
3525.4080253147476 
3590.1328620263366 
3653.2266770148453 
3717.6004416338824 
3771.098420680681 
3824.422289942704 
3878.569498417388 
3929.0546934481576 
3980.4282063260575 
4030.9275911601026 
4078.423131964627 
4124.194506732303 
4170.850349075937 
4213.572771684426 
4254.645807865108 
4297.152755941904 
4338.058269780515 
4374.469074299755 
4413.091858708766 
4448.942699665438 
4484.655235016781 
4519.915578648418 
4552.662814569333 
4586.141277531968 
4618.8507803481925 
4649.134597535708 
4678.32782527724 
4707.304997953035 
4736.116582203125 
4763.034173119567 
4790.3866257262425 
4815.732151649744 
4840.894629740511 
4865.724919291878 
4891.135696935715 
4914.401795723023 
4937.908552511566 
4958.387231763785 
4978.7811030910225 
4998.72990741213 
5018.806046367189 
5038.30592836631 
5056.724123288882 
5075.060319439356 
5094.176606742048 
5110.362686334849 
5127.9675226792315 
5144.599415515515 
5159.124961401547 
5173.167683794121 
5188.0233766617375 
5202.423374093054 
5216.30796585709 
5230.47092470435 
5242.970717380568 
5254.668219579995 
5267.140120749914 
5279.418235944267 
5290.659472378762 
5300.837389772895 
5311.590799665722 
5322.123311287107 
5331.919016940848 
5342.201279466425 
