# "MSD"
0.0 
3.484061214715886 
2.261517888817187 
2.0522119280139894 
2.0219197744018453 
2.0154162138480016 
2.009896270131795 
1.942751518150261 
1.9479871048506912 
2.019279843271465 
2.3476702329979044 
5.052298368263878 
14.687087916284598 
27.5949057850936 
41.001344253335034 
54.68115471385882 
68.41179604467092 
82.13390644282924 
95.9333531564549 
109.94777920948614 
123.89847125384705 
137.91817161314174 
151.85573334264558 
165.80503851140105 
179.75219650875857 
193.73952320568577 
207.55956713298497 
221.70510194446987 
235.65197609874303 
249.80940728862006 
263.73629082442505 
277.8819960295239 
291.91788458368455 
306.3051974325298 
320.2600061056651 
334.0968752663425 
348.3015925771447 
362.3212307518099 
376.448589959998 
390.6459922303149 
405.0811639565504 
419.24499816429676 
433.4605033915342 
447.5381430680684 
461.6229224203221 
475.69603246984394 
489.9945127789344 
503.8911935686368 
518.4336001057081 
532.7249161564705 
546.8752713209811 
561.3155067196504 
575.7707621924454 
590.4041298734976 
604.5820828471083 
618.8977774249299 
632.9532724952057 
646.9393086761596 
661.0081383029611 
674.8696614586474 
688.9605253029362 
703.2251348226331 
717.4699181422418 
731.6842251577406 
745.9879751589618 
760.3710948525708 
774.7998911865647 
788.5896022578142 
803.1907973763342 
817.3564456099896 
831.7505588097893 
845.5855690287209 
859.5406135024342 
874.143046914375 
888.5356810977992 
902.7938462244783 
917.1280402496186 
931.237525220356 
945.8167799341054 
960.2704592892898 
974.3141375547293 
988.573839988911 
1002.6657547982543 
1016.8137402348888 
1031.0701941085483 
1045.2206280222267 
1059.2797573807668 
1074.0422433201722 
1088.781056814498 
1103.4848692690282 
1118.043650860727 
1132.3784955400695 
1147.0045488644005 
1161.691524360935 
1176.2710426522494 
1190.397794753511 
1204.1573580883928 
1217.7852687260242 
1232.5019251084088 
1246.272604668009 
1259.8904105494491 
1274.1496591778368 
1288.4612763597165 
1303.0745578689268 
1317.4269746286473 
1331.8208655244687 
1345.7576492160324 
1360.0471663392664 
1374.5272895742173 
1388.8201729715468 
1403.2279831833332 
1417.2230405792186 
1431.374645301037 
1445.014386428136 
1458.8033709963033 
1473.0374916925143 
1486.965141092012 
1500.5344942069678 
1514.807687033656 
1528.9810575715735 
1543.6976747140945 
1558.701557711133 
1573.3188840691234 
1587.9400948714588 
1602.2849810010673 
1616.7196209316824 
1630.9739368110438 
1645.761231656691 
1660.0301672694218 
1674.5836907930982 
1688.6552218458733 
1702.8264761445018 
1717.273085056304 
1732.0520650755 
1745.9307745362485 
1760.4923940929539 
1774.6881747833 
1789.1172949207914 
1803.6889642363178 
1817.9946939150198 
1832.1223824959227 
1845.9771446376044 
1860.237395455459 
1875.0383311476546 
1888.826601697556 
1902.1131120212692 
1915.2886188109235 
1928.9652003066763 
1942.674033690942 
1955.5092477284336 
1968.7058586896505 
1982.847997763037 
1996.717326934808 
2010.5589235089715 
2023.9991128821925 
2037.7278261324598 
2051.4452394672057 
2065.050102882822 
2078.8013768307937 
2092.8303468184013 
2106.683673515597 
2121.007404371541 
2134.553511380521 
2148.07772650665 
2162.168899988228 
2175.750707895902 
2188.3948586351266 
2202.11184785214 
2216.08852322179 
2229.627930836395 
2243.245034617031 
2256.4268853694084 
2270.2082097719776 
2283.4528103560715 
2296.2314901813056 
2309.5302249683014 
2323.559192212798 
2336.6546573382393 
2350.239377923954 
2363.771808437059 
2378.282319262066 
2391.824858960928 
2404.923695068301 
2417.647649573158 
2431.0313563487116 
2444.226935691583 
2458.358465866395 
2471.740322345194 
2485.637219252549 
2498.8679402661564 
2512.149133004569 
2525.3767602650196 
2538.4343252810104 
2552.195901139753 
2565.9373130695535 
2580.067115544758 
2593.2838258055326 
2607.5348053587413 
2620.43378869634 
2633.9916239287704 
2647.27876020246 
2660.730884903274 
2674.318815321203 
2687.3385162754494 
2701.017905948169 
2714.9966782810984 
2728.4617487650657 
2742.007721570822 
2755.7126824970783 
2768.4672033255815 
2780.905959126008 
2794.0008257018203 
2806.9569230114826 
2820.22506269723 
2833.8339260367916 
2846.4366273829146 
2859.9155084817744 
2873.266392964361 
2886.1727899951798 
2899.363791785039 
2913.102033323027 
2926.707476039773 
2940.0946989619956 
2952.9149472909953 
2966.0986167125507 
2979.1532675644885 
2992.06767044404 
3004.932483204487 
3017.614947089001 
3029.643694787082 
3041.9927047315973 
3055.584015145609 
3068.556738101541 
3080.8784624369437 
3092.8043358256086 
3104.315133296159 
3116.5722488507663 
3128.6256243170606 
3141.1505446202555 
3153.135307141306 
3166.2578237279804 
3178.714225632935 
3191.0199690441154 
3204.2670776118985 
3217.5217394889223 
3229.359232435294 
3242.130323525746 
3254.7753441189484 
3267.53846635542 
3280.9088801024327 
3293.271009900553 
3306.2337004001456 
3318.2126684440027 
3330.312742963523 
3342.483306018725 
3354.651819556329 
3366.5178994383773 
3378.4315391181904 
3390.06320740735 
3401.4825000666656 
3413.558556494871 
3426.021557384464 
3438.247154421772 
3449.0849916612065 
3460.4483171157003 
3472.338253872171 
3483.6443096901558 
3495.0378857529295 
3507.390336577881 
3519.8011916259306 
3532.3504683520455 
3544.544804427252 
3555.9195813287465 
3568.4843288479938 
3581.0703564683186 
3593.0280743932717 
3605.07420237886 
3617.206210367076 
3628.4873852395085 
3639.4888799791383 
3651.8441616252094 
3663.9020456581475 
3675.2129496953353 
3687.1453786535267 
3698.878048424887 
3710.587412723304 
3722.3626738555977 
3733.897871817771 
3744.3217944298553 
3755.829211590218 
3767.8012884427544 
3779.043492069588 
3790.3835744129433 
3800.8267043983315 
3812.1317704769767 
3822.781488084272 
3834.242456513308 
3845.578689909922 
3856.81131168976 
3868.328240581726 
3878.384621725385 
3890.3220490460517 
3902.6647821680403 
3914.2442504202813 
3926.115936857137 
3936.0851486817887 
3946.9058289414825 
3957.8174619768365 
3968.729946843974 
3979.687923900724 
3992.1700895583867 
4003.5600258876925 
4014.4599581637776 
4024.9970543977747 
4034.8170463925685 
4045.375866389684 
4055.9995608306904 
4067.0539442994263 
4077.591902066889 
4088.1065886993038 
4097.508448748531 
4106.730739353176 
4117.61113925476 
4127.624411663553 
4138.211513123054 
4148.868586533327 
4159.685213280227 
4170.00032679635 
4179.1901598481445 
4189.307947026289 
4198.069008342509 
4207.663454912154 
4217.865176331593 
4227.457045148356 
4237.7740913788375 
4247.6062081540895 
4256.992775503171 
4267.428222163015 
4276.422185732265 
4285.202615039888 
4293.470648632883 
4302.317818728914 
4312.810505938072 
4322.89502997315 
4333.121169669885 
4342.487624502707 
4352.061640594648 
4362.264453210009 
4372.466275350991 
4383.010424303007 
4393.313154156521 
4403.407792105937 
4413.380391807761 
4423.318767664489 
4432.459663648658 
4442.362366053367 
4450.94575031889 
4459.727539286944 
4468.654016215979 
4476.847067323535 
4486.328806897538 
4495.416525385451 
4504.8511796009 
4514.787835013582 
4523.895526393976 
4533.118980067812 
4543.312915358637 
4552.007090131887 
4560.63907593182 
4569.861784232272 
4579.190415201376 
4588.751602595163 
4597.405748761493 
4606.0125386639575 
4614.984779737624 
4624.932632112128 
4635.990767476661 
4645.336298978334 
4654.914832163302 
4663.294233748827 
4672.091644020269 
4680.860310746564 
4689.155015929895 
4697.121489267665 
4706.639883384761 
4715.086329828388 
4723.626204490029 
4730.9549224654365 
4739.756255983079 
4748.26672475972 
4756.899909528052 
4765.237801112869 
4773.623931905009 
4782.402396422647 
4791.651789877884 
4799.926145234467 
4807.753265316655 
4815.623424082197 
4823.860264716949 
4832.03220503838 
4840.3685721570255 
4848.749325868503 
4857.378482131198 
4865.691384881208 
4874.890400283659 
4882.989243476658 
4890.555959833852 
4898.136949694993 
4905.75576547174 
4913.705381242926 
4921.580912332402 
4929.959354928442 
4937.788693036751 
4946.009259130377 
4954.2036965460165 
4962.485244535508 
4970.706961617413 
4978.3437196820705 
4987.230763330397 
4994.480086499566 
5002.580994301196 
5011.04883880735 
5019.488320073899 
5028.702755700973 
5035.974639165504 
5043.822387458806 
5051.861048831502 
5059.608379286269 
5068.008588844239 
5075.116135548835 
5083.222365358644 
5090.8994221229295 
5098.265933596895 
5106.123494878298 
5113.822525590536 
5121.794819107986 
5129.122112693642 
5137.035200225802 
5145.165977005613 
5153.1691352118105 
5160.10340522164 
5168.239524274586 
5174.56986786374 
5181.245686347378 
5188.67900641719 
5195.677343909843 
5202.237932758616 
5208.958830520438 
5216.330238483778 
5224.279857014668 
5232.2412214492615 
5239.702244369575 
5246.477783267334 
5254.225137256864 
5261.178967178949 
5267.8376177539 
5274.390276681381 
5280.857125098808 
5288.021251655047 
5295.591491484153 
5302.6917817502335 
5308.891907501841 
5315.67936932543 
5320.694141360323 
5327.291461772239 
5334.001357341185 
5340.934150411965 
5347.096100358992 
5354.235112002497 
5361.583052128624 
5368.600065990767 
5375.114832609965 
5381.34052297635 
5388.909401657221 
5395.299585041281 
5402.227880969379 
5408.987940729804 
5415.353408110876 
5422.653293660649 
5429.043033735193 
5437.57739809212 
5444.304640961239 
5451.294362390572 
5457.602860206218 
5463.800858208005 
5471.557006986682 
5478.667230256297 
5484.3074764872135 
5490.178615230917 
5497.111236103753 
5503.525918259262 
5510.671366949629 
5517.370121659367 
5523.724695664479 
5530.315649307634 
5536.214461880442 
5542.638744696904 
5548.530715216463 
5554.970215909589 
5562.363938363259 
5568.006568453659 
5574.635112862301 
5581.41216517498 
5587.132774703979 
5592.738398889444 
5598.996742784903 
5604.165361852068 
5610.211679514138 
5616.848387999276 
5622.725855581802 
5629.31689249638 
5635.183252412543 
5641.936440417513 
5648.393811475211 
5654.809896804722 
5662.028893915908 
5667.294071400659 
5673.461060478048 
5678.921253999788 
5685.003014581436 
5691.161315161267 
5697.39087924382 
5703.42323909537 
5709.507700037729 
5715.039330969874 
5721.774387393016 
5726.932686219689 
5733.169106290785 
5739.451100120819 
5744.851739450362 
5751.894338643223 
5757.511854656324 
5761.997570110903 
5767.961535239161 
5774.646178707672 
5780.358239448224 
5786.327058414592 
5792.779021042556 
5797.425967015444 
5802.4131723614155 
5808.541797660779 
5814.80466835132 
5819.9652270421175 
5826.015867382304 
5832.499935365295 
5837.03126672304 
5843.3693487541195 
5848.471310073232 
5855.020968299219 
5861.286454494959 
5867.303793375205 
5871.691504906851 
5877.204857688593 
5882.7314779961835 
5888.583008769948 
5893.802307381461 
5899.92284541448 
5906.046907024484 
5911.7113855944535 
5917.011971157574 
5922.6973148792995 
5929.30453408305 
5934.016924767815 
5939.206569872038 
5945.525642294679 
5951.415702763468 
5956.212195033578 
5961.930532311745 
5966.890503672251 
5971.224659519016 
5976.556327491894 
5981.564766186406 
5986.571915525469 
5992.022531030522 
5997.360146674894 
6001.990091459148 
6007.717653110824 
6012.533214906651 
6017.899093855064 
6022.5329932756085 
6026.707511608064 
6032.4450598433305 
6037.277778129537 
6041.483396391975 
6045.727306162652 
6051.041043045386 
6057.994701007959 
6062.758481775887 
6067.630065162829 
6071.752563115771 
6076.06284158378 
6079.660151213013 
6084.522189104549 
6089.787082331148 
6095.697779329451 
6100.384512686067 
6103.565840142532 
6107.428144054949 
6111.589924176289 
6116.073617825969 
6120.888749157754 
6123.9362185907385 
6128.719145821677 
6133.644088224836 
6137.654966735711 
6142.761964947803 
6147.18536919614 
6150.857259020472 
6154.522811543744 
6158.632741451453 
6162.664825304932 
6168.276431716524 
6173.242798177557 
6179.127853549622 
6184.289738584418 
6189.722182394638 
6194.950984984115 
6200.201363963516 
6205.2774229629495 
6207.893511437433 
6211.62250196833 
6216.144578284962 
6221.463611730589 
6226.204279774638 
6230.951118246388 
6236.4762886226645 
6241.135196887046 
6245.944681559523 
6249.5438652385465 
6254.494432197545 
6257.661095236188 
6261.203703790661 
6265.3800626312905 
6269.451384749823 
6273.516099783936 
6277.124583940217 
6282.16577922337 
6285.908177271046 
6290.693973642437 
6294.821374799299 
6298.644905867975 
6301.817884735054 
6306.41699345507 
6309.716597674475 
6313.3034190519065 
6317.512607838285 
6322.853312165354 
6326.372262088626 
6329.911770863046 
6334.118143329858 
6337.994748291425 
6342.224078862794 
6345.820064134578 
6349.867092528112 
6353.320063169793 
6357.130172345748 
6361.395877448859 
6365.284544847096 
6369.0394844968 
6372.954882708259 
6377.105882273781 
6381.34136368414 
6385.63926915 
6390.620899864261 
6395.09435672152 
6398.590369621384 
6402.618198736544 
6406.645065184683 
6411.475704923549 
6415.7389189537535 
6419.651604180684 
6423.892419558694 
6426.966576465036 
6430.175598935772 
6433.981090215063 
6436.302398416747 
6440.29609196852 
6443.761075718866 
6447.024410915743 
6450.936810958137 
6453.921652817295 
6456.903141036521 
6459.915370343393 
6464.970337283341 
6468.793406089779 
6472.765731932704 
6476.743678902948 
6480.22529165909 
6482.304807712276 
6486.431716286617 
6490.27456763875 
6492.920417691916 
6496.871663339407 
6499.762110391928 
6504.435642298147 
6507.917996311637 
6511.880572428238 
6515.798103716663 
6519.060582346334 
6521.2772297309475 
6524.282784073097 
6527.155488253541 
6530.589524816122 
6534.227486413347 
6536.884678577264 
6540.716493657787 
6543.881058742493 
6547.74658151695 
6550.035888955736 
6553.75205191669 
6556.98466455232 
6560.456195467213 
6563.578187113675 
6567.255184580664 
6569.652510610331 
6573.75708447452 
6577.140540627132 
6580.700370131167 
6583.866420562882 
6587.940888922816 
6590.723624748069 
6593.996554395688 
6597.078809141215 
6600.432031342649 
6603.9534965759985 
6607.068909071342 
6609.9535413753165 
6611.888145436582 
6614.382768127135 
6617.312844193867 
6620.315530293425 
6623.946687927495 
6626.076755473428 
6628.8370167071 
6632.548340991799 
6636.279569549572 
6639.11325204428 
6642.6738531473275 
6645.117495994507 
6647.664003295979 
6651.438974656644 
6652.9620573371385 
6655.685119065888 
6659.245912251096 
6662.7782950925375 
6664.237926362502 
6666.966674605526 
6669.670362746756 
6672.05741013438 
6674.56122335322 
6677.874536077248 
6681.040262561283 
6684.275835561165 
6688.520679216535 
6691.75147303463 
6695.87046356269 
6698.0373513734485 
6700.450177515187 
6703.845462891372 
6706.162448333085 
6709.531393788543 
6712.29602267503 
6714.684575176667 
6717.788899135282 
6720.067554491627 
6723.805815411231 
6726.688566851274 
6729.380239256649 
6731.586776834572 
6735.482967253674 
6738.606691921588 
6741.956638764716 
6744.829545585398 
6748.462093642435 
6751.796610084172 
6754.922296068913 
6757.174891013984 
6760.126667142959 
6761.363212985334 
6764.171984208689 
6766.971510526919 
6769.743596943243 
6771.592558407228 
6774.115578641458 
6776.225143303936 
6779.822965734505 
6782.67090853869 
6786.1555994972705 
6790.1246483136265 
6792.443719428754 
6793.986950742026 
6796.512186276609 
6799.370763535024 
6802.211542669161 
6804.013090360675 
6807.420474429291 
6808.865734180083 
6810.8200286485535 
6811.779986144384 
6814.891268139145 
6816.6309662641725 
6819.65885761375 
6822.117477897013 
6824.634214484182 
6827.038843949744 
6829.564213643118 
6832.010894141231 
6835.742168342477 
6838.361369535829 
6842.047829645031 
6845.010107203385 
6847.183225864506 
6850.174113556175 
6852.0462550207985 
6855.327754490585 
6856.978912739124 
6858.745391836712 
6861.624510279574 
6864.957835017817 
6865.603690836528 
6868.5845370979 
6870.027074001823 
6872.542657975043 
6875.6591232890705 
6878.224656491786 
6880.555034281854 
6881.439485454954 
6882.4605356843285 
6884.695361473944 
6887.618839183284 
6889.735422538551 
6890.936614692516 
6894.316723610077 
6896.209142455854 
6898.752342935633 
6900.763708628237 
6903.725567717517 
6905.084910861361 
6905.891898329321 
6908.449019524447 
6910.044418228373 
6912.586059490705 
6914.7027191161005 
6917.46408423385 
6919.430955129419 
6922.349147737339 
6924.846434220094 
6927.698350520016 
6930.04678715016 
6933.518252604362 
6936.743980392741 
6939.149163823028 
6941.078379645044 
6943.59281139333 
6946.205335535031 
6949.461004458035 
6951.117516938894 
6952.871950702836 
6954.24410381313 
6957.195702494888 
6959.7362607971645 
6961.555988226198 
6962.941065305152 
6964.657464360738 
6965.639836024813 
6966.114285126798 
6967.188742870496 
6970.039255521083 
6970.983643424198 
6974.579815997089 
6976.608046063012 
6979.421799280233 
6981.620085365974 
6983.785025771513 
6985.264981706921 
6987.500261015805 
6988.543404769089 
6991.217294268925 
6993.916538776846 
6995.793090834742 
6997.362274869075 
6999.868137085306 
7001.601045759377 
7002.836546695395 
7004.371961888559 
7005.93091087703 
7007.362216446389 
7008.852233667171 
7010.390611578781 
7013.58171242145 
7015.617908620969 
7017.553113058495 
7019.013257613572 
7021.747163826725 
7023.426613268007 
7026.096028061464 
7027.558012472178 
7029.500830457592 
7031.741043320208 
7033.083117446531 
7034.1778108382105 
7036.818704955636 
7038.940276519909 
7041.964318253001 
7043.862502537189 
7046.643873881951 
7049.471946505821 
7052.3666320451675 
7054.938923161333 
7057.149883922769 
7059.413563466796 
7061.611445863929 
7061.956956588033 
7063.655960230839 
7065.796505257726 
7067.613461289795 
7068.822397347943 
7071.16585074538 
7073.642621574622 
7074.9380306382045 
7077.569893558982 
7079.252266874711 
7081.28081670148 
7082.986576540426 
7085.363035212943 
7087.85909057928 
7090.752704200022 
7092.639752027098 
7093.78754088842 
7094.943143594236 
7096.51901028232 
7098.230685976141 
7100.10587265681 
7100.386018709362 
7102.62346109017 
7104.009689381081 
7105.245910797999 
7107.392211134307 
7108.958287736608 
7111.571770851266 
7113.196382174917 
7115.528298811477 
7116.194966240463 
7118.197352015758 
7119.708169224788 
7120.6664350248275 
7120.900284480371 
7123.1571483760235 
7125.73593659047 
7128.45255722343 
7130.268859510878 
7132.025072956434 
7133.0307397584165 
7134.833902142155 
7136.169901904714 
7136.950120395511 
7138.947127655584 
7140.270446847973 
7142.191904033496 
7142.983918736942 
7145.16120166967 
7145.728952914959 
7147.074791323082 
7148.318613318424 
7149.410426913302 
7151.526712140928 
7153.265215595918 
7154.314229060866 
7156.689663104138 
7157.493856319405 
7158.90062809157 
7161.441378312463 
7162.554913279388 
7163.898638172098 
7166.112388622308 
7167.438261410636 
7169.241560718465 
7169.353966235665 
7171.054247280461 
7172.141684940329 
7173.237250360555 
7173.576245246027 
7175.76606141976 
7177.654213195207 
7179.16187575436 
7180.233657534994 
7181.796500953005 
7182.841311793156 
7183.044465780523 
7183.660323966157 
7185.163810026667 
7187.329297103269 
7189.002199655231 
7189.739532377799 
7190.55451014044 
7191.977237315276 
7193.301076729005 
7194.178414113466 
7194.621322404211 
7195.442615611041 
7198.901514658019 
