# "MSD"
0.0 
11.492369177085298 
24.562222596365654 
38.03621938526497 
51.5837411529884 
65.2013285364055 
79.03361761395476 
92.81585827397676 
106.53163870291394 
120.39627857084825 
134.22262146819398 
147.96991771546723 
161.84571666227987 
176.05380919396376 
189.93938214926712 
203.81321319649211 
217.72010989615637 
231.5550024207862 
245.4363353105917 
259.4543265520383 
273.40265142387324 
286.9218916762955 
300.66908690969296 
314.57322571373123 
328.8242914742171 
342.80885594070224 
356.2462251838038 
370.05990105075847 
383.8491413081357 
397.77098253436844 
411.833683399313 
426.0660024944669 
440.20870233595593 
454.189088471694 
467.9289659846292 
481.7274072375502 
495.4657277185024 
508.90987272224874 
522.8879464845846 
536.8352021236099 
550.6510708789519 
564.4406089344361 
578.3725771111906 
591.8426899847015 
605.9323735187836 
619.5558233046472 
633.149636037004 
646.9436615840139 
660.6596206060668 
674.1994533215487 
687.8183527408983 
701.6142965340008 
715.3587265383663 
729.2358813494751 
742.7531063944326 
756.3002154734797 
769.6061539795193 
783.1514974901754 
796.666492939451 
810.2648912970398 
823.7221138218828 
837.2045652236218 
850.5047802148482 
864.2562569191095 
877.8647294504324 
891.2741045210497 
905.0633432938903 
918.073129885459 
931.6992412915597 
945.0017312100038 
958.4956553275534 
972.4049811236697 
986.3456679413198 
1000.1372111091301 
1014.4378112723689 
1027.9928135837295 
1041.3713580277547 
1054.886276870494 
1068.8379798703586 
1082.4450014609438 
1096.18779966387 
1109.6688877129939 
1123.032446264383 
1135.828379808999 
1148.9678308839766 
1162.2683592636768 
1175.2001550583686 
1188.7102691604337 
1201.880741042453 
1215.596011509129 
1228.7616865044924 
1242.6199511189088 
1255.9578116284874 
1268.8205875259723 
1281.694506010153 
1294.586616268179 
1307.9211624981353 
1320.8782012275947 
1333.8451901254675 
1347.2019467646464 
1360.0601232584306 
1372.936139649004 
1386.342911260006 
1399.5214286708717 
1411.9467606797907 
1424.6270097322058 
1438.4971971094856 
1451.3729268767854 
1464.354518869807 
1477.5963061149057 
1490.9951677927133 
1503.4004368413664 
1515.8897649294665 
1528.6027074659655 
1541.1425196085272 
1554.423743679216 
1567.2128156007266 
1580.0715215271794 
1593.1775609145989 
1606.2594736576957 
1619.1600108581565 
1632.2722364937 
1645.2093925579081 
1658.077437830523 
1671.0500200945762 
1684.090012554916 
1697.808502083666 
1710.322330308026 
1723.009200345816 
1736.2925975670566 
1749.4983452477254 
1762.5792335869141 
1775.6352465988946 
1788.5421975418642 
1801.9474168742913 
1814.730583008211 
1826.8895791155285 
1839.0885148403327 
1851.7066046838247 
1863.8710319160493 
1876.260263431996 
1889.1561819359688 
1902.124913315834 
1914.7629500378885 
1927.443363811497 
1940.1312488716135 
1953.0136071059742 
1965.5772070630505 
1978.3593088776854 
1990.967443696506 
2003.135088379168 
2016.598119698768 
2029.4823246780684 
2042.1662125889889 
2054.338866855153 
2066.805735966872 
2079.231808075576 
2091.2339426596945 
2103.645676819387 
2116.1742533968763 
2128.530152376493 
2141.1899684473588 
2153.004866859822 
2165.285777133603 
2177.0241951692215 
2188.8104632484215 
2201.4852234656455 
2213.8275533847045 
2226.1583708141875 
2238.0831533542414 
2250.018805284043 
2262.0236032711637 
2273.891878210092 
2285.466199072609 
2297.8806876962185 
2309.753628796967 
2321.6557080393604 
2334.149088651594 
2346.3240484533085 
2358.4429897254495 
2370.575683789764 
2382.075450335487 
2394.3992811470935 
2406.7844296273897 
2419.8372019186645 
2431.7692135297034 
2444.2604792765765 
2456.09332101737 
2467.3293906911877 
2479.2710648754332 
2491.020124919871 
2502.7630290953625 
2514.4978328349885 
2526.0165006459147 
2537.3429444733124 
2548.6340054356574 
2560.20654671013 
2571.6612515038137 
2582.778727320007 
2594.338614618498 
2606.5691223538415 
2618.880929027891 
2630.1470588783723 
2641.1273921834695 
2652.6308450159245 
2664.467290874828 
2675.860014683007 
2687.990492300397 
2699.5649246426638 
2711.491621655113 
2723.0446147034786 
2734.556716136636 
2745.4520835429153 
2756.6847492636475 
2767.828952789702 
2779.5711643514096 
2790.6878311459186 
2802.6158350192895 
2814.4788890188124 
2826.1246748648855 
2837.685650868463 
2849.510390087731 
2861.3218499451077 
2872.7298610708644 
2884.436153389698 
2895.690556272013 
2907.2941837875474 
2918.2912523729397 
2929.5762569475232 
2940.4500444514356 
2951.363462237979 
2962.3400270803836 
2972.7551076828668 
2983.6568920249224 
2993.7368269525314 
3003.4972365405965 
3013.5998699964225 
3024.2093543735873 
3033.9101920463395 
3044.08180304147 
3054.6519324501887 
3065.494437684946 
3077.0581354903434 
3087.708827407026 
3098.363243235935 
3109.6591083643475 
3120.0893350049055 
3130.820957695022 
3140.9225290816144 
3150.3034533011937 
3160.5518617216553 
3170.2579020846542 
3179.85080664975 
3189.1959843510695 
3199.734804992954 
3209.6317876739968 
3219.6648059817644 
3229.566249145402 
3239.3136784111057 
3248.319264465202 
3258.094825255965 
3267.7273140075617 
3277.5327558069257 
3287.9546657183396 
3297.263557653476 
3307.8174877011384 
3318.440228621684 
3327.8623800625714 
3337.415623062788 
3348.066016456275 
3358.1435398165895 
3368.421006208504 
3378.317954421157 
3388.702057211304 
3398.524839710156 
3408.213560899165 
3418.1083339600236 
3427.6618328999425 
3438.4070593271886 
3447.588646610484 
3457.138859130739 
3465.9312866131945 
3475.2185693374818 
3484.6434176883363 
3493.885150225984 
3503.0937208789073 
3513.214374488803 
3522.6032650606367 
3532.0613378330036 
3541.907539703051 
3551.2916834208872 
3560.6210729749027 
3569.362844966339 
3577.8249595922516 
3587.0661282105116 
3595.961525147183 
3605.450103808194 
3615.0013026374913 
3623.675987380409 
3633.3483480955956 
3642.08505856551 
3651.3062535782033 
3660.1188028994065 
3669.458675000465 
3678.7255474243348 
3687.7939668671547 
3697.609532525071 
3706.475881351221 
3715.6584757832397 
3725.372997057487 
3734.1010792787533 
3742.989744652405 
3752.29258751143 
3761.554049289827 
3770.225741185867 
3779.5849547923467 
3788.1550739697213 
3796.873911850607 
3805.8849106592575 
3814.390546818051 
3821.8654421442748 
3830.783583177979 
3839.2361998323395 
3847.9025704242563 
3855.9298159632854 
3864.3282243618783 
3872.518037809254 
3881.650015469551 
3889.986591297816 
3897.5352997844584 
3906.3644020426495 
3915.320222191485 
3923.62610365591 
3932.129138597776 
3940.6241541156533 
3948.5147360836986 
3956.4179883437237 
3964.168592450006 
3972.4718977849293 
3980.2213438187373 
3988.4066541119205 
3996.4483138344967 
4004.9221804491835 
4012.8553214824296 
4021.010371028309 
4029.4043891754545 
4037.7885703134716 
4045.8878864443254 
4054.676562249439 
4062.6562311429516 
4070.986703784053 
4078.6340385728035 
4086.4187449455358 
4094.4731401704144 
4102.932239322091 
4111.1878517271 
4119.090249375025 
4126.520462163265 
4134.372624879065 
4142.258112538726 
4150.221356324253 
4157.087622859286 
4164.345520282893 
4172.549145520428 
4180.659559549088 
4188.709326946336 
4196.576429140692 
4204.350013480597 
4212.53913353026 
4220.92916351173 
4228.632516992805 
4236.170810291867 
4243.530921252499 
4250.627879245649 
4258.099964956192 
4266.247951507024 
4273.358221685773 
4281.525927635808 
4288.976532123079 
4296.738174493499 
4303.026797723079 
4309.9433004127395 
4316.6568135506095 
4323.550389987082 
4330.429112534747 
4338.204475360887 
4345.318042659309 
4352.166066022975 
4358.57893258833 
4364.9721954058405 
4372.573739184496 
4379.362358893308 
4386.700154906801 
4394.0079032884905 
4400.9968752682735 
4407.801006152674 
4414.741504681315 
4421.2663008598065 
4428.163123396284 
4434.488497319183 
4440.7485124972045 
4447.708122188648 
4454.257876857085 
4460.548551604493 
4466.986523322036 
4473.562371450376 
4480.317625682295 
4486.81488252008 
4492.873984874829 
4499.39249767774 
4506.465111847916 
4512.853164969086 
4519.211809565122 
4525.535366122976 
4532.485663209614 
4538.9413790214085 
4545.505062434815 
4552.367557471817 
4558.421449304413 
4564.436906205658 
4571.056291809701 
4576.921714829366 
4583.971411087512 
4590.241519730657 
4596.537469922666 
4602.829886720616 
4608.833795218738 
4614.800091352362 
4620.536883022106 
4626.664931501745 
4632.8313447532 
4639.539158071131 
4645.639984428038 
4651.896576436646 
4658.297552556159 
4664.614838269422 
4671.441853799056 
4678.078770500771 
4683.39276633372 
4688.926479086784 
4694.935728792342 
4701.280060097628 
4707.009264125351 
4712.894258841356 
4718.832792548196 
4724.333898902969 
4729.818952299281 
4735.696251357439 
4741.376856285213 
4746.275178764906 
4752.833840926167 
4758.194686467205 
4764.366101832762 
4769.862552353531 
4776.41213683861 
4781.971811494509 
4788.3069919819445 
4794.549187596257 
4800.880294312816 
4806.397545370753 
4811.620562107494 
4817.898704565768 
4823.797773467704 
4829.74084539776 
4835.5031294934715 
4841.520160754672 
4847.844378836548 
4853.471636267239 
4858.833370946208 
4864.435626617038 
4869.800069867576 
4874.562053922634 
4880.162773711924 
4886.283532097585 
4892.366422979441 
4897.951131099943 
4903.721708760173 
4910.410078394115 
4915.530460175754 
4921.147126199063 
4926.4391018620845 
4931.930400577078 
4937.654546458007 
4942.937140167892 
4948.251964258213 
4953.94641170962 
4959.471727001965 
4965.021517768272 
4970.537193818057 
4976.4646511865585 
4981.793433614336 
4987.375808436948 
4993.544235528937 
4999.274804971624 
5004.177178432102 
5009.988192719765 
5015.145215723595 
5020.198927491373 
5025.085529189038 
5030.352591283422 
5035.459510678295 
5040.035741230342 
5045.414993371449 
5050.651695066279 
5055.84444639816 
5060.912843187729 
5064.924718884307 
5070.251829527176 
5075.337560378003 
5080.110556247202 
5084.718580361496 
5089.643107109783 
5094.502435259102 
5098.94374965294 
5104.054012015402 
5108.74403369957 
5113.169728489275 
5117.868879549998 
5122.720205906669 
5127.1733720549755 
5131.39305752525 
5136.434672943626 
5141.150390519903 
5146.0641326016075 
5149.745695757408 
5153.8241085298205 
5158.399462456909 
5162.733814016444 
5168.202593429941 
5172.94097788234 
5177.580136794974 
5182.576618407086 
5187.561759497353 
5192.259780966548 
5196.772506303744 
5201.622915163439 
5206.00429319125 
5210.876587787335 
5214.898147841114 
5219.611691925357 
5224.488079954204 
5228.616361047449 
5234.034807579599 
5238.667894474199 
5243.43416143388 
5248.612900800396 
5252.902330593961 
5258.182670611372 
5262.232268035472 
5266.737568752617 
5272.1707553021 
5276.713320194387 
5280.4588234105895 
5284.310175301487 
5288.5987049109235 
5293.195024127257 
5297.146675759142 
5301.36732835071 
5305.430882849487 
5310.892906039442 
5315.515439512904 
5320.215643317047 
5324.577315233869 
5328.393118362161 
5332.468335701451 
5336.903156809917 
5341.572793264153 
5346.733841219947 
5351.007137203196 
5355.328095860346 
5359.271108330991 
5363.6905497494 
5368.583494688175 
5373.086411331429 
5377.747360726458 
5382.207564696454 
5386.157753831047 
5390.285323959776 
5394.850636719081 
5399.283731911098 
5403.570515345483 
5407.514372173916 
5411.98849194815 
5416.528883174961 
5420.453395934738 
5424.986620603669 
5428.527521515549 
5432.797260533965 
5436.2776943869785 
5439.722030254691 
5443.233852384373 
5447.055261999226 
5451.138225703204 
5455.111914552771 
5459.611214278361 
5463.847792784592 
5467.951568353959 
5472.569547813246 
5476.78862262738 
5480.653015600501 
5485.674506152371 
5490.162700359834 
5494.643588354983 
5497.9696974777435 
5501.7422178094575 
5505.149960202276 
5509.168037784417 
5512.820852006143 
5516.872459000705 
5520.839934737388 
5524.210720265023 
5527.540488792042 
5531.19424832017 
5535.344180714399 
5539.696827454691 
5542.546871809652 
5546.911709252918 
5550.559267897784 
5554.241814506929 
5557.759336428541 
5561.232375149992 
5565.326885605051 
5569.312110467031 
5572.5433832779045 
5576.54934603996 
5580.497683726938 
5584.112953692795 
5587.023686647281 
5590.222599640497 
5593.450738109461 
5597.168662458276 
5600.432472707861 
5604.470653163432 
5607.554096366747 
5611.244837177642 
5614.300218855684 
5617.935292889587 
5620.840979391105 
5624.371909325373 
5628.332503027162 
5631.601995688249 
5635.381398854882 
5638.545388550209 
5641.196605478301 
5644.479630210559 
5646.542843928916 
5650.11824102586 
5653.5749040897435 
5656.764954593281 
5660.044009327485 
5662.934455541479 
5665.751465130863 
5669.415480718888 
5672.7580716301245 
5675.442780024345 
5679.3798953021305 
5682.442197266837 
5686.505956856461 
5689.974859141177 
5693.0600775367775 
5696.0898246652305 
5698.818300170704 
5702.348680332525 
5704.929561052846 
5707.666659531764 
5711.1761921470425 
5714.183825537364 
5717.372632912933 
5720.19139394826 
5722.910168522733 
5726.696309812175 
5729.9800228294325 
5733.34936942875 
5736.767068338355 
5739.32548406011 
5742.411586365757 
5745.421499621755 
5747.767527135831 
5750.583737701349 
5753.444799936976 
5756.435578553042 
5759.510390778909 
5762.479649617107 
5765.975674828427 
5768.513494912764 
5771.6575608741105 
5774.622432825047 
5777.150681133349 
5779.405833087597 
5782.315284637309 
5785.353679871634 
5788.161670168641 
5791.980337892963 
5794.475535414067 
5797.5898010157025 
5801.304296347069 
5805.059322854647 
5808.263139045113 
5811.200901744367 
5814.342968644184 
5817.3857130163615 
5819.329498586761 
5821.825673468387 
5824.2747425513635 
5827.187971366051 
5830.342429161107 
5832.712244069899 
5835.949416888695 
5839.031801298827 
5841.687890536057 
5843.882218996244 
5847.034070172584 
5849.992281069078 
5853.585315881338 
5856.011061145678 
5859.108980775622 
5862.611214083863 
5866.043614214549 
5868.327893346856 
5870.096181015289 
5871.87879169739 
5874.979751828371 
5878.253193995556 
5881.595318502978 
5884.168033005044 
5887.622375376533 
5890.8806800620605 
5893.430174174957 
5896.649938885923 
5899.071003625483 
5901.110685454728 
5903.577976458944 
5906.142205267795 
5909.61672980532 
5912.8648535751245 
5915.675618720346 
5918.312373432325 
5920.943807782641 
5923.411927821891 
5925.575769431913 
5928.688443968136 
5931.2205248249775 
5934.232602370417 
5936.8811400786635 
5939.860440552512 
5942.734875013822 
5944.9057008479085 
5947.848828977415 
5950.695019462168 
5953.120829687128 
5956.039649989 
5958.4404309374195 
5961.291923932557 
5963.8307803011385 
5966.446220915181 
5969.913498485887 
5972.955092842786 
5975.198050480063 
5978.381999428167 
5980.268360368549 
5982.112050016997 
5983.979145340883 
5986.615581607534 
5989.120785118902 
5991.309659512044 
5993.88226297976 
5995.90517945327 
5998.512517131914 
6000.482420929138 
6001.857653371237 
6004.197952964024 
6006.061366114724 
6008.248636215493 
6010.538445342984 
6013.12282491542 
6015.663152556064 
6018.413089727713 
6020.690925211499 
6023.705089151992 
6025.632132513368 
6028.583957961505 
6030.719212129223 
6033.330978940581 
6035.453377769754 
6037.753558565017 
6039.695066740732 
6041.9507724411005 
6044.925485340367 
6047.835472417807 
6050.313268625013 
6053.415446625689 
6055.635637933569 
6057.158915552674 
6059.833205627011 
6061.578991208553 
6063.743083263087 
6066.689603669999 
6068.19022570866 
6070.690596695493 
6073.609891703349 
6075.0600155089005 
6076.50986103407 
6078.446252728723 
6080.616457944016 
6082.260503600513 
6084.223370763763 
6086.201799223539 
6088.665892860159 
6091.251202081203 
6093.599406613715 
6095.903435138843 
6098.0095548510735 
6100.693140780068 
6102.686777997456 
6104.982495192069 
6106.956741424035 
6109.145621604533 
6110.586627799556 
6112.9320353317735 
6114.4777017016495 
6116.278281296541 
6117.917096203414 
6120.586796115904 
6122.385853814444 
6123.767470125378 
6126.582843879284 
6129.485637291609 
6131.809344391263 
6132.804612057819 
6134.745455618471 
6136.290958563438 
6138.860932007119 
6140.3755470218775 
6142.093435057896 
6143.503246961733 
6145.829470587229 
6147.78636202618 
6150.111630639526 
6151.8674512142225 
6153.223683099422 
6155.153738857598 
6157.514105653897 
6159.109425307251 
6161.218451648796 
6163.8602603716745 
6165.929134693098 
6167.523961309675 
6169.570093031944 
6171.0748373482 
6172.187480187009 
6174.702517826549 
6176.774811417963 
6179.071327933004 
6181.105103290729 
6183.393950843529 
6184.39985103085 
6186.0772425451005 
6187.743693362215 
6189.064624985978 
6192.025717879291 
6194.295341419776 
6195.793505227519 
6197.565325398062 
6199.856426279732 
6202.077454842731 
6203.916346718746 
6205.336838606451 
6207.009547709331 
6208.751171619552 
6210.2356706036635 
6211.875592309949 
6214.19623033345 
6216.932258359919 
6218.999592617681 
6220.866059302947 
6223.502457385734 
6225.684812477511 
6227.790345926666 
6229.589084958636 
6231.585393463344 
6233.339673871882 
6234.605230440537 
6235.450561322765 
6236.613907796415 
6238.079941642031 
6239.5760424971895 
6241.3459944967235 
6242.610344878428 
6244.5748779348105 
6245.577806884085 
6247.428064172088 
6248.847516283076 
6251.214160231344 
6253.752185967409 
6255.839341293901 
6257.233614549292 
6259.567168744928 
6261.360689791802 
6262.583993745579 
6263.865743618648 
6265.747676198583 
6267.469784076926 
6269.374873188128 
6271.104605368958 
6272.130751432501 
6273.80504351999 
6276.0632636397895 
6277.908767246277 
6280.1830884622 
6281.3262486291815 
6282.951943701918 
6284.853925711824 
6286.36664990681 
6288.585072784547 
6290.394318683813 
6291.851358928987 
6293.680370666574 
6295.4809957206035 
6297.567836746845 
6299.079841694253 
6300.742413914618 
6302.11456096397 
6303.913368692821 
6304.818675893282 
6306.254000870975 
6308.359437878717 
6309.87167710424 
6311.785839428273 
6313.665051640638 
6314.531329408032 
6316.066625141404 
6317.305602211933 
6319.1237357871505 
6320.751264707414 
6321.985507336917 
6323.604528170806 
6325.303854079359 
6326.809088139766 
6329.004635202923 
6330.3824167943985 
6332.1703127646415 
6333.593597640772 
6335.20293332509 
6337.294295153692 
6339.105542238221 
6341.940979110015 
6344.335317469503 
6346.1900199780675 
6347.487411527291 
6349.137220473698 
6350.969909819731 
6352.114787788563 
6354.153181316734 
6355.485586843792 
6357.524257239023 
6358.693640241575 
6359.742318909377 
6361.005817382769 
6362.8278963512 
6364.555653063647 
6364.733283609374 
6365.765682620649 
6367.684870652577 
6368.960830238748 
6370.819190545475 
6372.204334031423 
6373.6846093183785 
6376.205644943548 
6376.814934693626 
6378.755851137887 
6380.692201806126 
6382.5201254496815 
6384.202108789395 
6386.362536743881 
6388.0496425570145 
6389.695884738298 
6390.88567083899 
6392.222075764039 
6394.294737204768 
6395.435939803765 
6397.152315909669 
6398.896609685554 
6400.204125916238 
6401.970898412057 
6403.324706544302 
6406.303930664815 
6407.767142963891 
6409.557542155903 
6411.176053196838 
6411.728644855324 
6412.733288687035 
6414.993038202749 
6415.774299651773 
6417.285835926964 
6419.1680471280915 
6420.605745726433 
6422.213555095657 
6423.420260322642 
6425.0867625843375 
6426.0690175305945 
6426.805148118055 
