# "MSD"
0.0 
2.9805541969429594 
5.824071727286746 
8.67413385950478 
11.499396975836639 
14.369788710917033 
17.201096246779848 
20.103726173869806 
22.9238886778889 
25.77908934179411 
28.640674623350286 
31.34454165300537 
34.119329311955596 
36.88042736199787 
39.72737410807613 
42.44570808144282 
45.20595588639173 
47.96963285064146 
50.65205170684324 
53.33498476847638 
56.03811259592986 
58.68424602098579 
61.39150345870324 
64.1102999539247 
66.83986022761127 
69.67205236304089 
72.38124342831067 
75.26354925126017 
77.96296663961138 
80.71980616982117 
83.4294270142042 
86.22813425257061 
89.00832146992539 
91.83482092673006 
94.55386931990428 
97.12210202117073 
99.80304045364689 
102.61009089040144 
105.36853154614471 
108.04594460066502 
110.6597026305046 
113.45456179091664 
116.19716311956114 
118.86353156225232 
121.68180408118072 
124.25782917531392 
126.83367855248031 
129.12624035986912 
131.7935325425377 
134.46021707456248 
136.97018789897982 
139.27740010650967 
141.70983141061194 
144.1024113964474 
146.69246253554246 
149.19224516773576 
151.83216020548022 
154.47566714449115 
157.11500951249354 
159.52573897554615 
161.99407165992693 
164.47959681047107 
166.87927910195475 
169.52740896564126 
172.10535281964758 
174.64193243200953 
177.16787270563879 
179.7056078734443 
182.1129649693423 
184.51790102965717 
186.94584520864532 
189.4822751601459 
192.05854951083512 
194.49961984927234 
197.16327566245553 
199.7848121588523 
202.2007194476936 
204.64736128533693 
207.0728057108453 
209.38754644514597 
211.8302349191857 
214.30898219122142 
216.8661259364201 
219.29501476181733 
221.68540118052658 
224.2036134112708 
226.704991197328 
229.20281581472142 
231.6155616003024 
234.0839932067567 
236.56962801150638 
238.7748257535847 
241.2178770158484 
243.45349339316184 
245.6887492144997 
247.92580551369542 
250.084183390753 
252.25129164960507 
254.86197273887421 
257.1206557858524 
259.553573954883 
261.6562984784247 
263.7637569270556 
266.1072317060537 
268.42251781868555 
270.71409525409655 
273.0349434987191 
275.3975730131939 
277.7085884137359 
280.11201376166184 
282.63904894164534 
284.8132373572434 
287.25381684441066 
289.65461356503596 
291.99944844921424 
294.39908622112216 
296.7146057855676 
299.32663150131106 
301.4657192038124 
303.5131575714092 
305.9864816962297 
308.3842773788994 
310.9988439916662 
313.8744333502362 
316.15812120167806 
318.4907069874378 
321.02957441609385 
323.1782310043605 
325.6762794914004 
327.99837111084474 
330.14424003236525 
332.68926402143904 
334.9779530729307 
337.2167251919628 
339.51616713331333 
341.64792345651205 
343.96192122609017 
346.3047512365407 
348.2905270241167 
350.5907184466047 
353.2064121625144 
355.81726375987563 
358.1089843611654 
360.14827243020943 
362.1782246932978 
364.1340944714659 
366.6909188624699 
369.1124956171087 
371.030566531666 
373.2674956150731 
375.2148898222659 
377.2904830885864 
379.6229971832744 
381.5780271098501 
383.63694301042017 
386.15115934931305 
388.146650294586 
389.9569309395505 
392.12434140815685 
394.06585523823395 
396.4588833936303 
398.3853739421289 
400.7040816499585 
402.91618490428954 
404.88422234445665 
406.83799119711847 
408.7042652648008 
410.89235242462536 
412.86853685423307 
414.95216661657355 
417.07357315501713 
418.953116751177 
421.23657744622875 
423.34023007594413 
425.5302777039333 
427.2745519905916 
429.2128372892404 
431.12705592065623 
432.9869212051767 
434.6806298628831 
436.5721569592835 
438.61770329135766 
440.8293071592305 
443.11854158015893 
445.0770130085447 
446.99179583933346 
448.86791712443414 
450.84614059036 
453.12514206085893 
455.4291131565511 
457.9031495136306 
459.9811227241927 
462.35819762996863 
464.31063248761075 
466.71205205716575 
468.7289455157762 
470.97265139051024 
473.12536029781944 
475.29624137118316 
477.70374791457436 
479.5596432903116 
481.69188220546795 
483.9182726798468 
486.18376484603897 
488.2053258618051 
490.36539362008 
492.4630475627345 
494.62166937816835 
496.64953723738597 
498.8690690708538 
500.7962198549861 
502.7857261095412 
504.7706026187961 
506.7503269517988 
509.24902214363493 
511.4874968529728 
513.5943304028979 
515.5231552342003 
517.5979283028986 
519.4272196209462 
521.9041273579487 
523.9099967346782 
525.7839514930274 
527.8938306420931 
529.5962741760316 
531.5334531856204 
534.0333160007934 
535.8428626813786 
537.714319668543 
539.5600334792674 
541.5171033587643 
543.5917401614588 
545.459860153129 
546.9547686256984 
548.9045898351047 
551.2094525581207 
553.3798434927747 
555.3212707519073 
557.3757545456364 
559.5922732819489 
561.9334003806707 
563.9898428642573 
565.6276400344217 
567.4323416855643 
569.4162485857677 
571.5864709492741 
573.5105246730321 
575.2823682457287 
577.3054219384835 
578.8442610410908 
580.8617507921545 
582.8160444484985 
584.8680282582778 
586.9107259322103 
588.513884307181 
590.6376671377817 
592.8024251198176 
594.8195117851475 
596.711344441305 
598.3265880931019 
600.1199484668882 
602.036640601533 
603.6647154187375 
605.9173364030767 
608.2185817697393 
610.0097367555895 
612.5766617829172 
614.3517350747074 
616.0171684125547 
617.6885263116349 
619.6884435991182 
621.7914672324669 
623.536134713388 
625.5162998815111 
627.2373090703037 
628.7018718183698 
630.4649606486156 
632.207059544173 
633.9115942843281 
635.9127218314221 
637.9950901166976 
640.2314904961823 
641.9257230882807 
643.8648075309962 
645.5187947091517 
647.3784947718425 
649.1782495596997 
651.2642955389127 
653.2835257287882 
655.0478553775507 
656.750013527974 
658.8603121880354 
660.4934801022205 
662.9148363573636 
664.8588244275331 
666.9119330941938 
668.8711489155055 
670.3752565852627 
672.0466830267158 
673.9105397683192 
675.7112850586667 
677.7052650584983 
679.078118390322 
680.6837853908995 
682.5608817049532 
683.8976077714916 
685.6621375799829 
687.2456660404869 
688.9219286257231 
690.7269427657155 
692.7323160566608 
694.2880397275497 
695.9796296435086 
697.5950944622859 
699.4339216209775 
701.2738223345262 
702.9138941545095 
704.3811656940852 
706.2220989333482 
707.7111276640338 
709.4666137144468 
711.1402545682823 
713.0141174998914 
715.0215588887039 
716.5817715515059 
718.2722997588477 
719.9834883645276 
721.9376915888749 
723.9102465607525 
725.5470652972562 
727.4253712463278 
729.1716828383801 
730.6236754308782 
732.3488717057996 
733.9688234661338 
735.7903379019542 
737.2473197162182 
738.5834932092607 
740.4798872568764 
742.0660406201787 
744.1522523773706 
746.2668834112932 
748.1972075419975 
750.2165301728618 
751.716998154725 
753.3842359963628 
755.5542383156532 
757.364474754182 
759.1462555831159 
760.6239322783341 
762.4178956555141 
764.1701994812885 
766.0154091880587 
767.7494665845137 
769.6933882176318 
771.2678422878204 
773.1222455388404 
774.7769526438352 
776.2690344969653 
778.078540608713 
779.8126043837962 
781.4794892154332 
783.464659307013 
784.9125763471895 
786.3291018820283 
787.6601876792918 
789.1594872022943 
790.8878379738156 
791.9730177065253 
793.4535069399179 
795.0530256429086 
796.9157563949067 
798.84330902466 
800.1519381479004 
801.9601397037425 
804.1498085245844 
805.5292610114778 
807.3657776042991 
809.4134919336902 
811.0751313595811 
812.667914690382 
814.4457944536017 
816.3144130495439 
818.2802404221289 
819.8272075086544 
821.4886741406963 
823.5010817342525 
824.8624966058248 
826.3922255407558 
827.8951432985837 
829.5274070121351 
831.3740223586655 
832.9810216891012 
834.5759510884269 
836.4880129451071 
838.2245864359311 
840.0886411901465 
841.7440712258685 
843.4841352093534 
845.4423164833644 
847.1425069450177 
849.1026990254189 
850.6830452274737 
852.593013676983 
854.3480699500108 
856.2371693883223 
857.9523661101637 
859.925288222518 
861.8739407418716 
863.919092880974 
865.4187305148707 
867.3148419212096 
868.9701205257752 
870.7922254992628 
872.8448103675854 
874.3324152312587 
875.9188788582635 
877.3758958887939 
879.2544740766804 
880.6682387820002 
882.5724992630661 
884.2003390526189 
885.7026251398071 
887.1294070598485 
889.0156141850138 
890.7975477501808 
892.5385385592521 
894.3832789416515 
896.4548468641249 
898.4206263455826 
900.1767476971291 
902.0639753233527 
903.5762042381652 
905.4017273364254 
907.2389637952004 
908.9620496285909 
910.5884653147248 
911.5991291139889 
912.9772701867591 
914.7735953368516 
916.4198818027963 
918.2277257895406 
920.0950885233287 
922.0251097138342 
923.672624901558 
925.0371034939021 
926.61387984477 
928.1886596097897 
929.8203203918574 
931.2454254972284 
933.0256705089488 
934.694613352444 
936.0238316273544 
937.9799770158132 
939.6842592743033 
941.1657054543754 
942.6007010340213 
944.1637228916364 
945.8622052186369 
947.397567664321 
949.0829094074242 
950.8397289186083 
951.9572071067533 
953.1410851660874 
954.600607418154 
956.0376437004758 
957.2864864854816 
958.5666423283725 
960.356308346615 
962.0063389025597 
963.838171910504 
965.5425250784543 
967.0321134618338 
968.6517861329746 
970.3858387091484 
971.9993015623309 
973.6042242528131 
975.1361470447986 
976.8415846321888 
978.5841392107792 
980.2088553047718 
981.637820536396 
983.1916538886189 
984.9316881031332 
986.3529136557646 
988.0392180601744 
989.4424342245322 
990.9370342032954 
992.4748025628838 
993.9410170725713 
995.3368675526259 
997.101330970957 
998.6099036748159 
1000.1372739726695 
1001.7768089838985 
1003.0637895429975 
1004.6510549623155 
1006.0933164825824 
1008.0442893640578 
1009.6811117296359 
1011.1732159774417 
1012.6913531586449 
1014.0997492245681 
1015.6516051596486 
1017.1287763262134 
1019.0488772459283 
1020.5713061408735 
1021.915701780884 
1023.6581082910877 
1025.3751652868687 
1027.3241051396235 
1029.220816738985 
1030.501859238305 
1032.1864689447339 
1033.4010908710268 
1035.1865741266188 
1036.884706837257 
1038.4566919895644 
1039.6960227157533 
1041.0812207558301 
1042.6935213810132 
1043.9102271720037 
1045.2046483212473 
1046.6496294750575 
1048.251658925978 
1049.9183190272383 
1051.3251412477719 
1052.522755257739 
1053.593172113696 
1055.3990955478284 
1056.8047898346015 
1058.40078332161 
1059.8548188811615 
1061.250433542899 
1062.9347124635585 
1064.0953878551668 
1065.3611285104446 
1066.680124289367 
1068.2751463559398 
1069.536264817968 
1071.1268439194191 
1072.780447565917 
1074.4322593469099 
1076.2810277088054 
1077.5738183928033 
1078.9654879976006 
1080.6797476837783 
1082.1889156878797 
1083.4471618157709 
1085.1905340692267 
1086.3992890893464 
1087.8864385024297 
1089.4906847214438 
1090.963580434076 
1091.957727713682 
1093.0249937264903 
1094.2617972800372 
1095.711862096448 
1097.1869856181274 
1098.8263322450969 
1099.9913932920015 
1101.41774655056 
1102.5528667507806 
1103.797713492156 
1105.1848405143483 
1106.8306978281307 
1108.3953902267228 
1109.7217071804228 
1110.9877808766348 
1112.480811310279 
1114.037469550768 
1115.4551109123734 
1116.6246669903544 
1118.0053377893396 
1119.8290360161636 
1121.5358110547782 
1123.2309078249707 
1124.517911557214 
1125.9726727339864 
1127.7895302807433 
1129.3234018094643 
1130.865854690911 
1132.568904044437 
1134.458528586427 
1136.1073131406424 
1137.6672293459749 
1139.0471538904337 
1140.305049715217 
1141.7523551060272 
1143.3989374372954 
1144.8671686545324 
1146.3080414346841 
1147.4969162802695 
1149.1644706131035 
1150.2052642439485 
1151.4661615900704 
1152.9709234376717 
1154.3372489926733 
1155.3691722447172 
1156.9432278637562 
1158.0933080261161 
1159.1446471516576 
1160.0051557097465 
1161.1202812751785 
1162.5389259705023 
1163.9010429644152 
1165.2189467340925 
1166.6641168630117 
1167.9331274831197 
1169.1279384278255 
1170.3277412776652 
1171.9657254586814 
1173.3368838332674 
1174.8009245837877 
1176.3801205472896 
1177.52278133764 
1178.967135459895 
1180.2182240478485 
1181.4888593054932 
1182.7190443483757 
1183.9599581974812 
1185.4731001911803 
1186.9748387038505 
1188.438821217087 
1189.724755002983 
1190.7164054378125 
1192.1681481562089 
1193.6398302918988 
1195.2855066307566 
1196.9003974293726 
1198.6237348619218 
1200.0448479700387 
1201.4946796295892 
1202.9230106948933 
1204.3235754197608 
1205.906151006357 
1207.3602615247155 
1208.6588995145764 
1209.8281948160877 
1211.1417310103848 
1212.5594259356378 
1213.8242575760623 
1215.6508986023557 
1216.8109523546827 
1218.155948198204 
1219.772564335633 
1221.3988475513174 
1223.0918472610467 
1224.1888284315705 
1225.4953145589345 
1226.3445276090529 
1227.521200748349 
1228.7187707316234 
1230.1096243153283 
1231.8105737648523 
1233.347431443925 
1234.6520197433297 
1236.1593007856661 
1237.5397319017636 
1238.9392154001675 
1240.265374548186 
1241.0150843650904 
1242.0033932033161 
1243.6335500271946 
1244.9300940371022 
1245.9828420615945 
1248.0626010558344 
1249.5356039846647 
1250.8507654274995 
1252.3806654745506 
1253.6834763235004 
1255.1041939090187 
1256.1965145246538 
1257.463849307594 
1258.991680932149 
1260.1003313132471 
1261.2148321712082 
1262.478741673047 
1263.7474340389026 
1265.1447894735352 
1266.1461392264232 
1267.0895802625766 
1268.628333302323 
1269.8290309659394 
1271.0556641529315 
1272.584645549294 
1273.8068865358675 
1275.0272949011712 
1276.3470764727122 
1277.7764092683333 
1279.250604241629 
1280.6438911693833 
1282.484562907426 
1283.954651684799 
1285.358321669685 
1286.277929184411 
1286.9155569486247 
1287.8638836815896 
1289.131637607334 
1290.5338667128563 
1291.9847221758594 
1293.0821117939208 
1294.4232241041143 
1295.9027421751991 
1297.333075925176 
1298.756073711108 
1300.1523249280542 
1301.487455317096 
1302.4033829303762 
1303.6984237262034 
1305.0016614465671 
1306.3173624011715 
1307.7640597730378 
1309.4081681204727 
1310.809110171654 
1312.689806906303 
1314.4954752137687 
1315.800758519639 
1317.2765870311912 
1318.633740224073 
1319.722730654994 
1320.747629028354 
1322.3288769593378 
1323.994229575511 
1325.26830221856 
1326.5369658408902 
1327.9451328081896 
1329.3368915525743 
1330.6604566534124 
1332.2807781706413 
1333.7205882352034 
1335.0409306111562 
1336.3254324153627 
1337.7725112184155 
1339.2688846119345 
1340.6703402689018 
1341.8835111528265 
1343.0690290942418 
1344.552846325393 
1346.413652074193 
1348.0482749133423 
1349.6709236069369 
1351.3072570558525 
1352.5716424779719 
1353.9130831570965 
1355.4558375705342 
1356.9312862204438 
1358.2921717865916 
1359.283896839355 
1360.4683304866116 
1361.9794163935026 
1363.122899156593 
1364.1972504765888 
1365.6294410720695 
1367.0665713673277 
1368.238853602095 
1369.3216565153148 
1370.3476534059098 
1371.354746970364 
1372.3115916551042 
1373.4816996076204 
1374.2449455031826 
1375.395635361652 
1376.1605173383462 
1377.36332259062 
1378.4601923958637 
1380.004152888725 
1381.320571079106 
1382.3972035211796 
1383.6799832293589 
1384.8864515804667 
1386.269644598569 
1387.363131526988 
1388.8337829180682 
1389.91632609333 
1391.0776647386378 
1391.9359105421795 
1393.0803802678206 
1394.828940931229 
1396.2867793340818 
1397.7812725428846 
1399.1396695921524 
1400.3973948594237 
1401.53081956764 
1403.1061206571003 
1404.241417170054 
1405.4904684826602 
1406.4963668845735 
1407.9862373377186 
1409.0353223468815 
1410.400302012911 
1411.4370278881202 
1413.2014111746391 
1414.1949555679628 
1415.4321437300182 
1416.8984321996118 
1417.887821253056 
1419.169674873096 
1420.4720230515259 
1421.7020323196627 
1422.7314328172424 
1423.7848723698135 
1425.3283812287207 
1426.4890225915094 
1427.4719292686696 
1428.5073851509528 
1429.707963878066 
1430.9707186242108 
1431.9773598398042 
1433.1778701869514 
1433.9453842429493 
1435.019542775514 
1435.9955421718198 
1437.0681875970051 
1437.8556240968305 
1438.830097828098 
1440.004115142157 
1441.2769095131525 
1442.7067186299755 
1443.948961856433 
1445.3088598994616 
1446.5260122015836 
1447.3878378127743 
1448.6278013465696 
1449.900470651763 
1450.7362448125805 
1451.5191442332539 
1451.9563252851035 
1453.3938359285823 
1454.3879912213204 
1455.3440078732392 
1456.5782166607405 
1457.695669654894 
1458.7573077482105 
1459.7778970774957 
1461.3025321812224 
1462.7231242300504 
1463.60247601466 
1464.8367230326999 
1466.173576110045 
1467.700609879588 
1469.4637825223535 
1470.762029351285 
1471.9835341910791 
1473.11641968131 
1474.4878865869455 
1475.938813581716 
1477.0853344077589 
1478.7436165935335 
1479.952961168925 
1481.0631030284787 
1482.4244006976933 
1483.9206676194399 
1485.0523205085801 
1486.5902285174323 
1487.9564501958446 
1489.0501986559545 
1489.85939478732 
1491.1169063048944 
1492.1319267618976 
1493.7811958406717 
1495.8488365472201 
1497.2134370896165 
1498.7172816232687 
1499.7665288020796 
1500.8197881541596 
1501.8917099237663 
1502.9064395401078 
1504.0146182286198 
1505.1505780492564 
1506.1406459346283 
1507.4079358075653 
1508.7468485840018 
1510.4218604787493 
1511.726445245015 
1512.4140761055144 
1513.4210322703766 
1514.5391609321805 
1515.318149434607 
1516.7864681542464 
1517.7805888823032 
1518.7428497917485 
1519.829500746348 
1521.0075715035828 
1522.0833675066322 
1523.487973059898 
1524.7487622664678 
1526.0045463238241 
1527.0598473143862 
1528.292001059991 
1529.0723732202543 
1530.5240727024145 
1531.6247624121902 
1533.4356184528533 
1534.4406242870991 
1535.8880257057667 
1537.3102492705407 
1538.2775728497763 
1539.8494617864894 
1541.1414537174194 
1542.302344331159 
1543.6648492736638 
1545.1989570725502 
1546.3344786640503 
1547.7333267187998 
1548.9700629741785 
1550.042633084499 
1551.3627990543607 
1552.2204472860908 
1553.174094450133 
1554.1638032350234 
1555.4389614038282 
1556.9090760961203 
1557.937587378549 
1559.0027866708533 
1560.2449928576882 
1561.7292094752124 
1562.9328331301397 
1563.899491310353 
1564.7407429286484 
1566.5864247982156 
1567.549265793301 
1568.7173792121714 
1569.7323617473262 
1571.4174231817074 
1572.9730785601903 
1574.610477200181 
1575.957835864669 
1577.0276970920931 
1577.8779906694633 
1579.651725838512 
1580.6043695852165 
1581.1355509202917 
1582.0692837118831 
1583.4337709316244 
1583.9907327046126 
1585.05931924767 
1586.080246913675 
1587.1858059108495 
1588.1568105896904 
1588.7991268545086 
1589.8922397961303 
1591.1507449497312 
1592.05935561825 
1592.9991949336381 
1594.2465971885852 
1595.5855490701017 
1597.1259172865155 
1598.6334846795107 
1600.0823133333774 
1601.2213396311633 
1602.2793642562185 
1603.667078845883 
1604.9905603950601 
1606.2001121135327 
1607.4021673035447 
1608.457826168706 
1609.8384224487177 
1611.4456664175825 
1613.092512325019 
1614.2343717705223 
1615.7837363944736 
1616.264350640205 
1617.191100737569 
1618.1322079865347 
1619.3050621254245 
1619.7918870830708 
1620.6190955784105 
1621.1777300845524 
1621.9644238691385 
1622.863004273811 
1624.265227478583 
1625.5745235214188 
1626.393875476509 
1627.9654578896166 
1629.0991522148781 
1630.357260060997 
1631.1208801762223 
1632.4299792425888 
1633.55317502703 
1634.1509329557168 
1634.9677232260017 
1635.6756904432289 
1636.3410362704715 
1637.4030323674863 
1637.9574199975184 
1638.7669130325642 
1640.1166260873642 
1641.5719091909002 
1642.944966267914 
1644.1424023913455 
1645.167195756425 
1646.1892736044463 
1647.494718158317 
1648.35236183213 
1649.3108324687048 
1650.5704012912774 
1651.7132971047906 
1652.6606714022241 
1653.2823099372122 
1654.2788443388117 
