# "MSD"
0.0 
5.041417227308066 
10.341494021952773 
15.672646175312417 
21.020696694798563 
26.351447744204773 
31.726147334540034 
37.09217966440372 
42.47083235225969 
47.79409326830642 
53.16860172751582 
58.43751510608541 
63.75498083426652 
69.02368533276328 
74.26623966947591 
79.59533911581595 
84.85897394176818 
90.2004140536343 
95.5174557008519 
100.8672892121406 
106.12539533559203 
111.38061712395955 
116.78666616064436 
121.99928509388943 
127.32055759555023 
132.7122814469064 
137.94241907324437 
143.1805462816857 
148.45097159502689 
153.7723870538237 
159.1321158779732 
164.4791812088787 
169.9227461747294 
175.2626784596437 
180.5451669056436 
185.82392981999047 
191.11820080352288 
196.64396146652874 
202.10943558765922 
207.51456482770985 
212.81864682692301 
218.1949062217827 
223.70318028155074 
229.02252534989225 
234.4815079757918 
239.81974474074053 
245.1085760270832 
250.21887027971377 
255.554435248705 
260.7554655053921 
265.9206773640963 
270.81106450606364 
275.71276724213067 
280.9142899941771 
286.3067509800117 
291.3601014199133 
296.4994354355321 
301.83411519842645 
307.3283519271881 
312.67677197954475 
318.1216466106744 
323.5548474148905 
328.84151889999777 
334.23628640414404 
339.754698717691 
345.23766202205616 
350.2596313813294 
355.61805209630205 
360.79279557945114 
366.00606799872236 
371.35690805618987 
376.81183579587423 
382.0828197723411 
387.3626193149689 
392.86364356919694 
398.28723006694446 
403.59824457790285 
408.75872766183096 
414.138383113268 
419.4218666906152 
424.75794246787194 
429.9774518073315 
435.5788981129228 
440.92034927192805 
446.2160937108024 
451.49771501655505 
456.93233475474466 
462.21299031593884 
467.56907081143936 
473.09042183645954 
478.15932597646815 
483.3613418563063 
488.58959343850825 
493.61661499599626 
498.679261472964 
503.8039737517661 
509.0029891109458 
514.1916709263018 
519.4537519884134 
524.6782745671286 
530.054435164149 
535.2980338135601 
540.7619283813823 
546.1294305355093 
551.4055411269206 
556.5121915023501 
561.5673063097854 
566.7684432382025 
572.1645911981291 
577.6716757976798 
583.266624844554 
588.6464483385892 
593.957464563506 
599.3408415370916 
604.7268480016087 
610.5803345969794 
615.7935552663354 
621.2429396754865 
626.8775701466228 
632.1416846079665 
637.7733684044551 
643.1247409244559 
648.7163192397502 
654.2259046137661 
659.5495210116517 
664.9845857292415 
670.5985682065533 
676.0072699016677 
681.3519462872842 
687.0109293508447 
692.0968754596759 
697.34098867952 
702.8107354269767 
708.227674507105 
713.776832403526 
719.2261072243615 
724.7367674407552 
730.2216004917099 
735.6982455524326 
740.8153134659196 
746.7029865955035 
751.9041933860556 
757.1444832445817 
762.1302285076607 
767.2634083214041 
772.2318222687885 
777.718725021644 
783.0636223164538 
788.6651847342265 
794.2493018237774 
799.3602893141434 
804.815967203038 
810.7019674090302 
815.9000723344009 
821.1363929588501 
826.8052341075452 
832.0079368375824 
837.1496482922711 
841.8179842750644 
846.8269547828551 
852.2026676610723 
857.3415730034328 
862.7372458872201 
867.8882930112273 
873.4513832097572 
878.5568646851772 
883.9042739594647 
889.3830619333534 
894.3922357580152 
899.9054029171923 
905.2491536944103 
910.5967369259498 
916.359347084289 
921.8698049611356 
926.9983333091204 
931.9554271270325 
937.0999356544892 
942.0405320350173 
947.1975235035675 
952.1893156677537 
957.3245627695698 
963.0266159694158 
968.699897153213 
974.1476445726273 
979.5216152677522 
984.8022273870062 
990.0013211955752 
995.218740197025 
1000.8255913976817 
1006.287160055325 
1011.7779650662047 
1017.2690322906153 
1022.7401200190595 
1028.0154282132219 
1033.3358871946812 
1038.876610270223 
1044.1609317109649 
1049.6623247299037 
1055.3090357175074 
1060.7972167098228 
1065.9327444743233 
1071.3120244977927 
1076.9159674123814 
1082.0238239654009 
1087.2353886302583 
1092.7876880219465 
1097.9666770216047 
1103.2379843399715 
1108.3626249538347 
1114.0374625133804 
1119.5403586087605 
1124.9281680575134 
1130.159608154026 
1135.5625126818509 
1141.1741001714431 
1146.7566641614512 
1152.3318440602 
1157.3416051151837 
1162.7167588964344 
1168.4528301677778 
1174.4880617947192 
1180.2762928574198 
1185.5559169458147 
1190.9080746212378 
1196.274273642357 
1201.2403374788585 
1207.1537218546407 
1212.6134663275313 
1218.0170955975059 
1223.3928592370976 
1228.7358846284617 
1234.1489426501562 
1239.8039015392117 
1244.7845394398923 
1250.158842185446 
1255.8219675506132 
1261.3821960343998 
1266.809579712188 
1272.1145125629364 
1277.656753196724 
1282.936819814433 
1288.129717841316 
1293.0745644710278 
1298.4547893648642 
1304.0013562617698 
1309.1815080651147 
1314.7032984915945 
1319.87273429217 
1325.305746396645 
1330.4050749441658 
1335.9868098688657 
1341.0591362560867 
1346.8150498940777 
1351.9506193400018 
1357.5151180531136 
1362.7827132543143 
1368.8071646956978 
1374.2097508598758 
1379.6022006095966 
1384.9008012183801 
1390.1370066473744 
1395.4462721608984 
1400.5559458169462 
1405.882578707147 
1411.5420914123185 
1416.9513604995986 
1422.6647877186358 
1427.952795203632 
1433.4467598419865 
1438.5458190335344 
1444.3248789239121 
1449.9973243975332 
1455.4599544455568 
1461.189782415968 
1466.371532124825 
1471.310305941273 
1476.5775899952587 
1482.0235534074934 
1487.3674009508668 
1492.982992876615 
1499.103984158953 
1504.6116876729852 
1509.7778715945726 
1515.6157740735432 
1520.5580480944025 
1525.5977967340439 
1531.0773925131086 
1536.7311837674617 
1542.307185620505 
1547.6300317446523 
1553.4106867984685 
1558.5067776260462 
1563.6511940809687 
1569.3628686524264 
1574.6940798585624 
1580.2000634158235 
1585.4269824340988 
1590.5997483968495 
1595.9706216174043 
1601.3566415908774 
1606.8997717006412 
1611.9453206558696 
1617.5897752998221 
1622.8252356233622 
1628.748458565554 
1633.8957343286925 
1638.6805162751925 
1643.3959979664817 
1648.484323787664 
1653.771561539557 
1659.1833345614295 
1664.5393943017796 
1669.9637407203004 
1675.7211763970347 
1681.3221805188552 
1686.9411710417742 
1692.2114459253414 
1697.4937015160717 
1702.9481365213155 
1707.8180784836475 
1713.336536918663 
1718.4738430160485 
1723.4612716060376 
1728.585348335545 
1733.8023888037 
1739.027455951589 
1744.101576616018 
1749.350621646764 
1754.7115525450101 
1760.0001903309114 
1765.832508520886 
1770.8928703646354 
1775.8287259227357 
1781.5013982867938 
1786.5539159365858 
1791.838859886645 
1797.0772181119403 
1801.9912733187257 
1807.4668311025873 
1813.2354738481768 
1819.167950659786 
1824.7371546994057 
1830.2351095429635 
1835.8448132179233 
1841.5075951708286 
1846.9247862051807 
1852.290580619824 
1857.4410393303629 
1862.7546839184522 
1868.290727613188 
1873.4407065471155 
1878.9257286076559 
1884.4902058481423 
1889.7449587867345 
1895.0339170252296 
1900.1193102281047 
1905.095947077545 
1910.1531153173848 
1915.3475948149844 
1920.6302446905693 
1926.1208246522212 
1931.2310501667507 
1936.689628072307 
1941.7352803950482 
1947.0682205661801 
1952.6627584387118 
1957.9704197895053 
1963.3316854123805 
1967.8709698139635 
1973.5702384354006 
1978.3201357252026 
1983.6937410267396 
1989.154561584703 
1994.1563274415275 
1999.4833211393207 
2005.199028445485 
2010.7869863147125 
2016.4703746196726 
2021.8533215549442 
2027.2510860952514 
2032.0184732627388 
2037.5437295770032 
2042.9414767561634 
2048.0379478291075 
2053.9403444110185 
2059.2644514956937 
2064.4531405457715 
2070.0633960488035 
2075.719892551677 
2081.0909906839197 
2086.040970750468 
2090.9055957897804 
2096.540971027911 
2101.894869992568 
2107.5687096855427 
2112.905587907123 
2118.0879758583537 
2123.461555295706 
2128.796552401151 
2133.8102917471897 
2138.9838374962965 
2144.2789701945103 
2149.6216514041207 
2154.8626600545513 
2160.3355433326296 
2165.884532450489 
2171.1350457398175 
2176.8617224283507 
2182.147303222052 
2187.119434894522 
2192.311175104514 
2197.876518256172 
2203.299382226342 
2208.7289243282958 
2214.2571207078413 
2219.61869402994 
2225.238957901822 
2231.0210402480757 
2236.684460578683 
2242.313885457218 
2247.882399389314 
2252.9261093853816 
2258.1006400981946 
2262.63660514494 
2268.4212138534394 
2273.9122892193104 
2278.903749479158 
2284.0250195506824 
2289.30898250135 
2294.707492357894 
2299.598866551816 
2304.782015963685 
2309.8495618110283 
2315.3426893068795 
2320.8414351581287 
2325.8659523880365 
2331.2787272850715 
2336.555316081771 
2341.52795606669 
2346.9396850500116 
2352.0927792871603 
2357.5524446946165 
2362.991586052529 
2367.920961881471 
2372.8440005584794 
2378.128870669642 
2382.7618092154453 
2387.35663095272 
2392.6860613089834 
2397.6827930384557 
2402.849260348885 
2408.082462039526 
2413.124577469992 
2418.3887084443704 
2423.384761418576 
2428.2692651485545 
2432.8600832694565 
2437.873336041096 
2442.9441557825608 
2447.926145413789 
2453.079338123389 
2458.2082832861433 
2462.984084166082 
2467.951005102845 
2472.4056547042755 
2477.730717099051 
2482.8850593201505 
2487.9012620890367 
2492.822723148348 
2497.5607876608196 
2502.7870931676944 
2507.7912862393373 
2512.6551132394443 
2517.5046300784875 
2522.6434235473894 
2528.1894370951172 
2533.655217779968 
2538.7155538138486 
2544.2580329709235 
2549.393652745133 
2554.040690454579 
2558.6941621817605 
2563.883592602323 
2568.9606391264415 
2573.894878590071 
2578.733946564099 
2584.0341889653873 
2588.891343125091 
2593.6243126914437 
2598.147222023068 
2603.3369415454918 
2608.8447050347654 
2613.6183977243136 
2618.071747410076 
2622.887326199414 
2627.3808683340244 
2632.241915362833 
2636.9557626158817 
2642.365426973009 
2647.5920646223617 
2652.580216012329 
2657.826732351599 
2662.559992442953 
2667.6225915255036 
2672.6526103275073 
2678.0805813056545 
2682.897185389733 
2687.8773462287945 
2693.336525359467 
2697.85989045604 
2702.8121802469195 
2707.7683253581945 
2712.6270961234286 
2717.7127715104625 
2722.7102196725814 
2727.4991914141724 
2732.427921367612 
2737.8809664328646 
2742.648584572254 
2746.829752064376 
2751.7982122683998 
2756.9025130473515 
2761.3637725758413 
2765.9223892751556 
2770.725254769569 
2775.5504529524937 
2779.719220097548 
2784.4547596516336 
2788.875758942806 
2794.1225293380126 
2798.92583184644 
2803.7190115454637 
2808.957883737331 
2814.0763361043787 
2819.372115676621 
2824.1160209031013 
2828.2855855189246 
2832.4587887562443 
2837.3819315420715 
2842.3817285397486 
2847.51535740547 
2852.391129193308 
2857.617735840542 
2862.374223392087 
2866.39006874759 
2871.1738458187847 
2876.115570086933 
2881.1383112326866 
2885.924640112952 
2891.0902386179077 
2896.2255708734497 
2901.1573674065744 
2905.8546527415397 
2910.4547593790503 
2914.8804027226456 
2919.169402924747 
2923.7973673678694 
2928.6138911005755 
2933.32033715204 
2938.6079323162494 
2942.9915261340316 
2947.940822580144 
2952.795433622903 
2957.1667897298726 
2961.8657469351415 
2966.748584055082 
2972.1870079542396 
2976.9457749118396 
2981.771109874425 
2986.6253117702854 
2991.883026391673 
2997.2885699641665 
3002.3849895231806 
3007.1743800519157 
3011.2503902841077 
3015.7349791021566 
3020.0025009423052 
3024.4419364491423 
3029.46326136412 
3033.9038622776816 
3038.4319509439524 
3043.247639573658 
3047.7686611905006 
3052.6402065700136 
3057.605067575092 
3062.4903034778667 
3067.388717848386 
3071.6177404581363 
3076.0090695170215 
3080.455428823402 
3085.268736878066 
3089.822032130521 
3094.352477998803 
3098.7799841519322 
3103.1794248239107 
3107.9100921125364 
3112.2896183912776 
3117.03885286084 
3122.241892362943 
3126.870197579008 
3131.499214423136 
3135.988277936475 
3141.1226898780205 
3145.748854796737 
3150.5557633617236 
3155.2247279309418 
3159.3691382239504 
3163.6341265911947 
3168.482468656849 
3172.7105831170034 
3176.8425677752684 
3181.759400030383 
3186.2941268223467 
3191.0979697674015 
3195.5860099051056 
3200.054105833747 
3204.6315732634334 
3209.352606983763 
3213.9561353679987 
3218.053516595577 
3222.47427764808 
3226.8923678253914 
3231.890795065799 
3236.7152589769203 
3241.2140663437463 
3245.9394912571533 
3250.73196973623 
3255.188707992734 
3259.919598749919 
3264.714814179139 
3269.5299698310555 
3274.2537136275405 
3278.713114012441 
3283.73648383791 
3287.8065150822467 
3292.197680093461 
3296.7920542634142 
3301.850181471642 
3306.320575010433 
3311.4370374327373 
3315.5462544056927 
3319.663841269582 
3324.276661260995 
3328.8909896105492 
3333.3250804150684 
3337.4782766967833 
3342.2979763651997 
3346.656422484351 
3350.691353650436 
3355.3413623441816 
3359.004669571028 
3363.698074632086 
3368.0853313182797 
3372.4136510086114 
3376.8615480459616 
3381.1743049684464 
3385.9080898936672 
3390.0229300321616 
3394.11465786505 
3398.4850571807992 
3403.320344143729 
3407.5119562890477 
3412.2215490871645 
3417.394279478732 
3421.8613868333846 
3425.817030518104 
3429.959148391282 
3434.358235828876 
3438.9757467975487 
3442.9812521325134 
3447.2611771197744 
3451.5913833514223 
3455.593587910049 
3459.8962477053037 
3464.0411464406916 
3468.314218367988 
3472.6082092087145 
3477.0520509918365 
3481.701812392168 
3485.8064315596916 
3490.109451142468 
3494.670889352334 
3498.7551343585096 
3503.0738652198074 
3507.2796680110446 
3512.0747217005423 
3516.118935955442 
3520.387256589223 
3524.789300457476 
3529.170365490752 
3534.0866276285765 
3538.0572605629386 
3542.342845610583 
3546.9189949108 
3551.6293226982457 
3555.660199603044 
3559.8544167824734 
3564.5908168214673 
3568.590246306193 
3572.5906480916133 
3576.7188168720113 
3580.613106925535 
3585.0236483962526 
3588.915056658342 
3592.9292828070347 
3596.992819766205 
3601.0907498139213 
3604.7533910156576 
3608.964781549874 
3612.891642702132 
3617.265489713116 
3621.5726046384607 
3625.5911170223635 
3630.0262229042137 
3634.0446638775516 
3638.4154405546055 
3642.4558041306045 
3646.802696859616 
3651.5528621614744 
3655.425366407261 
3659.3560489783363 
3662.9576334347785 
3666.6180578321423 
3670.284657939107 
3674.7841265308316 
3678.7734751122985 
3682.724779626569 
3686.374472549563 
3690.531968244835 
3694.7491750580143 
3698.890253914805 
3703.1986653163563 
3707.322732644869 
3711.245980928085 
3715.3650707622796 
3719.4725822496603 
3723.8311472853197 
3728.258255672827 
3732.3017887544092 
3736.9077478403938 
3740.79123457198 
3744.9114635823153 
3749.0959767188383 
3753.2050700688783 
3758.373214911892 
3762.5329705499475 
3766.9711039684225 
3770.9426454194036 
3775.0795193359204 
3778.667264263166 
3782.242943646902 
3785.8190473246627 
3790.1387218704376 
3794.4753380704365 
3798.921114315834 
3802.4706858141535 
3806.6919674351975 
3811.1712787235015 
3815.4040066707926 
3819.378762221535 
3823.1897674377506 
3827.193863760817 
3831.22760890677 
3835.6238982128425 
3839.707905450234 
3843.9194767984377 
3847.608361859467 
3851.432325162347 
3855.945235847457 
3859.9449784320586 
3863.6107482388848 
3867.0237696738313 
3870.7199063937855 
3875.0681669629826 
3879.0550744126945 
3882.895693949913 
3886.723611989647 
3890.8753071780475 
3895.508486052972 
3900.192491573001 
3904.5624264632615 
3909.0812309196426 
3912.7254956543434 
3916.1612656434168 
3920.6260619688087 
3924.832613140183 
3928.794053293009 
3932.4750413428283 
3935.988893367137 
3939.8472374119865 
3943.921286695513 
3948.046358392755 
3951.945458652267 
3955.8736536787146 
3959.5831588545084 
3964.204294545783 
3967.920527389609 
3972.061388728241 
3976.2131419583247 
3980.0350067834906 
3983.7773686219975 
3987.660042273478 
3991.0873799575634 
3995.7234407510336 
3998.7763357543226 
4002.289917495438 
4006.680033518316 
4010.9157388042413 
4014.9627220720777 
4018.709745913647 
4022.6490829329746 
4026.5329185952246 
4030.1790487538465 
4034.1332033383064 
4038.3994948580503 
4043.2575205516796 
4046.8675357726906 
4050.7902746621053 
4054.4023052914335 
4057.8718206322833 
4061.4003057351324 
4064.796116329833 
4069.198061022046 
4073.9210420090003 
4077.951563938502 
4081.668581309338 
4084.9448294645586 
4088.586847307538 
4091.789154301031 
4095.412029961457 
4099.813978471222 
4103.297587948712 
4106.998099806787 
4110.773659690802 
4114.333882021615 
4118.375749486034 
4121.786557311163 
4125.275195773669 
4128.610510945627 
4132.554269794535 
4135.710058579507 
4139.363977462667 
4143.32367938991 
4146.6689148675805 
4150.8254289153865 
4154.504378811834 
4158.596822460654 
4161.833777503833 
4165.556646803846 
4169.674512742244 
4173.0891802299 
4176.6938499503385 
4180.76606516617 
4185.254644421717 
4189.451694906657 
4192.7851382452545 
4196.525244659874 
4200.235833018772 
4203.994014803866 
4207.300596585027 
4210.583760736364 
4214.7114429975145 
4218.590952513213 
4222.458646126465 
4226.181517375552 
4229.694537289272 
4233.353281686351 
4237.399815775407 
4240.6373408071195 
4244.090796967035 
4247.570164310327 
4251.139171387323 
4255.260857156176 
4258.28432026882 
4261.9751793446185 
4265.521700907732 
4269.365945272511 
4273.084110121376 
4277.034226904153 
4280.3084940373665 
4283.611821197487 
4286.840952217622 
4289.731403494208 
4292.888772658376 
4296.407613703432 
4300.744290723969 
4303.990546801601 
4307.413250817966 
4311.138836858456 
4314.319050819642 
4317.88931383204 
4321.573724968635 
4325.460324382511 
4329.359863079797 
4332.654332606653 
4335.615179010804 
4339.755666812276 
4342.992810166086 
4346.5677824980085 
4350.230352616463 
4354.452569398036 
4358.158248013684 
4361.763789544112 
4365.350440936752 
4368.991013628955 
4371.965520561854 
4375.169212014945 
4378.999627060612 
4382.7441189765095 
4385.855163659794 
4389.592846718002 
4393.486895491108 
4396.564375229393 
4400.218728979265 
4403.782180683349 
4407.67772866916 
4411.214829907496 
4414.41407819014 
4418.30019813544 
4421.352529961138 
4424.209642120692 
4428.101090803046 
4431.8498849236885 
4434.976422475432 
4437.919864776561 
4440.685785090599 
4443.94206636399 
4447.564350037685 
4451.129779343947 
4454.527896133143 
4457.4327274956295 
4460.6085357402235 
4464.318062528875 
4467.8120256749 
4471.360285213599 
4474.511895874373 
4478.121276790699 
4480.366873746015 
4484.152388604269 
4487.704221923877 
4491.333357785907 
4494.900741503805 
4497.988783559007 
4502.1904096599765 
4505.043165712603 
4508.514811328149 
4512.466827914482 
4515.916776693973 
4518.9398468069585 
4522.567222791889 
4525.78573525701 
4529.763479020536 
4533.455925810337 
4536.18256367954 
4540.013804437048 
4542.698449371667 
4545.96646210344 
4549.409040599272 
4551.639693172664 
4554.738416710171 
4557.2313147998975 
4560.711292535318 
4564.2703703552015 
4567.868727910606 
4571.434975949806 
4574.892246012776 
4578.072174135545 
4580.859050136871 
4584.334831072612 
4587.679637044213 
4591.572572082103 
4594.920657694162 
4598.486695281679 
4602.024951250778 
4604.771998281448 
4607.843490238536 
4611.25490995559 
4614.46442160508 
4617.154849147332 
4620.658165762055 
4623.9038574570695 
4626.963632446664 
4629.729926342993 
4633.052919425386 
4636.838618987796 
4640.45084236285 
4643.7481592470385 
4647.063394238175 
4649.648601314229 
4652.335321658243 
4655.7721881700145 
4659.251457381215 
4662.475460220155 
4666.810422394104 
4669.699523138885 
4672.991900718437 
4676.363761979365 
4679.987379979856 
4683.631849515705 
4686.018845551297 
4688.857492320509 
