# "MSD"
0.0 
15.211733077707674 
31.769304294127636 
48.53717566067029 
65.42363354715604 
82.38931693524843 
99.54220459592545 
116.58028765210396 
133.69630761373566 
150.97362767010492 
168.24014140284103 
185.21726373638515 
202.30005848330404 
219.67585390776443 
236.6024770969005 
253.6429635351877 
270.78161033264564 
288.0124104780195 
305.42019726049847 
322.8030613842399 
340.1323882864846 
357.173438628379 
373.7249497050234 
390.7176020481673 
407.57185430170466 
424.8032771156533 
441.74322476171693 
458.8928568962294 
475.87827791791375 
492.5992007241517 
510.0612135175017 
527.4148566475112 
544.3013283236606 
561.4665477268979 
578.4480364372015 
595.315796874376 
612.4044647508339 
629.0979145045491 
645.6123972593218 
662.4075462897736 
679.4447852655875 
696.6967185610246 
713.8533381016576 
730.7550284983664 
747.9624217327906 
764.7670604582254 
781.561457543801 
798.340867156307 
815.5105357324542 
832.3277407001647 
849.2318266020917 
865.735118890222 
882.2220940129408 
899.1163946486258 
915.8528184341541 
932.7528720209152 
949.2444796677113 
966.1643618970542 
982.9613156355827 
999.3590166108899 
1015.5664030226765 
1032.4130891216398 
1049.0691614866869 
1065.5042358690373 
1082.3506772847354 
1098.8830678174252 
1115.211563155363 
1132.0604574471304 
1149.1026429370672 
1165.7247603387418 
1182.2029150976118 
1198.764037176921 
1216.083477191438 
1232.9741427259262 
1249.7015009017603 
1266.499824365847 
1282.7898062425852 
1298.8588887140493 
1315.8251990933804 
1332.6117439839754 
1349.1222170296355 
1365.2186267963586 
1381.5301312238912 
1397.6023029745609 
1413.794511389227 
1430.1012185350066 
1445.7575447882057 
1461.4997105958123 
1478.1546761750576 
1494.0639736113742 
1510.860103079169 
1527.7715069627725 
1543.2498939501083 
1559.3616218496384 
1574.5506273909955 
1589.975134176517 
1605.7614538331657 
1621.0106135839317 
1636.3769149629868 
1652.1320479423753 
1667.8243192981345 
1682.9749992772106 
1698.437147201245 
1714.3029141298803 
1730.3838767376417 
1745.6812991595773 
1760.9445558048865 
1776.4154866818592 
1792.3402428771312 
1808.715373921307 
1825.1982858457877 
1840.3193301018034 
1855.6452575689507 
1871.61801474395 
1887.2025240525634 
1902.5945538465535 
1918.134496632311 
1934.103188290231 
1949.8848766170433 
1965.2963086840844 
1980.559371733637 
1995.6660547320564 
2010.7704503738046 
2026.289717894598 
2042.2574355687836 
2058.578664058909 
2073.573192221638 
2088.6849749221046 
2104.3108131109907 
2120.2285191211326 
2135.8711627905373 
2151.2781691182263 
2166.7822655837904 
2182.161135646677 
2197.450450088693 
2212.031686844 
2226.82249393007 
2242.0897661697404 
2257.4123988519386 
2272.0169067244638 
2286.632891334738 
2301.4353229044013 
2316.6436517650613 
2330.629544401911 
2345.739278300372 
2360.265590016456 
2375.3891156689574 
2390.9937631538937 
2405.376606987638 
2419.8809868321364 
2434.3902717299943 
2448.8745272608467 
2463.1963929446697 
2478.111022493693 
2493.0121016532817 
2506.8406631993817 
2522.1279652133608 
2536.371866123108 
2550.0153971524896 
2564.7090147978465 
2579.2759597463487 
2592.723069562631 
2606.1894031971283 
2620.7213256154705 
2635.1329449655136 
2649.69682120735 
2663.481115840157 
2677.8398019835067 
2692.336181503246 
2706.3512311165828 
2720.5915877105576 
2734.8396641829563 
2748.7470342704905 
2762.6209648853137 
2776.6158352567154 
2791.0126067621027 
2805.1125459397695 
2818.8524434033784 
2832.5418406468534 
2846.3942587304705 
2860.1258910875713 
2873.8567695243587 
2887.9327099905818 
2901.297902166933 
2915.1984755960975 
2929.2734056858144 
2943.398624085435 
2956.344833490349 
2970.7710723752357 
2983.757229102529 
2996.615368618263 
3009.4541914162332 
3022.6640864366195 
3035.7058332442007 
3049.223100585221 
3061.773553934002 
3074.222913599436 
3087.6795405419653 
3100.611477915668 
3114.299287834831 
3127.1936057603402 
3140.4432359877965 
3153.518523879265 
3165.745625276153 
3179.042752979802 
3192.2992686224175 
3205.003348308399 
3217.4644181057583 
3230.7740643394404 
3244.0305263837795 
3257.6168268008337 
3270.5779450276546 
3282.7161746775187 
3295.230073017064 
3307.772671591601 
3319.8357208448697 
3331.5517865471393 
3343.4248735285996 
3355.1996932778106 
3367.849016327831 
3380.2728005752015 
3392.6871850959715 
3404.4742896665075 
3416.65990092282 
3429.3703320792865 
3441.318701509527 
3453.7943776825823 
3465.543126985794 
3477.689284194546 
3490.111703488632 
3501.7681445501526 
3513.299054324356 
3525.4454094221833 
3536.863673707323 
3546.9265562679047 
3559.087124801912 
3570.807081762088 
3582.2434309646537 
3592.9697755173584 
3605.0334603816877 
3616.4086244070127 
3628.281442924617 
3639.017778070522 
3651.825314831514 
3663.7405809447896 
3674.842378166104 
3685.203321280808 
3696.359972954933 
3707.937116875466 
3718.069560064034 
3727.8870151083847 
3738.538162281693 
3749.994675239159 
3760.1766039289505 
3770.4929806647287 
3781.4697879019686 
3792.763044008057 
3804.135615271776 
3813.962651905807 
3824.162657788058 
3835.3287824853355 
3846.0155917136235 
3856.821919841473 
3867.3207081671467 
3877.6685920323707 
3888.022060203694 
3898.697579289853 
3909.5011267916507 
3919.9997294960062 
3930.840496987259 
3941.598999404951 
3951.216150949641 
3960.7973450619274 
3970.6892505470432 
3980.3361535770114 
3990.9291016109764 
4000.5376430616716 
4010.599963280111 
4021.86790690621 
4031.548390751543 
4040.5935675138116 
4049.984012104063 
4060.6124581514696 
4070.554332611585 
4081.09047042109 
4090.737107862819 
4100.339454829385 
4110.7002926861815 
4119.803779687414 
4129.888278737225 
4139.983183405792 
4150.408873610924 
4160.183618640541 
4169.317427900807 
4178.757364457722 
4188.202009241083 
4196.617881676324 
4206.605018667322 
4216.124171971568 
4226.324884572835 
4235.958132792729 
4245.634237801632 
4255.24915328734 
4264.494253320293 
4273.566769537161 
4282.940758424886 
4292.147774699876 
4300.328895801712 
4309.886551783269 
4318.985699604277 
4328.34727398131 
4338.067945010959 
4347.350996475254 
4356.365503459998 
4365.601665577247 
4374.434901308523 
4382.380951513419 
4391.077321912803 
4399.511286760255 
4408.15090387045 
4414.984028291232 
4423.607786788932 
4431.778664782797 
4440.90735354796 
4448.817775392036 
4457.302637738218 
4465.564971031864 
4473.7400977083225 
4482.316341011119 
4490.631763325011 
4499.390867738243 
4508.221122997351 
4517.017331171678 
4525.7108451234535 
4533.741032073442 
4542.230415088174 
4549.64375109647 
4557.359451546017 
4565.102006302985 
4573.765070108799 
4581.919276811439 
4590.510163064566 
4597.978441153136 
4606.004293012427 
4614.218537313035 
4621.995514990118 
4629.643549520345 
4638.530220478478 
4646.167592198644 
4653.827492198511 
4661.306618016976 
4668.78498300585 
4676.621604673392 
4684.614938644664 
4692.477381842087 
4700.8168198137155 
4708.231168230434 
4714.778512920962 
4722.542673857279 
4730.721292673333 
4738.296263721545 
4745.094660805158 
4751.795889770677 
4758.94973529971 
4765.6821407983525 
4773.396730377413 
4780.964984480947 
4788.093094925046 
4795.897069468256 
4803.349084625631 
4810.50633412258 
4818.11933553054 
4826.189710494037 
4833.219332892115 
4840.030461128751 
4846.821146856816 
4854.6288700157065 
4862.437480245516 
4868.532432146211 
4876.545199373348 
4883.252727007829 
4890.546984525429 
4896.242997586304 
4903.590281264363 
4910.675158404212 
4916.80216259013 
4923.304128959787 
4930.038841749114 
4937.4372455918565 
4944.263175190615 
4951.440282786147 
4957.762226663191 
4965.632018830946 
4973.325936935966 
4979.865318757161 
4986.082821088845 
4992.747205024357 
4999.184922977877 
5006.396757080416 
5012.881498521724 
5020.355319293583 
5027.387624403829 
5033.630541284872 
5040.49430394589 
5047.13759498245 
5054.013858362335 
5061.058317990866 
5067.299871779895 
5073.889984973647 
5080.333992457684 
5086.010021553383 
5092.440483896686 
5098.096262434507 
5105.025539702387 
5112.181585500159 
5117.281175856701 
5123.140348905575 
5129.337290273284 
5135.8507933135825 
5141.938683785951 
5147.711308464426 
5153.114728950802 
5159.498136746611 
5165.291996634623 
5172.7014884644905 
5179.277680430617 
5185.814774086225 
5192.041690013285 
5198.2924674126925 
5205.122312613407 
5210.4900848395755 
5217.347921942266 
5222.900955270228 
5227.673311235415 
5233.681155755948 
5239.569313151029 
5245.328011744021 
5249.683693316426 
5254.36042000512 
5260.8056322528855 
5266.408936842296 
5272.415104130847 
5278.199766791076 
5284.0113492367245 
5289.744329187657 
5295.859861184632 
5301.058458460308 
5306.468989831268 
5312.425975197842 
5318.19283836539 
5323.372154972495 
5328.902370143189 
5335.055759745134 
5340.3574690299865 
5346.095939672765 
5351.864907291279 
5357.447883138657 
5363.703448314073 
5368.70244517044 
5374.407765075757 
5379.652007353534 
5385.183705356839 
5391.120807619827 
5396.283632371675 
5402.711120973251 
5407.484063482102 
5413.095366753336 
5418.0084175128495 
5422.992252555601 
5427.590365049162 
5433.616810436515 
5439.128955629015 
5444.352212651598 
5449.338837580151 
5454.146673852418 
5459.014583908881 
5464.67893147079 
5470.266466086668 
5475.566879046404 
5480.442489010388 
5485.604159605347 
5490.4990092702865 
5495.678320241457 
5501.276861204344 
5505.961133886549 
5511.222076726902 
5516.569708239275 
5521.9752417427835 
5526.8226829958585 
5531.855017810528 
5537.095920323165 
5542.262737574797 
5547.054673885731 
5551.1082931359515 
5555.6353153365235 
5559.599786505621 
5563.7574326849535 
5568.5033338843505 
5574.020103897301 
5578.745882391095 
5582.8269387264645 
5587.076477673573 
5591.356758349166 
5595.9476824400635 
5600.486430101206 
5606.658977523706 
5611.542114608892 
5616.726781493906 
5621.921934631534 
5625.977166910285 
5631.566249907055 
5635.236148217631 
5639.644644097084 
5644.332740434369 
5648.675517805218 
5652.836625342567 
5656.475248419688 
5661.570914064304 
5666.8789346398935 
5672.674914469928 
5677.807370421592 
5682.27865789064 
5686.4199626369755 
5691.118382171086 
5695.840790519108 
5700.017190882414 
5703.635824820256 
5707.216300793582 
5711.111075593121 
5716.148236889483 
5721.107507444055 
5724.866681119725 
5729.119667353615 
5732.690065624357 
5737.178386163842 
5741.85746174504 
5745.9906173407735 
5749.910136534676 
5754.654096054944 
5758.832730042047 
5763.167950566254 
5767.346482729509 
5772.947289434604 
5777.45815778253 
5780.424622607767 
5784.393058827389 
5788.239238152811 
5791.585936525328 
5795.606367070263 
5799.443053678104 
5802.504915638812 
5806.064384072206 
5809.49354994864 
5813.195789206673 
5815.677354628459 
5820.6209738110465 
5824.30561264394 
5828.161991455244 
5830.929301241679 
5834.557320092058 
5837.588296057476 
5840.861943447196 
5844.492868566359 
5848.167924375122 
5851.894097098144 
5855.184443269319 
5858.941607422403 
5863.754409658904 
5868.143588118571 
5871.534951729398 
5875.134787200305 
5879.526714109941 
5883.857395490946 
5888.080394079159 
5891.325869828771 
5894.765512897202 
5898.686632576609 
5901.870854819338 
5905.27599115552 
5908.344260743344 
5911.701766023999 
5914.740749929792 
5918.798859490943 
5921.269449932158 
5924.395872547794 
5928.169615746428 
5932.32141749243 
5936.186656306403 
5939.6554084275895 
5943.540672167241 
5947.322673513312 
5951.548018336518 
5954.436728048233 
5957.840791812611 
5961.890370785796 
5965.302123426116 
5968.67506233892 
5972.421793835321 
5976.929374968335 
5980.0733536344305 
5982.826307718477 
5985.54156417312 
5989.58200960463 
5993.553544615178 
5996.477937751179 
5998.657853604576 
6000.829827631567 
6004.529890755895 
6007.824711194486 
6011.639332860233 
6014.948305904759 
6018.348320286829 
6021.461552474648 
6025.206808624819 
6028.359730589423 
6031.837514021957 
6035.56076813454 
6038.441708333142 
6040.975090847617 
6044.397128992792 
6047.083319205595 
6049.728259458749 
6052.7996587062225 
6056.1750524398985 
6059.038481770459 
6061.788002409646 
6065.0184302165135 
6067.800493088494 
6070.52213153189 
6072.6497311475605 
6075.603668379981 
6078.8146926505315 
6081.455810646716 
6084.136546752962 
6087.255571708957 
6089.896335582542 
6092.66990496342 
6096.399457088158 
6099.250819684204 
6102.42750882992 
6105.645936695479 
6108.271594263695 
6110.592490463098 
6112.442725911657 
6115.70713394905 
6118.041128513754 
6120.999045941562 
6123.889819732817 
6126.872905478637 
6129.539275624171 
6132.647382500176 
6135.660158970181 
6137.406637310718 
6140.348214206988 
6142.9037402439335 
6145.773031941543 
6148.87339353125 
6151.861082245204 
6154.217765620888 
6157.09804482233 
6160.001308706451 
6162.2486128612345 
6164.66360330547 
6166.276060746682 
6168.939323855604 
6171.686107969514 
6174.675993361555 
6176.90081620384 
6179.3081648207135 
6181.8834163595775 
6184.93712997822 
6187.410639214639 
6189.321126023259 
6192.00716120209 
6193.740042554723 
6196.348004302368 
6198.89646029847 
6201.476846246991 
6204.6570072328395 
6206.627418642772 
6209.04207845848 
6212.00077156764 
6214.466194702184 
6217.414361252034 
6220.119397844002 
6222.440150242092 
6225.327649634395 
6228.171761525334 
6231.0293096163505 
6233.651747919365 
6235.909121493221 
6238.616739671245 
6240.440982513667 
6242.072638896319 
6243.834924161498 
6245.701714563698 
6249.345360313988 
6251.71194846401 
6254.325218488612 
6256.657892702177 
6258.977502752128 
6261.683358374444 
6263.960379932417 
6267.567982258152 
6269.165374873606 
6271.721626003352 
6273.824693027698 
6275.978426886254 
6278.766684344899 
6281.2049519050615 
6282.8678469041715 
6284.711273906295 
6286.93276640104 
6288.866648318939 
6291.918882969455 
6293.793772131841 
6295.8380346388 
6297.547437114074 
6298.899042201445 
6301.323713786575 
6303.64962639008 
6305.735484608296 
6308.424114286836 
6310.030966181805 
6312.283403806276 
6315.388631105988 
6316.806124316546 
6319.234446910833 
6321.748992184214 
6324.207647670497 
6325.5096788952305 
6327.094850439111 
6329.252160234752 
6330.729422887578 
6333.3489376076395 
6334.814123350749 
6336.985850321134 
6339.1074155113665 
6340.891631212477 
6342.547858757034 
6344.35865140108 
6346.357478846083 
6347.455035749034 
6349.1867245543435 
6350.404208408755 
6353.724567844861 
6355.561562414672 
6357.387302094666 
6359.629657003576 
6360.870055906625 
6362.463532559907 
6363.36797433786 
6364.819072429977 
6366.870685164686 
6368.189062715873 
6370.228205922078 
6371.984204729215 
6374.385199527301 
6376.384155004839 
6378.661050470893 
6381.012204234883 
6382.733664888901 
6384.912403252854 
6387.289415185224 
6388.614219021276 
6389.905038734766 
6392.0340013500645 
6392.788470804253 
6395.080292484633 
6396.678355643755 
6398.501010200243 
6400.320056429096 
6403.156636457106 
6404.448190032064 
6406.644608409749 
6408.875467212651 
6410.38314930072 
6411.743518830465 
6413.558152552276 
6415.931446204557 
6417.657363592609 
6419.395117413623 
6420.555603580478 
6422.616977349826 
6423.847013680456 
6425.338188395814 
6427.2700022206545 
6428.985639101846 
6431.2643032146925 
6433.3943431182115 
6435.398149485414 
6436.689595234461 
6438.478044380809 
6440.379018499117 
6441.84579500292 
6443.65395440325 
6444.298806030701 
6446.703394943414 
6448.13189922765 
6449.128392307108 
6451.173141576816 
6452.570005516324 
6453.500752782001 
6454.15643384055 
6455.739426646548 
6457.82360607468 
6458.994213382687 
6460.695900684665 
6462.786229485347 
6463.350142077474 
6464.557122404677 
6466.232223639098 
6467.62482616355 
6469.390514131738 
6472.090185133981 
6473.055983778629 
6474.303193190489 
6476.4078816758565 
6478.627268233231 
6479.959394831384 
6480.515075830326 
6482.532600156834 
6483.553827546415 
6484.889215158973 
6486.086583215818 
6486.974952350802 
6488.814166596331 
6490.229217160726 
6491.2267986847 
6493.413660663865 
6494.815359514923 
6496.1065664677435 
6496.86922929886 
6497.782818292122 
6498.6573014061205 
6499.293170207447 
6500.828367628272 
6502.3585387378525 
6503.62198113737 
6504.746414298477 
6505.734015351118 
6506.408112892404 
6507.817465394814 
6508.726738757588 
6510.4130342358285 
6512.085738945168 
6512.76215100404 
6513.652254851027 
6515.493505399358 
6516.515312721012 
6517.967732208285 
6518.890548910275 
6520.130978900914 
6521.581684709444 
6523.07612184661 
6524.071414679311 
6525.165520625142 
6526.546432216097 
6528.106608357464 
6529.228558471858 
6530.818584466974 
6531.788552410485 
6532.719468743437 
6534.736360117088 
6534.559174416464 
6536.141608454549 
6537.420183742316 
6538.730581530755 
6539.20349024215 
6540.030582773173 
6541.251290773781 
6542.5010761342555 
6544.006987749476 
6545.292744689283 
6546.136315955471 
6547.829287964502 
6548.924104997165 
6549.667567438922 
6550.920207295149 
6552.218111257164 
6553.734786971502 
6554.364545391085 
6555.639377845236 
6556.441645964737 
6558.153542707263 
6559.693822738174 
6560.677329169586 
6562.118768697928 
6563.394683384975 
6564.61964782351 
6565.4479718504845 
6566.691767048909 
6568.789420930102 
6569.983028667571 
6570.698830593126 
6572.521814560484 
6573.767764922993 
6574.327856947408 
6575.252033862314 
6575.8879813879785 
6577.049907748276 
6577.880079818148 
6578.5822971791085 
6579.191338310717 
6580.110752387672 
6581.3082811251015 
6582.015393208532 
6583.064152277053 
6583.903942087694 
6584.656186612291 
6585.271873694173 
6586.052335086693 
6586.739878353165 
6587.847907916906 
6588.488109222669 
6589.220607872344 
6589.00006162135 
6589.408654591522 
6590.068378901514 
6591.358840341688 
6591.533264676428 
6593.049822787475 
6593.86293980754 
6593.865110709956 
6594.549268085783 
6595.342876903875 
6596.469771398054 
6597.560313081511 
6598.159525865563 
6598.927453588816 
6600.797151821941 
6601.643980739411 
6603.902867822031 
6605.416460601874 
6606.207810148086 
6606.74912432713 
6607.708598606295 
6608.085159606199 
6608.4323587374865 
6608.923822864435 
6609.761577258396 
6610.536990069578 
6610.520359122087 
6610.811065690108 
6612.428271287686 
6613.360244529521 
6613.817275344924 
6614.992677897584 
6616.043207394629 
6617.285287865771 
6617.677294348391 
6618.824438126792 
6619.884218629656 
6621.296953265626 
6621.594335771447 
6623.228518642398 
6623.757030443692 
6624.276364741817 
6625.059295028819 
6626.148808931649 
6626.925989483683 
6627.187967352826 
6628.284315268287 
6628.831659579894 
6629.371718710387 
6629.742649462958 
6631.231519096771 
6632.561250257682 
6633.237577668089 
6634.368629365949 
6634.6901252157595 
6634.845677744599 
6635.20315693408 
6636.328932064351 
6637.1229475512655 
6637.529156705907 
6639.157599259682 
6639.756673108454 
6639.964811853843 
6640.786228795455 
6641.918938642551 
6642.93803469738 
6643.205114024131 
6643.310335586659 
6644.558429392278 
6645.388783267788 
6645.774556659585 
6646.489365315484 
6647.077870040828 
6647.864267463053 
6648.09759417196 
6649.263653514903 
6649.551679143765 
6650.480357943554 
6651.101388920932 
6651.60083265699 
6651.9390339722495 
6652.6626211785815 
6653.465803437567 
6654.016885818485 
6654.831241916824 
