# "MSD"
0.0 
3.5074886540950554 
2.283791584711158 
2.1071258461560602 
2.1410519288511494 
2.2268854560466833 
2.343703843783562 
2.4534366984945755 
2.6961101336214415 
3.1308360347887954 
4.1560010336403765 
8.693304992373351 
21.950411363803724 
38.478458463432325 
55.24460122330267 
72.23648316804903 
89.36492204505635 
106.39721274535631 
123.62268791334256 
141.06670253587882 
158.4648386787953 
175.5765842315089 
192.95999086522698 
210.18975121034867 
227.40445628361223 
244.79094298529924 
262.1272774012332 
279.3527040263743 
296.7250825810584 
313.78295132018 
331.0086761998445 
348.31917249129464 
365.8473235527749 
383.0198873165498 
400.13563304411855 
417.51265802847615 
434.69126437989553 
451.81764878459086 
469.1822685092992 
486.6568220024293 
504.3359413637295 
521.809289432374 
539.2104725950368 
556.8581353894912 
574.0251274142844 
591.5666407575596 
609.3510543036462 
626.7098480367094 
644.4145344824168 
662.0879838804293 
679.8380839516648 
697.0071339992836 
714.0872090517817 
731.8827117048479 
749.5079829956537 
767.0699429890768 
784.2675345843597 
801.8046463809708 
819.4359291418565 
836.7031419719295 
854.2592120791761 
871.88975573568 
889.8496368234005 
907.7023930936456 
925.2957261269438 
942.6489852803601 
959.4456786103057 
976.6441175841501 
994.1465699810834 
1012.1175564062006 
1029.3348896975049 
1046.3989844732237 
1063.7609657574883 
1081.5320048126237 
1098.99934163764 
1116.695777661755 
1134.5180776705838 
1152.2821123252031 
1170.3141665077385 
1188.0406893375198 
1205.807560944767 
1222.9583389732404 
1239.5799261092 
1257.3993693778111 
1274.79608028455 
1292.3802113403851 
1309.2114057502663 
1326.8146128907827 
1344.9586045026224 
1362.5393849184102 
1379.8257548832858 
1397.7757409779438 
1415.1161807845622 
1433.414212039143 
1451.3186914427845 
1468.536699033754 
1485.6921998217326 
1502.500437980747 
1520.0497989631754 
1537.4144415947717 
1554.7171022953914 
1572.1601315367172 
1589.9573666363412 
1607.72162586055 
1624.6895952188 
1642.2112331057824 
1659.7149308657831 
1677.3995780257155 
1694.8756033217123 
1711.830195221393 
1729.1319613541548 
1747.202903572663 
1764.1135345508612 
1781.5365999194946 
1799.3675853246525 
1816.4787194048406 
1834.0167402454083 
1851.0889183510626 
1869.3607407386205 
1886.5428256888163 
1903.544428707016 
1921.1214253565302 
1938.6706621414892 
1956.3330885314983 
1973.18170881382 
1990.1058414482623 
2007.6802989767193 
2025.1035663460905 
2042.488972258926 
2059.705517267633 
2077.349412908457 
2094.9031093334575 
2113.0599490964446 
2130.4415169872664 
2148.6224506774533 
2165.4548407572715 
2182.3117552620706 
2199.347107258334 
2217.1299953357316 
2233.6081553984927 
2250.5532548565325 
2267.7207332869975 
2284.7031581924134 
2302.149220209255 
2318.4711714198183 
2335.6062655150295 
2351.362721652985 
2367.676350189087 
2384.287397420522 
2400.492437837242 
2416.727899624832 
2432.9853807643713 
2449.3697709568623 
2466.1118558867065 
2482.676436301946 
2499.0959932854776 
2514.859266065074 
2531.439877552235 
2547.265316333887 
2564.057869737281 
2580.568886021053 
2596.823122674891 
2613.4036420807215 
2629.120093739086 
2644.6844861613154 
2660.1803459867997 
2676.403450871322 
2692.877282830393 
2708.8424035488474 
2724.9700126698285 
2740.9909803392807 
2757.4430204948994 
2774.1975558301474 
2790.059229694883 
2805.7993209593633 
2822.07216897953 
2838.4543721747887 
2854.5864015030393 
2870.564074795711 
2886.071015646725 
2902.024863408065 
2916.914902776006 
2933.629952634102 
2948.988721921832 
2964.7050655094595 
2979.6389440180974 
2995.2395864494792 
3010.88490742783 
3026.784912524758 
3041.852942172362 
3057.3991002727225 
3072.6055706319426 
3087.5485197486146 
3103.37772797995 
3118.8810534611803 
3134.221402660567 
3149.450671273082 
3164.8485938355184 
3180.5231580515065 
3195.9027082869034 
3212.015729825815 
3227.7057140173715 
3243.122307319565 
3258.317426114671 
3273.60097123967 
3288.202522213215 
3303.0457486755126 
3318.27894662201 
3333.372705378871 
3347.6729596233267 
3362.8276429130224 
3377.7900831260245 
3392.5775228154744 
3407.921288584504 
3423.3684774975345 
3438.292224288864 
3453.1276081124934 
3468.2556295047243 
3482.4047338764935 
3496.1861069556476 
3511.52792638099 
3525.370525249002 
3540.6701804070694 
3555.4463801179263 
3569.708312324044 
3584.384676488314 
3598.6702897516548 
3613.284933568625 
3626.973014274429 
3641.9002844020793 
3656.432062303135 
3670.8964282544357 
3685.22293172032 
3699.800291212171 
3713.6123822152927 
3726.8813265289677 
3739.553436514036 
3753.6365160769938 
3767.499706249512 
3780.973332582674 
3795.522122512081 
3809.8483870690743 
3823.412517338382 
3836.8131280811303 
3852.056729794107 
3865.6397735249298 
3878.702155000418 
3893.2265842964125 
3907.1077639446517 
3920.463903714011 
3933.5776899510306 
3947.4621035260147 
3961.135654090481 
3974.9616810041007 
3987.7505330155686 
4002.1419772134054 
4016.271602473175 
4029.109510942994 
4042.6011794684946 
4055.2402929772397 
4067.453480618362 
4078.951011178663 
4092.48836378203 
4105.662809465052 
4118.119999802268 
4130.9145935821025 
4144.223264438505 
4156.562353041804 
4169.315895890014 
4182.214873732693 
4195.599545862001 
4207.877325479527 
4220.224281125915 
4233.678004306208 
4246.2470076741465 
4259.282352830989 
4271.650029853606 
4284.287805584023 
4297.375319674349 
4309.918571143102 
4321.9781468340925 
4334.68724549939 
4346.899466000125 
4359.263369368288 
4371.659772952668 
4384.235756723617 
4395.969812275714 
4407.797717018812 
4420.377855565064 
4432.807902436426 
4444.459770740789 
4457.343758106133 
4468.732604765336 
4480.772635759285 
4491.379555981215 
4501.633528986835 
4513.3877823244675 
4525.084836741962 
4537.128603864228 
4549.464925413902 
4560.904627437312 
4572.223347082033 
4582.9039633168795 
4594.495111424754 
4605.119064065702 
4615.602186845692 
4626.148427118214 
4636.747333798149 
4647.572659804815 
4658.336389888242 
4669.587258872947 
4681.527627871807 
4693.022619307282 
4705.473531253482 
4717.305645751771 
4727.876316479069 
4738.535350156149 
4749.617061909368 
4761.303878064297 
4771.9083946093215 
4781.928527902848 
4793.088117164927 
4803.022719972025 
4813.500089423913 
4824.191067591974 
4833.978585118142 
4844.299905859877 
4854.2813065104965 
4864.865460675887 
4873.47540682379 
4883.683517668832 
4894.282228517024 
4905.261121293839 
4915.254895712582 
4925.426809062115 
4935.021985380031 
4946.312568998022 
4955.516782111583 
4965.462989097679 
4975.639447557965 
4984.613555144241 
4994.138879742924 
5003.172838303022 
5012.418543174883 
5021.91671285967 
5031.30449609713 
5040.280619921987 
5049.96278943605 
5059.932784657094 
5071.113666532452 
5080.728755274869 
5090.526311618845 
5100.128723339754 
5109.080145211971 
5118.384160550915 
5128.083064040334 
5138.746291699656 
5148.662544025641 
5157.86400588492 
5166.973621369065 
5176.521760332096 
5186.467436164611 
5195.392858143391 
5206.002042524041 
5215.386513099084 
5225.593802868313 
5234.117972677317 
5244.055306594511 
5252.281808573914 
5260.4615764059 
5269.050833126523 
5278.674544446857 
5286.864328149915 
5296.7691938848375 
5305.480672332897 
5315.272969807797 
5324.500964121342 
5334.581697420541 
5344.121863204228 
5354.086577178374 
5360.96588981654 
5369.2092078753 
5378.070908709407 
5385.432394194374 
5393.687720348699 
5402.283610491978 
5410.100509803787 
5418.876433558824 
5427.673107624988 
5436.48686146825 
5444.925898820169 
5453.856465582768 
5461.048973293989 
5468.967960280049 
5477.479446192385 
5485.563955490703 
5494.407386155717 
5501.923605071032 
5510.046030753326 
5519.0903084036145 
5526.210127512887 
5534.191294835392 
5542.455870420941 
5551.54086658398 
5558.477445138659 
5567.266186524153 
5574.596337434671 
5583.247260617853 
5590.456155258271 
5598.144746987812 
5605.102999994261 
5612.803321365444 
5619.809938664992 
5626.992232257018 
5634.5944057103 
5642.031405835029 
5648.746077268214 
5655.336869666843 
5663.064247735053 
5669.081009066797 
5676.976136146198 
5684.227782929863 
5692.064818240768 
5699.50524930315 
5706.902310378665 
5713.680788808424 
5720.996290138071 
5727.944128273914 
5734.208918358856 
5740.403641144953 
5747.057214860135 
5754.524543500647 
5762.244225541722 
5768.1997211779735 
5776.138288440962 
5783.750453717611 
5791.58582861615 
5798.3170640177605 
5805.994983511153 
5813.202803346121 
5822.023352974834 
5829.410985473658 
5835.918046014324 
5842.994935424314 
5849.632453024128 
5855.631065642795 
5862.186559286936 
5868.312799002928 
5874.199747039508 
5880.59061664305 
5887.26589230922 
5894.750933612393 
5900.519189128888 
5907.407829250208 
5914.329837781221 
5920.5674329663625 
5926.966399177803 
5933.727913285273 
5939.114269933704 
5945.331065569908 
5952.820537763869 
5959.669213747684 
5965.1196107277265 
5971.711119306081 
5977.227874158531 
5983.899213248472 
5989.626611320785 
5996.1725424153 
6003.183239675943 
6010.153858805549 
6016.125943069318 
6022.583055192019 
6028.209525231105 
6034.534230989657 
6042.005128079438 
6048.659214514861 
6055.001785175557 
6061.43700181691 
6067.53499190991 
6073.011501068662 
6079.3169978994265 
6086.45528068009 
6092.519844871042 
6099.087907753585 
6103.766199798405 
6109.094564536268 
6114.994851679672 
6121.472785834913 
6126.389568726043 
6133.265612622066 
6138.484814454454 
6143.295003713102 
6149.512217965498 
6155.318962229768 
6160.675265214796 
6166.876600827914 
6172.585390283679 
6177.780700352508 
6182.335109118031 
6187.204238002245 
6192.064422524699 
6197.849280154862 
6204.128300607206 
6209.449396043833 
6215.795575483731 
6221.989074847456 
6227.727292033516 
6233.009477726833 
6237.393233890291 
6243.146825881274 
6248.121333579955 
6253.139708853089 
6258.798973104944 
6263.612194628641 
6268.244402977409 
6273.352213472397 
6278.362408563628 
6284.48384826813 
6290.141504672956 
6294.839109761012 
6300.667252839193 
6306.2993210961895 
6312.028665543045 
6317.942241824536 
6323.712584522539 
6328.88121956184 
6333.485318519362 
6339.187123038859 
6343.311571923814 
6348.811813658561 
6352.910010026684 
6358.0627708944085 
6362.042685789671 
6368.197535961093 
6372.426125969348 
6377.446417520061 
6382.7644203979 
6387.4122023895225 
6392.530086120197 
6398.073337100003 
6401.955206757922 
6406.265146882731 
6411.456261961099 
6414.882876856196 
6420.646702001197 
6425.025328963195 
6429.931566089146 
6434.523508614355 
6440.541709842138 
6445.862470605098 
6450.2226269521725 
6454.420638493107 
6458.355167181966 
6463.409277997978 
6467.191890521141 
6472.176079808524 
6477.873338073854 
6483.109790839447 
6487.495488435242 
6491.5013116222935 
6495.181990449736 
6497.3422085791835 
6500.988042443179 
6505.717992092025 
6509.716534198016 
6513.659243139551 
6518.204393286933 
6521.104967081161 
6524.774756600585 
6529.460527910611 
6534.876613100131 
6538.459080214718 
6543.563237446382 
6547.587668445084 
6551.377270908724 
6555.209579291076 
6557.951622144135 
6561.188706056369 
6566.773115926911 
6570.821881326064 
6575.675139222412 
6579.011944559019 
6582.943405482338 
6588.193926146464 
6593.162401167022 
6598.006969632029 
6602.160036531497 
6606.733984859997 
6611.223316696372 
6613.814251392359 
6618.288911930226 
6622.372990661369 
6626.925947511038 
6631.503705667648 
6633.684630734765 
6636.511512928639 
6639.361616820425 
6642.852809904831 
6646.339613063006 
6650.250980196352 
6653.51582162774 
6657.861939438803 
6661.665237793901 
6665.489856570553 
6669.768592758761 
6672.388487700809 
6676.33303416801 
6679.677552256822 
6683.202965251468 
6685.5129622581635 
6689.027051114963 
6694.050036025689 
6697.467412882912 
6700.406483339849 
6703.847167673186 
6706.388268618971 
6709.797443917906 
6713.101903466169 
6717.158310933922 
6719.829145680519 
6722.922173075439 
6726.267384349884 
6731.2227772247625 
6735.328238207461 
6738.687160690231 
6740.552224616329 
6744.014273422342 
6747.066916450314 
6751.6095550760765 
6754.1200632878135 
6758.357150742219 
6761.442371383038 
6766.164283503605 
6770.224230323466 
6774.368319943364 
6776.9093578370885 
6779.980077852287 
6783.73536838517 
6788.478467037243 
6791.7513726729585 
6795.861736698886 
6797.961323221771 
6801.094241468024 
6803.608581318185 
6807.034428336806 
6810.693346311143 
6814.2862437228005 
6817.833406424187 
6821.283921934208 
6824.091749604642 
6827.220988256455 
6831.074103002919 
6833.972985756511 
6836.481457552217 
6838.967253288029 
6842.031274663182 
6845.027342501316 
6848.371831288337 
6853.287378255337 
6857.685771916082 
6861.548350452617 
6865.166681747929 
6867.032589344642 
6869.182633010247 
6871.779997270969 
6875.207890714769 
6877.803684515125 
6879.836702505931 
6882.070743200799 
6886.00330884081 
6888.90472863738 
6891.769898294448 
6893.524181851665 
6897.185760248086 
6900.343444932202 
6903.549336429981 
6905.547549727172 
6908.349514657728 
6912.029450058318 
6914.701773546531 
6917.228617029449 
6920.411606116383 
6922.789288334301 
6926.604380653916 
6931.4376602943785 
6932.38782662698 
6935.531407482027 
6938.879912313545 
6941.6468672750225 
6944.669457887599 
6949.1600687557875 
6952.796853688797 
6955.621418563717 
6958.28910843457 
6961.206636085944 
6962.822568907258 
6965.182551093841 
6968.4495283914575 
6972.571406752802 
6974.923439316804 
6977.647453045161 
6980.6159238605505 
6982.218575369065 
6984.182189940627 
6985.6995528965645 
6989.102756784508 
6990.714155654042 
6992.138870022419 
6995.372963756833 
6997.622114640349 
7000.5620404134625 
7002.075003383715 
7004.83349809474 
7008.500001979868 
7011.151553174374 
7013.042368565647 
7016.2829412431365 
7019.51785866774 
7021.948273100357 
7024.854661421463 
7027.111540222424 
7030.70316816885 
7032.298545563579 
7034.278388019695 
7036.833230367372 
7038.238758015274 
7040.995361992957 
7043.6431979654335 
7047.32164673709 
7049.489431672643 
7052.790160156843 
7054.382117357431 
7058.423940451027 
7061.618991378478 
7064.113164566741 
7065.4291418242865 
7065.750986494698 
7067.303744192538 
7070.523974632936 
7072.140903409166 
7074.483361934762 
7075.382856818304 
7078.846355102918 
7080.4988217050895 
7081.890848485827 
7084.372427219899 
7084.909322016887 
7086.522109299203 
7088.99745782511 
7090.897950181862 
7092.594263058481 
7094.925558547175 
7096.6209738973575 
7098.822242293841 
7101.139214501087 
7104.404073316579 
7105.846327657477 
7106.62658656329 
7110.131997058391 
7112.654661450607 
7114.991707137249 
7115.719307706689 
7118.720209390367 
7120.821033102265 
7123.210329108909 
7125.988770602807 
7128.585650645829 
7130.499696538714 
7132.907919127499 
7135.859116931234 
7137.7830951275355 
7139.266777716167 
7139.858721967222 
7141.207383242321 
7142.310672513278 
7144.4236790044115 
7146.198717220278 
7149.240663606393 
7150.235546759026 
7152.571192568807 
7153.604585769047 
7154.22508381773 
7156.293422674916 
7158.324017683948 
7159.690452002072 
7162.481217456062 
7165.452665551343 
7167.2563930305505 
7169.086150398697 
7169.611810759656 
7171.466496770317 
7172.977885841185 
7174.538801350944 
7175.574418812213 
7176.629466554714 
7178.518455983566 
7180.704983700337 
7182.936657742961 
7183.351141998076 
7184.289528969424 
7185.905185179204 
7188.297222951379 
7190.551077713966 
7193.365589907513 
7195.858931505798 
7197.913619578136 
7198.711908524971 
7201.140045104263 
7202.72438865068 
7204.453513685657 
7206.4051986675595 
7208.743912760354 
7210.181486533009 
7212.702269698608 
7213.15756142573 
7215.809563433902 
7217.903452173524 
7220.02279881844 
7222.557226957583 
7224.817618613916 
7225.170307578234 
7226.514980121578 
7228.215008884873 
7228.875568405821 
7230.540063739732 
7230.421809988183 
7232.002283588522 
7233.41238298724 
7235.174489149423 
7237.57338584306 
7239.110737656925 
7240.660930538086 
7241.574553644756 
7243.409232984178 
7244.44817245166 
7246.292527876156 
7248.452534520372 
7248.691441933597 
7250.184737332359 
7252.471999355031 
7254.247799021304 
7256.13349122677 
7256.9465175261375 
7259.619775102801 
7261.361448974524 
7264.067322390863 
7265.982179405147 
7267.982675532267 
7270.034156332892 
7271.612500402328 
7271.718052897956 
7273.01554037885 
7274.286231160873 
7275.304537272269 
7277.9380767450075 
7278.733331422282 
7281.481357314 
7283.360147369056 
7285.189084081192 
7286.307244007319 
7287.999457107027 
7287.62572741489 
7288.524614264042 
7289.400722372811 
7290.028121087212 
7290.864381517725 
7291.985318248747 
7295.301302477435 
7296.6370088899475 
7299.266072465246 
7300.565124474016 
7302.910050712039 
7304.71089634729 
7307.195886118548 
7308.610695685002 
7309.599275783206 
7311.230553473543 
7312.731227798704 
7315.576075681475 
7317.967044287171 
7318.467313837342 
7318.5891132278575 
7320.352894984718 
7322.023756031875 
7322.019549558371 
7324.261793372285 
7325.393856553149 
7327.380579100885 
7329.564622855413 
7330.804632204311 
7333.18895573256 
7334.800327070829 
7335.430808291537 
7337.129560796876 
7339.391638354014 
7340.94398194892 
7342.752098173967 
7343.961407613414 
7345.956485842036 
7345.6954540338065 
7348.037003823969 
7348.559102825846 
7350.8974257953905 
7351.493290176436 
7352.505948679762 
7355.257143519037 
7356.985900033491 
7357.455507355792 
7357.710508705508 
7357.860378504104 
7360.32771046951 
7360.2879135982885 
7361.585575112863 
7363.43235264129 
7365.4992117602815 
7366.753350735691 
7367.304690774099 
7368.3957478021475 
7370.243790332866 
7370.2311561699125 
7371.7730725780675 
7371.93786701123 
7372.830708993166 
7373.679030396338 
7373.606683497096 
7374.295169028772 
7375.9096532363565 
7378.085274629413 
7380.04431835663 
7381.110758865215 
7383.273649281643 
7384.423168209175 
7385.806540799495 
7387.723919729114 
7389.306881560271 
7391.468733188181 
7391.885668092454 
7393.234110455158 
7392.983539515686 
7393.877329587562 
7394.416920294893 
7396.1135597666025 
7398.029313214062 
7399.378199981532 
7400.923331259146 
7400.996738985404 
7402.7534835287215 
7403.842966868648 
7404.585817814816 
7405.847317555755 
7407.667077282493 
7407.431672928771 
7406.861395242959 
7407.010549291521 
7407.269446615164 
7408.107919580661 
7410.1361559778015 
7412.130957168291 
7415.25997524898 
7415.0051949265335 
7416.193212721683 
7417.543341893697 
7419.090799829482 
7420.320140662515 
7421.196847037583 
7421.952396400485 
7422.43515393612 
7424.654556743778 
7425.011653552593 
7426.066352346616 
7426.4150991823535 
7428.2632557594925 
7429.736644358297 
7432.125696850123 
7432.2650429927335 
7433.595123637394 
7435.618842925269 
7436.864052190329 
7437.731364961511 
7437.920806458728 
7438.429531816297 
7439.916802205329 
7441.131484656771 
7441.630068638746 
7442.729320360544 
7442.812749105097 
7443.152572564213 
7443.832576964962 
7444.881634472861 
7446.358109814773 
7446.882671214072 
7447.8900645260355 
7448.858145276575 
7449.369616200129 
7449.921325473798 
7449.679039409768 
7450.203097265342 
7450.631983769777 
7450.794618310046 
7450.83472375931 
7452.0781483493 
