# "MSD"
0.0 
98.53330172086547 
198.9108925132172 
300.2701606121817 
401.085607059864 
503.07546944393806 
602.4873696095992 
701.6850647309707 
800.3222474920815 
898.0023884420813 
996.5433954484922 
1092.9391253805152 
1187.5505930586942 
1283.3334798160852 
1374.8940907807225 
1467.0349358647682 
1554.4959192358476 
1643.0825999579488 
1733.8587283495563 
1822.072932133065 
1908.3663091133662 
1995.117144729022 
2080.55608652733 
2161.423791788537 
2241.480450758836 
2319.3790726828324 
2399.9697214615667 
2477.6344562655927 
2552.065667920827 
2625.3151184224575 
2698.199449557921 
2773.22206147198 
2842.634080644164 
2910.7593025638876 
2977.983844707719 
3046.7044219071618 
3112.963401946685 
3176.1559243963475 
3239.4076502106413 
3300.6036463228347 
3363.031668623494 
3415.999738719068 
3468.696664147151 
3524.2722856953555 
3574.885435375866 
3625.7852419227092 
3678.022198736336 
3726.656773696419 
3773.6565492377736 
3822.789633754737 
3866.035245963414 
3909.1848884088927 
3952.6324488167343 
3994.5854616964716 
4033.1399451723346 
4074.4103350872706 
4111.493480080866 
4150.275525285671 
4187.327480726315 
4222.806440869067 
4258.019374227885 
4293.401553321388 
4324.809928364263 
4355.508631884273 
4385.293199589332 
4417.3141838508345 
4445.502726702409 
4474.191295270483 
4502.763472050401 
4530.88303132384 
4558.350210846762 
4587.358270633971 
4613.01973953393 
4638.644573561365 
4661.326899564145 
4682.616819638803 
4705.598266526096 
4726.68722565689 
4747.801960939602 
4769.394865826053 
4791.20358996239 
4813.929503984448 
4833.037716269292 
4852.440857445347 
4869.937984024131 
4886.286693192213 
4903.588994547342 
4921.260988507745 
4938.571329803213 
4955.298079373827 
4972.432051621331 
4986.928801429537 
5001.141551190554 
5016.804955734764 
5031.657236323899 
5044.237548030734 
5056.1349399557575 
5068.9487541075505 
5082.646027959976 
5094.793900887665 
5106.783550497651 
