# "MSD"
0.0 
2.9679677564767615 
5.82761427474404 
8.674477488130782 
11.5037075699161 
14.33071025546999 
17.164960150400365 
20.040373300843672 
22.87320825540127 
25.724317248005516 
28.592642321934605 
31.449826178825088 
34.274745946033036 
37.12692947812601 
39.970677345151955 
42.8834888149986 
45.7049468527399 
48.55969686490831 
51.37849354450623 
54.21519932141721 
57.09574700401672 
59.99304836592506 
62.86689565465911 
65.66136441392928 
68.46465886073987 
71.28354367016972 
74.14300155641476 
76.97489226908459 
79.77441392743222 
82.57822197840696 
85.43340337986795 
88.30423589324545 
91.19207397954956 
94.02685391551083 
96.8221361284066 
99.6365605219021 
102.5054840847893 
105.32004492907721 
108.09294350349732 
110.84490960649507 
113.57685340143283 
116.40383067582859 
119.14197444289852 
121.98518660001173 
124.86962828940412 
127.68159114115002 
130.51800509212623 
133.26893916489954 
136.08081369142738 
138.92950956172248 
141.99457462232678 
144.86806611285397 
147.68417550316266 
150.51241510534902 
153.47697507546104 
156.34042240989527 
159.08322946116454 
161.94972843848825 
164.93945306526922 
167.79137198273582 
170.63902766256942 
173.50326821016586 
176.35802640714732 
179.28143912967064 
182.1463841063989 
185.00265843971815 
187.92904365492717 
190.8170913012436 
193.81222799978696 
196.660102388309 
199.6001752107783 
202.4492798827533 
205.2163296812686 
207.9546944326636 
210.86787853018095 
213.77251583910763 
216.57439958560113 
219.62744788781214 
222.56091026062307 
225.549007177574 
228.47739151264298 
231.49144969130052 
234.3489320743588 
237.31096187483752 
240.2575946611041 
243.1261532303544 
245.89210992479832 
248.71702488802907 
251.51370097176274 
254.40778939594122 
257.4013895868664 
260.0585666696112 
262.8396252300896 
265.6086891467938 
268.52330292663703 
271.4345633249614 
274.29353464525434 
277.29625281856346 
280.2017387811278 
283.18595779205026 
285.96855982520117 
288.88241974562555 
291.57350105676136 
294.3608475830417 
297.260433152964 
300.0389090826467 
302.98175570548716 
305.8630974967792 
308.7399007392612 
311.59219527367657 
314.5918327506368 
317.4302486942044 
320.0510426664072 
322.66767074426997 
325.4373993595969 
328.1855304178041 
330.9461150770419 
333.7728036478677 
336.6645883366188 
339.4785845358095 
342.40176039127607 
345.3494102666917 
348.1873284195666 
351.13744371608834 
354.14010279547006 
357.0121922120867 
359.8127489140531 
362.4901960920697 
365.3667344108808 
368.1971819344311 
371.2280075983354 
374.04422029579445 
376.8721857448952 
379.702051986115 
382.5119978001028 
385.3853178230441 
388.2082948762918 
390.9820100089614 
393.596162387706 
396.6131526515202 
399.4662272838384 
402.2646222712247 
405.08896100690936 
407.90553369193634 
410.7336272888903 
413.51562209201956 
416.3153389328578 
418.99956515407484 
422.0359816151229 
424.69657132894343 
427.53619420750493 
430.4374224950438 
433.1360327023413 
435.9423660268293 
438.84081945287056 
441.60253191422777 
444.3740350302083 
447.2227036353116 
450.04258817213184 
452.9717838210398 
455.7313247754374 
458.7315114062872 
461.60963909353393 
464.48316742682925 
467.3683635643285 
470.1935500249403 
473.08546980122384 
475.7863735800656 
478.69468929130346 
481.59857428128925 
484.4932947427305 
487.5294531395023 
490.5576970067597 
493.2572412756789 
496.20886392235394 
498.94968175039236 
501.7861585148158 
504.72647660187704 
507.61695727598715 
510.64373591344327 
513.4964154901533 
516.4492748132011 
519.2705209955324 
522.2721975640045 
525.1066037346727 
527.9899075467326 
530.823965754098 
533.7033736872004 
536.618467015363 
539.5018274823553 
542.402657350422 
545.2255831963226 
548.0543956067936 
550.6204576286201 
553.7341948133444 
556.4503445696176 
559.3526079882741 
562.3069578634154 
565.0892676073332 
568.0551094310815 
570.9435854319858 
573.7725890376202 
576.5933907870573 
579.3373657637945 
582.2898198523524 
585.1807491175523 
588.0889054115959 
590.6965014676128 
593.4450281906159 
596.298648838765 
599.2316213544814 
602.0532955996148 
605.1089016760255 
607.9211589672867 
610.7674950640761 
613.448061958722 
616.4048277051543 
619.3041988435224 
622.0295127617399 
625.05759632061 
627.843293508527 
630.827508674176 
633.8728127364566 
636.953785841246 
640.0718444930677 
642.9391215060399 
645.7852120625273 
648.4045915279873 
651.4096202329141 
654.0563969917273 
656.8637751089904 
659.8806378799737 
662.6785539246721 
665.4366560237972 
668.2679431714471 
671.4879254448955 
674.5457019297799 
677.4182506935377 
680.5310861933434 
683.2326753614868 
686.3093721690468 
689.1432676128591 
692.0598413607282 
694.9914101039282 
697.7509802904989 
700.6114829173193 
703.3967485317357 
706.290955609047 
709.3807748906864 
712.4991777831247 
715.5085242777175 
718.4651938315911 
721.3781816794965 
724.3596212502666 
727.100481274608 
729.8165176345601 
732.7573034320609 
735.6715230557791 
738.6537046169805 
741.6801483772466 
744.7368635429335 
747.7379376975406 
750.6431444614841 
753.6743191578046 
756.5734229814823 
759.5321099057845 
762.4845252393569 
765.567747339598 
768.2845436963817 
771.0966977741961 
774.1910169949418 
776.886415167441 
779.6350781325679 
782.3629040692064 
785.2700334332106 
788.1048395822571 
790.9288967290366 
793.7715367293829 
796.6659733590436 
799.4957183393931 
802.5069706477528 
805.4248758075407 
808.1971210323168 
810.8965672676492 
813.8655181220299 
816.842043867647 
819.9245909803054 
823.0102100833939 
826.0795521942445 
829.4429999586739 
832.3075505785621 
835.35121761648 
838.2903367493763 
840.9851871438975 
843.7666878206011 
846.6066471530512 
849.7087377846732 
852.445787779529 
855.4768679139138 
858.3838360668734 
861.4356271158381 
864.4070441505081 
867.2406232371075 
870.2373649893053 
873.1943742502656 
876.1885365151818 
879.0913117352751 
881.7130791161849 
884.6154066807266 
887.4047987981493 
890.458093210021 
893.3657982811053 
896.2059332778432 
899.2887671739603 
902.1712343968823 
905.1353123867856 
908.5853303968232 
911.8890277004443 
915.0123557476411 
917.9776797861368 
920.5358063509367 
923.4594710242409 
926.3417044086765 
929.2378756702806 
932.1916947307282 
934.987651116586 
938.207781812931 
941.2630278370267 
944.4250467487216 
947.2098482089848 
950.4243977114743 
952.9709961052685 
956.1031654707563 
959.1259578981851 
962.1870085375692 
965.1662785265976 
968.2707689679827 
971.3225474522255 
974.1416565492666 
977.1545001541692 
979.565522194374 
982.3253600391625 
985.246373975945 
987.8749607829817 
990.8155998035882 
993.6918944139302 
996.8440011031033 
999.6965192375902 
1002.7698567600947 
1005.8640823154044 
1009.1347468879234 
1011.9375067840111 
1014.5821051378488 
1017.4385983066137 
1020.4203996197255 
1023.3636928693744 
1026.1335730616474 
1028.8417982327112 
1031.9472403628488 
1035.2769927795018 
1038.3860183203103 
1041.5766994535286 
1044.4160123380059 
1047.565936269778 
1050.7620687383207 
1053.5159394857058 
1056.5451876240006 
1059.267519971518 
1062.5165334624805 
1065.4685594189837 
1068.7059016745488 
1071.8613296885162 
1074.475096694017 
1077.2798660305791 
1080.5563479392476 
1083.6983517154497 
1086.5828575839978 
1089.8046084293835 
1092.3464342003192 
1095.654701699137 
1098.8607242550536 
1101.9605994116787 
1104.624073735454 
1107.4147821113907 
1110.4211649159854 
1113.089793036315 
1116.3907181492366 
1119.1182580424293 
1122.1263827240914 
1125.129603928026 
1128.517246666817 
1131.1474659300973 
1134.175252240636 
1137.085657071587 
1139.8323945993939 
1142.888172214123 
1145.8664277351334 
1148.7621332795832 
1151.3579251389726 
1154.6819105493723 
1157.6600788739681 
1160.1733565159977 
1163.2272243529208 
1166.6176796231657 
1169.6889651204317 
1173.0033758592674 
1176.0673836227877 
1179.4208423219834 
1182.286846903734 
1185.3943191352903 
1188.4896604716303 
1191.6430125730878 
1194.5704932142655 
1197.3390166777433 
1200.2807572298461 
1203.2785380255984 
1206.3900460552454 
1209.409229423921 
1212.680846090605 
1215.517737666814 
1218.3448547487758 
1221.6923594586535 
1224.819228862735 
1227.777268404546 
1230.997961881995 
1234.2760992062101 
1237.2470707725158 
1240.1565864983984 
1243.187400224584 
1246.2923224177537 
1249.3209877498984 
1252.321112532493 
1255.3262110861529 
1258.14674356869 
1261.0943687276315 
1264.1638698444344 
1267.2591111641573 
1270.1604773589793 
1273.7260821581583 
1276.5588245863669 
1279.5337097429585 
1282.24932216085 
1285.2310827200897 
1288.2486561422463 
1291.2181335540738 
1294.478484914555 
1297.007400132374 
1299.9017714430825 
1302.362295304759 
1305.5149204439556 
1308.3641636565198 
1311.4376115812638 
1314.7128001229319 
1317.581761371801 
1320.0626911245697 
1322.9925081412684 
1325.800458565777 
1328.4010544621956 
1331.2716469311642 
1334.0552943695927 
1337.4738712312485 
1340.2095946992945 
1342.7794031604128 
1345.7666646046164 
1348.4534676812941 
1351.1653839496714 
1353.7255942544923 
1356.5700670569597 
1359.384008893243 
1362.2873887952485 
1365.5381540461592 
1368.6732951382342 
1371.5350432277332 
1374.285070951622 
1377.2701476886166 
1380.2696764146754 
1383.4096053396447 
1386.3793470174362 
1389.6522385037454 
1392.272239141047 
1395.1690034083128 
1398.302591157875 
1401.2610013772496 
1404.0861202748033 
1406.7523729833247 
1409.9551965844084 
1412.7864762148185 
1415.6609248929208 
1418.5512224703875 
1422.0139182035255 
1424.4361984312538 
1426.960810001841 
1430.0361754148805 
1432.7155775390688 
1435.8033736377004 
1438.7697557952465 
1441.879635710456 
1444.925088766687 
1447.9148821090826 
1450.6577412130064 
1453.6661425726556 
1456.2653489644238 
1459.0500131335118 
1461.829472931156 
1464.630053722785 
1466.8665949839237 
1469.75298521417 
1472.8753360379167 
1475.8799001407328 
1478.5638401103784 
1481.3552604181941 
1484.1664643442268 
1486.8966688344346 
1489.6311407297621 
1492.6185160833093 
1495.5842546162014 
1498.9875475038396 
1501.802836836051 
1504.5815920806235 
1507.68395690857 
1510.9551174294945 
1513.5099331157683 
1516.2946969784089 
1519.3713889583435 
1522.1455765878284 
1524.9398301803835 
1527.7247897406644 
1530.415487897412 
1533.2136904020035 
1536.039187232953 
1539.0863773443375 
1542.081191558795 
1544.652640589697 
1547.8266893050152 
1550.9157914884852 
1553.8132140980426 
1556.6169384555565 
1559.4626067148156 
1562.588170368883 
1565.2058505864968 
1567.9132151200622 
1571.0721624349694 
1573.981621663054 
1577.0183320875642 
1579.9590922479179 
1582.5825063284447 
1585.7158192749278 
1588.1263332496956 
1590.8883280508285 
1593.9716542976487 
1597.2728035493817 
1600.3547874444635 
1603.222224700711 
1606.6012507096277 
1609.1525841532382 
1611.9144959796201 
1614.8253035263526 
1618.136169651353 
1621.0945923412914 
1623.7100163310529 
1626.683897357698 
1629.3465569052626 
1632.3928098029965 
1635.1259140622626 
1637.952086176117 
1640.9045077793867 
1644.0754368926953 
1646.6683130948338 
1649.2999295736824 
1651.7652150399229 
1654.7512032511897 
1657.5161771482174 
1660.36205889227 
1663.2747964385117 
1665.847569325268 
1668.613630400766 
1671.1136163701708 
1673.707486210493 
1676.483121514575 
1679.4387002979167 
1682.3793989509688 
1685.2186099060261 
1688.0636141201278 
1691.2271269525413 
1694.393875667603 
1697.381945051105 
1700.4947846361872 
1703.4744609512793 
1706.4784052044033 
1709.325073579472 
1711.9379471053298 
1714.6124133004841 
1717.60794755237 
1720.5269483433876 
1723.369026017838 
1726.1818667643522 
1728.9488202831762 
1731.6721528127669 
1734.7368859630303 
1737.563460336664 
1740.44977172875 
1743.2887010246782 
1746.2957657187244 
1749.5494352730768 
1752.5233213922604 
1755.4126884774191 
1758.2419087727117 
1760.7237703929193 
1763.4876253940204 
1766.3321333276144 
1769.5830264492436 
1772.3577110217159 
1775.2342029721578 
1778.2631334782584 
1781.1831625929262 
1784.2336993300344 
1786.9496115839045 
1789.6739122549725 
1792.3421847409784 
1795.130725209726 
1798.1262398866409 
1801.1276207731337 
1804.047788390261 
1806.9585097988431 
1810.0387344383707 
1813.105659646627 
1816.2927394008773 
1818.7769336842357 
1821.892560739604 
1824.7807968062623 
1827.6563241095287 
1830.5669913906072 
1833.2239950666235 
1835.8499517740217 
1838.866112573681 
1841.815926874901 
1844.6655454162453 
1847.3549220660873 
1850.5002488554157 
1853.208164948283 
1855.6223456287419 
1858.3654474759335 
1861.025377495158 
1863.7175538970291 
1866.316424033634 
1869.3280334555534 
1872.166478129148 
1875.1976191420265 
1878.3880428995933 
1881.4045924802517 
1884.320859847143 
1887.201962730729 
1890.174558919694 
1892.9966561852068 
1896.019446048392 
1899.166776661206 
1902.3171465040352 
1904.8428684515532 
1907.7059655692117 
1910.6324237589563 
1913.213247139794 
1915.8682852345187 
1918.4953940483078 
1921.4305045954566 
1924.3566627327968 
1927.2182796911668 
1930.5646890094886 
1933.2625047900553 
1936.459348391746 
1939.3712246165476 
1942.5986377638042 
1945.6439664370016 
1948.702648036848 
1951.8247426848122 
1954.5213081544684 
1957.323904729352 
1960.2100132719984 
1963.0502156505645 
1965.8504760358887 
1968.7823509767727 
1971.5022138573972 
1974.1085060418982 
1977.210618784061 
1980.1957882536972 
1983.2908348318335 
1986.4412622464472 
1989.786658645447 
1992.913271488194 
1995.811778124318 
1998.6709366378504 
2001.2676888103988 
2003.9071625105607 
2006.592613962385 
2008.9364965192185 
2011.504741889646 
2014.4837938469698 
2017.1639763486971 
2020.0732791852308 
2022.7422660150878 
2025.3265822489157 
2028.0461793750455 
2031.130577154685 
2034.14185972981 
2036.742691444605 
2039.2067754221132 
2042.1896298392394 
2044.923801080611 
2047.5609532952637 
2050.3376333204706 
2052.7100715457336 
2055.4432004395308 
2058.444202809288 
2061.4177372192685 
2064.191633401052 
2066.973016474132 
2069.7944370833216 
2072.6765981765834 
2075.456897651829 
2078.250453321333 
2081.0909959047076 
2083.9614705301806 
2086.696937208507 
2089.1395197482098 
2091.703972308354 
2094.4792931209813 
2097.464820764156 
2100.185301695755 
2102.8698394955827 
2105.5018204407875 
2108.1852600889365 
2111.127405129911 
2113.8450084641854 
2116.970377906814 
2119.890471373737 
2122.5462273294343 
2125.271597012514 
2127.644820829039 
2130.3630291253758 
2133.0802518608148 
2135.6582052881995 
2138.4778195557706 
2141.481299357226 
2144.271083310847 
2146.6539483308243 
2149.0339805701246 
2151.419385320341 
2153.8682211263827 
2156.811404856104 
2159.5053778109154 
2162.5861926926596 
2164.970753806104 
2168.0201593667352 
2171.262316883385 
2173.7445315809787 
2176.5913792384067 
2179.7257437665294 
2182.457088230682 
2185.380312971157 
2188.046640797035 
2190.525781292433 
2193.1152299944306 
2196.0140290283857 
2198.73349331041 
2201.248238390459 
2203.672754689302 
2206.4079943577995 
2209.1274837035053 
2211.8620060863395 
2214.769485042355 
2217.590915008966 
2220.1083660839035 
2222.7976406048797 
2225.7751898607894 
2228.630211518151 
2231.279182573558 
2233.9700037397797 
2236.4418156567317 
2239.039745234114 
2241.6241102285376 
2244.3568863616088 
2247.233266136328 
2249.8691277739053 
2252.380713568886 
2254.661844621636 
2257.3194407149526 
2260.0827157096387 
2262.700589961467 
2265.3641183960895 
2268.3055662612996 
2271.2569994737996 
2274.054504554622 
2277.3640226163643 
2279.902794176925 
2282.119749063857 
2285.036639616917 
2287.5589599233012 
2290.6583996397326 
2293.425739844229 
2295.840869256449 
2298.3830760767332 
2301.6697221940376 
2304.60749291741 
2307.423637121918 
2309.946525981727 
2312.809125336645 
2315.5025847970805 
2318.334717813036 
2321.4019430095573 
2323.9832744625014 
2326.6535113183645 
2329.3981001253114 
2332.2977882193964 
2334.909453002656 
2337.6813065083206 
2340.1001427851043 
2343.009126226277 
2345.3750378886193 
2347.8673677001884 
2350.976725653261 
2353.749689818085 
2356.398964081693 
2358.9621392217937 
2361.8640649459408 
2364.6093150836346 
2367.449990763749 
2369.7262293017384 
2372.574276469062 
2375.7083576555397 
2377.929527426016 
2380.8954547340772 
2383.7992178144846 
2386.1609569864463 
2389.075079837386 
2391.919757776657 
2394.521328831796 
2397.6464020214726 
2400.0501309787705 
2403.0032645336305 
2405.566308357278 
2408.440458322406 
2410.999343708943 
2413.579915523108 
2416.3906884642865 
2419.3045698646274 
2422.0888050464996 
2424.835757878378 
2427.625347048238 
2430.5062120338202 
2433.150252407389 
2435.5837988931153 
2437.951803242614 
2441.0391565771247 
2443.6774108327095 
2446.5552560677365 
2449.1431688264843 
2451.778967827105 
2454.765926427497 
2457.365934418092 
2459.988750310972 
2462.8671972582406 
2465.991781173417 
2468.4837939640533 
2471.4818458253108 
2474.3970208950086 
2476.9449702713277 
2479.1924150523323 
2481.9228896806944 
2484.693572529594 
2487.291591234816 
2489.554759926113 
2492.222099169359 
2494.8853476550325 
2497.9165767744676 
2500.38855186061 
2503.2926351929586 
2506.1213267015114 
2508.702803574983 
2511.4222973415604 
2514.36237142427 
2517.0544886652347 
2519.913923379602 
2522.488862209632 
2524.6255639229967 
2526.972062530724 
2529.6535514525153 
2532.5591852305256 
2535.4029859156576 
2538.1817316909046 
2541.084111793673 
2543.6667414843105 
2546.393600608605 
2549.2959180742305 
2551.912739878196 
2554.5745247144177 
2557.0815529347856 
2559.729332278432 
2562.503405335358 
2564.9907005107543 
2567.5044499846763 
2570.2528110933617 
2572.8737307969977 
2574.928978697986 
2577.3518399778513 
2579.8747991642017 
2582.6616458153626 
2585.2788091528732 
2588.0942931711957 
2590.7428835315072 
2592.9997131277855 
2594.9772913936704 
2597.4685937788317 
2600.041122203304 
2602.488070574512 
2605.1943574730108 
2607.7620082409767 
2610.377886135383 
2613.1804818706687 
2615.4206130380558 
2617.398497460042 
2619.940417002116 
2622.384606825912 
2624.773234692886 
2627.4218740546326 
2629.887156580186 
2632.709618253051 
2635.169711757645 
2637.9448616790387 
2640.562514533988 
2643.0142199472803 
2645.399951565248 
2647.949773170215 
2650.3044023303573 
2652.856311680813 
2655.1788063104123 
2658.1357966729443 
2660.536198709686 
2663.3990802447315 
2665.5121271093676 
2668.641688595222 
2671.4880607805458 
2674.346182618903 
2676.434914749533 
2679.0094461329954 
2681.4079725785186 
2683.676969931305 
2686.108208616762 
2688.5500407460445 
2691.0971077766194 
2693.8562037526854 
2696.61627286952 
2699.325418471699 
2701.5992576461554 
2704.103560671311 
2706.5058751814804 
2708.8631312337898 
2711.3169308518877 
2713.3532274455665 
2716.0590501390984 
2718.6653443606733 
2720.7387092849717 
2723.316923961179 
2725.7610048748747 
2728.281473453882 
2730.2963261517266 
2732.858734873697 
2735.4269331177325 
2737.6350859128434 
2739.569266986262 
2742.4233793970257 
2745.0480207671285 
2748.1480862039984 
2750.940500677692 
2753.715426669844 
2756.575267673636 
2759.415370185659 
2762.048387412945 
2764.826155029465 
2766.789260648407 
2769.0007243539403 
2771.685436096381 
2774.8375484089897 
2777.712673233826 
2780.22728271989 
2783.3732912297137 
2785.9374355500995 
2788.5078421515773 
2791.139207110492 
2794.1586533502477 
2796.327152509972 
2798.7392122724264 
2800.9625639188225 
2803.4520335391403 
2806.066108906091 
2808.1736078216836 
2811.034273440669 
2813.7033630786327 
2816.138665498136 
2818.7189052126296 
2821.3069821391578 
2824.023203147305 
2826.6278621024608 
