# "MSD"
0.0 
2.5356670671800123 
4.900946084921237 
7.240653943776845 
9.550021446099837 
11.847798498903026 
14.161269380779528 
16.525649096999388 
18.86296542900175 
21.183867766655663 
23.497102615248675 
25.81668024389843 
28.14931728074459 
30.465864100223666 
32.76597342170486 
35.11258703502326 
37.3848076253843 
39.69271628697957 
41.95623637909167 
44.273062870988674 
46.5617295431311 
48.91646441709373 
51.25747008209969 
53.54428028279479 
55.8589460514371 
58.15918165590849 
60.44155850488525 
62.701654626204004 
64.85272514242261 
67.11563981367222 
69.41458373809628 
71.6922331226522 
74.01977437939412 
76.28605862681613 
78.5376541879776 
80.79283530596702 
83.12252826648803 
85.36436927914606 
87.50196699994845 
89.78408872958632 
91.96710491791733 
94.20244046296958 
96.40025641142155 
98.687555595043 
100.91037350892678 
103.1383288024451 
105.40892545748713 
107.50791005996444 
109.8933065817239 
112.16375787892669 
114.61201681670593 
116.9746447812661 
119.26995573989996 
121.47891615215826 
123.8156831849136 
126.06167643395739 
128.2732543643214 
130.55057964146988 
132.75746849143587 
134.94954055927454 
137.17031595721642 
139.3818069531803 
141.6681954903027 
143.98190836373115 
146.18745235704037 
148.57953966381834 
150.85880871065692 
153.20154796656075 
155.56190357200424 
157.75126302523262 
160.00072268396124 
162.16975179593211 
164.43924743735937 
166.7267501359704 
168.9910245633361 
171.15731519849328 
173.47647366510049 
175.775490479007 
178.0403014829265 
180.34913623067405 
182.613384903342 
184.9866128108774 
187.2973321604144 
189.53124081612134 
191.7662412506524 
193.9586759599125 
196.1822171579771 
198.37651753810815 
200.5155253984837 
202.77615421520352 
205.0208979148448 
207.06017143431433 
209.3819552422799 
211.55230252071001 
213.6983653635879 
215.8362698376917 
217.99630373353963 
220.23703356402538 
222.4425146700014 
224.6269396856212 
226.7456656119905 
228.9081510515361 
231.01789242975522 
233.17552862781278 
235.40429007951406 
237.54572702102863 
239.68777546442684 
241.8497894917232 
244.23046479120504 
246.35696076396994 
248.66244579667304 
250.74311678588424 
252.69266883995442 
254.93642738308986 
256.9627454587941 
259.05814545293373 
261.05830678331705 
263.1926505599295 
265.37554745061027 
267.56806321172735 
269.9027608927515 
271.98221047006894 
273.99500196810374 
276.20265558881243 
278.6003143301349 
280.8332822813101 
282.8316687659089 
284.77163344472825 
286.8212056348292 
288.9651236770374 
291.0551027005156 
293.08121601191453 
295.0398535615508 
297.2121568752111 
299.38241149080494 
301.5234326587448 
303.6682037714004 
305.7155984160497 
307.90514141308296 
310.1972051882452 
312.3681982054015 
314.489225994674 
316.68244634894177 
318.9588822181289 
320.9024159267977 
322.9809983858476 
324.97235780319915 
327.0527148392235 
329.3683728055899 
331.46821877843576 
333.5216589370354 
335.48777521738486 
337.4901220268324 
339.8094413343688 
341.85160161563385 
344.0365561165965 
346.17485762564775 
348.2973835737605 
350.3822892526454 
352.5587129998504 
354.71086519056945 
356.73470187173507 
358.71852188061155 
360.75553408330563 
362.8101939799198 
364.84566676754014 
367.0507432120722 
369.11254961025656 
371.35809713074343 
373.436992409867 
375.5685335345916 
377.5860610119403 
379.9224127711579 
382.1946291584527 
384.37407553764444 
386.5326823273671 
388.5108217572546 
390.7898044035434 
392.8699219537964 
395.162041028406 
397.3230509342166 
399.54688630059576 
401.8289965043255 
403.9130290991029 
406.178651803418 
408.3706028029093 
410.6888369703941 
412.7613736580647 
414.66295929721724 
416.80364044917616 
418.8785990627543 
421.25982418423587 
423.2832287507218 
425.0785159950425 
427.2885063531765 
429.2388041301264 
431.3905847931576 
433.573028882224 
435.70479040253207 
437.7028594754021 
439.57716724628216 
441.6269106964405 
443.63834164922287 
445.56368012141746 
447.7201549679953 
449.8336777454355 
451.93575461281324 
453.7668500267066 
455.74854871817865 
457.81386162218786 
459.90856068373853 
461.9005539576871 
463.91119292607596 
465.6550741775569 
467.7616175133745 
469.4766710469659 
471.6191687922575 
473.5048079635689 
475.4053902357289 
477.50474320085436 
479.5836631224104 
481.5467649375638 
483.62247909014866 
485.83225777440543 
488.0350406475045 
489.83666462046295 
491.97927001798496 
493.9376946717118 
496.1215065469852 
498.0614631719238 
500.0645912255891 
502.3564034842052 
504.44509573207637 
506.2602670214595 
508.044824389856 
509.892604658595 
512.0223616508263 
514.0921725537638 
516.3619964457872 
518.2321740179805 
520.2913227215804 
522.4952612404142 
524.3489923171682 
526.5909542529538 
528.383068425945 
530.3230710307895 
532.1157760932076 
533.9787283827807 
536.0339879157046 
538.3722646967041 
540.6660313862608 
542.7414963003928 
544.8286877803623 
546.9179861138415 
549.0673373193323 
550.878325299997 
553.1919294685757 
555.3184539073677 
557.2755492687342 
559.1228658745939 
561.2019931715216 
563.1403233059034 
565.1214592867292 
567.4815879713049 
569.3959227539603 
571.6855494693613 
573.6029511452413 
575.4833873411933 
577.5410256013994 
579.4703673986195 
581.4645975581309 
583.3866659809047 
585.24927213177 
587.0357052493196 
589.1681518528752 
591.2229165827822 
593.1568389552347 
595.2187601837298 
597.4226397631518 
599.114037794471 
600.8799703457876 
602.9880780412045 
605.030682882766 
606.9517415892556 
608.7444789514614 
610.7634620534574 
612.7401249550261 
614.7211299580049 
616.7841976145062 
618.8299046941296 
620.8624118103439 
622.8592262411615 
624.9546953537179 
626.7530723934284 
628.598977973152 
630.387679969766 
632.2745985986659 
633.8080860226016 
635.9368700222943 
637.8418818374903 
639.8303545739228 
641.7493335530869 
643.498889044617 
645.3511786260217 
647.087816389694 
649.0873863379865 
650.979212749654 
652.9083346645356 
654.8234632090929 
656.568443212436 
658.6023650085002 
660.6156398522332 
662.7560557212138 
664.9153539210702 
666.7176551689004 
668.520670684073 
670.6271063375784 
672.704977341553 
674.6675101098122 
676.7664382831285 
678.6873694457847 
680.3860907771987 
682.1116355740289 
684.1952073843302 
686.1743415582624 
688.040689858781 
690.243275134911 
692.299540970326 
694.5247969538616 
695.9612259616099 
698.2575077402182 
699.8301934922716 
702.001800277875 
703.8717893866115 
705.9829438871193 
708.0133255192834 
709.8913426889615 
711.6263754478 
713.093018981543 
714.8099742976759 
716.3994722738744 
718.3377423221599 
719.9961924520629 
721.9186710636241 
723.8668573928442 
725.9035573074757 
728.1214482179274 
730.1195582730185 
731.7630688036328 
733.8483650662166 
736.0146148444712 
737.5712704933761 
739.1990325084442 
740.8430427107303 
742.8031499617919 
744.6417296637676 
746.2630933675837 
748.0462360781207 
749.7389511972898 
752.0871316564669 
754.2229287118545 
756.5257328779778 
758.2249015400117 
760.1485308910756 
762.1293558907248 
763.8469339975239 
765.7550099448562 
767.5867718135706 
769.5221824910785 
771.198514424625 
773.383290845189 
775.2582407484804 
777.0483298536116 
778.883489309734 
780.8601637546184 
782.7907862135336 
784.7800861996782 
786.6241734593118 
788.103892819246 
790.1139300721898 
792.2254309874785 
794.1820973634681 
795.867675245395 
797.8532684500689 
799.7057908386266 
801.4382504393676 
803.1010397266439 
804.94350887752 
806.522754079476 
808.4075639664871 
810.6073120141073 
812.1510013470729 
814.128586979267 
815.8295253830105 
817.7584971873974 
819.3982588796381 
821.6559734640091 
823.4139139708442 
824.7125797107245 
826.8109222484738 
828.5424739271588 
830.1080154776816 
831.8325336767942 
833.7145672315506 
835.9521397415555 
837.886952170469 
839.4811575357229 
841.5117810221768 
843.18788669097 
845.4965355118397 
847.3525797230438 
849.5559285675873 
851.236041646295 
852.7646505189217 
854.3589997078808 
855.9778252709968 
857.7592593727732 
859.5991732340647 
861.7223069306173 
863.6594087895381 
865.4177192490733 
867.1177318961288 
869.2083006616153 
871.3073614946478 
873.0456374418719 
875.0399684557278 
876.8090535287498 
878.3340063335476 
879.9870311118538 
882.208342590307 
884.1120126176866 
886.2586781249579 
888.0640624692622 
889.8722769589399 
891.7215886427575 
893.6469155828802 
895.5182307248502 
897.3407999570189 
899.5869206856232 
901.3832671152904 
903.2067364748069 
904.7916858729828 
906.5413842917608 
908.3554403748462 
909.9662860617682 
911.9933415373165 
913.3949174918547 
914.7050344193643 
916.3804799897133 
918.5270077592112 
920.3682241569531 
922.3040120114015 
924.2101082039425 
926.0651763632604 
927.4521526307378 
929.076676693979 
930.5762921937514 
932.2481472861673 
933.7998431759219 
935.5805830047179 
937.1568658857299 
938.6831519531063 
940.139501071805 
941.927237807357 
943.8498196774055 
945.4602462064472 
946.8563845915276 
948.3108927839904 
950.2304866627182 
951.8222205498239 
953.323285284833 
955.4172701082737 
957.1074455709038 
958.7933538112229 
960.4484664363534 
962.1667020900002 
963.833093490205 
965.6014422151366 
967.587094916351 
969.2813314646456 
970.833571128275 
972.4266109676855 
974.3147138420444 
976.1277323521145 
977.6445937107023 
979.5436445424355 
981.2327165914365 
982.7429150322934 
984.4902678195879 
986.4454055847776 
987.9552680505841 
989.6231881593465 
991.3946258373663 
992.9949694177933 
994.8419464576838 
996.646908010359 
998.5090761328012 
1000.3935128550563 
1002.1500860880476 
1003.8539290954142 
1005.6484065760916 
1007.0716296852562 
1008.7207355493385 
1010.4247286890603 
1012.2771761001159 
1013.580740321773 
1015.3844271879159 
1017.1635432881853 
1018.9230062106263 
1020.4092871569858 
1022.1693221617203 
1023.7371998927791 
1025.1224103021357 
1026.8503219913682 
1028.400283743324 
1030.10463158969 
1032.031687887174 
1033.749005769562 
1035.5815643439769 
1037.0998769306134 
1038.6325595945623 
1040.0999686976782 
1041.4564751612784 
1043.304455598165 
1045.2705420799632 
1046.9327218070143 
1048.4676958961074 
1049.8716047980668 
1051.3628731632202 
1053.0307937660364 
1054.6626771991919 
1056.2226617014212 
1058.0919378429223 
1059.4709519574662 
1061.061450375482 
1062.700769831561 
1064.5753120062166 
1066.2945476862599 
1067.7183451662079 
1069.617812783213 
1071.0241621131593 
1072.9828031544257 
1074.2727844415033 
1075.6157083791336 
1077.281260706872 
1078.8999468468517 
1080.4543585899182 
1081.768373225271 
1083.6528676416713 
1085.2943992244127 
1087.0453756696743 
1088.7476535476683 
1090.44045270411 
1092.2007861480938 
1093.8960193628207 
1095.611942235994 
1097.3370431671642 
1099.2208856816685 
1100.960673097119 
1102.5332017509488 
1104.2734735426768 
1105.8712462533247 
1107.5300606371604 
1109.0452157642615 
1110.5121706408079 
1112.0987965293928 
1113.7105832297673 
1114.8818827674568 
1116.22716480561 
1117.5725763084781 
1119.4213181229147 
1120.8922922906295 
1122.6335066519782 
1124.2766272462486 
1125.7871557101894 
1127.1439232049224 
1128.5018823365026 
1130.041041015131 
1131.41656835552 
1133.016696287896 
1134.7915557343863 
1136.5030392264568 
1138.0605329829766 
1139.6327082689575 
1141.0531519108615 
1142.7613985117189 
1144.3726457611447 
1146.2761881824536 
1147.9126834974109 
1149.4894925214528 
1150.9567597853672 
1152.3168949319406 
1154.0592065326498 
1155.937991479373 
1157.095992868711 
1158.4049024399012 
1159.9809992134556 
1161.841854907114 
1163.7599967245974 
1165.336104290992 
1167.1722792277017 
1168.859135810642 
1170.605573145014 
1172.2523654122494 
1173.811496418747 
1175.5645185524957 
1177.0961119743224 
1178.3711395704813 
1179.989204310658 
1181.6347349702023 
1182.9885975174277 
1184.4192589691104 
1185.5198747199108 
1187.3765056073187 
1188.9024930991907 
1190.3458086714134 
1191.7137651030612 
1193.1570869704956 
1194.887474978114 
1196.228246192211 
1197.9567586819398 
1199.70090810093 
1201.2828428262492 
1202.8753534584246 
1204.5952311532424 
1205.8221947275676 
1207.701174294978 
1209.107823503028 
1210.7829859904314 
1212.7216992809397 
1214.607464800158 
1216.2137968835102 
1217.9405954506406 
1219.1852183867638 
1220.3927390463393 
1221.9672411091387 
1223.7061679774465 
1225.1350275810198 
1226.626143422104 
1228.3246375851697 
1229.541130110714 
1230.705655312782 
1232.1345026994566 
1233.4548568820971 
1234.5943775384767 
1236.1581162837422 
1237.9300234441425 
1239.4801443912115 
1241.1190395722276 
1242.8260021828182 
1244.534049923114 
1246.2956963472395 
1248.334331186552 
1249.3409722624806 
1250.742546748124 
1252.3536339850587 
1253.5790634827829 
1255.2041414542314 
1257.0099783339724 
1258.257403357098 
1259.596517970269 
1261.433592475109 
1262.8394437377838 
1264.4527190608871 
1265.9073547722446 
1267.2055317813874 
1268.8217459126606 
1270.4495552403362 
1271.6026541831511 
1272.939882850798 
1274.4520504263455 
1275.9888373776128 
1277.576448781398 
1279.1523867124042 
1280.6306131141555 
1281.928976226809 
1283.3386527217906 
1284.900628476782 
1286.5262437378683 
1288.1460007349353 
1289.4864018115095 
1290.640577992904 
1292.131372344723 
1293.9525618808318 
1295.8176524940186 
1297.456960284413 
1298.9886220654323 
1300.8943283062802 
1302.3205183696184 
1304.0852476197533 
1305.8238563685188 
1307.5611096649338 
1308.947672825463 
1309.938216370958 
1311.0092554575804 
1312.3515246319812 
1313.584963914601 
1315.0242675924544 
1316.1826793039652 
1317.5478708389594 
1319.0755268719008 
1320.6667873445344 
1322.3420807634345 
1323.8010527563188 
1325.2640804445732 
1326.6981858301276 
1328.1952143133774 
1330.2546405958801 
1331.0487012976641 
1332.350090117277 
1333.8715878140383 
1335.3345627812346 
1336.9200729710212 
1338.4229412237578 
1339.8730325360398 
1341.5188307909636 
1342.8712391011875 
1343.8981108547325 
1345.304411886024 
1346.7007005531352 
1348.2710628580903 
1349.8738631855767 
1351.276948087673 
1352.773985906228 
1354.2765649029332 
1355.6590406851471 
1357.2063175141673 
1358.728648148287 
1360.145513590899 
1361.7959704560167 
1363.4099910061407 
1364.6889001556742 
1365.8927918997533 
1367.3109344075338 
1368.7089085570485 
1369.8141832416163 
1371.6007136116534 
1373.0541988888 
1374.8741483201873 
1376.4439500792535 
1377.764751598388 
1379.4415458454719 
1380.6128978786805 
1382.0022772526756 
1383.1461128114472 
1384.2819625147704 
1385.5351726948297 
1387.302805288873 
1388.4375473409636 
1389.678345024294 
1390.8488265285116 
1392.2852953918923 
1393.9041323984293 
1395.2342822093824 
1396.2170623731085 
1397.6177209657196 
1398.66888845256 
1400.5193768305758 
1402.084966446603 
1403.2571484694004 
1404.6907206679223 
1405.5549860045817 
1406.7173417476658 
1407.7363467378595 
1408.9773273941487 
1409.9965921330777 
1411.471198129782 
1413.041153732681 
1414.1519962653956 
1415.3871642439976 
1416.430298418732 
1417.6726005458245 
1418.9541627515196 
1420.3263032806988 
1421.9440576118168 
1423.2697089536794 
1424.7545034316504 
1426.0440261200417 
1427.6814850913388 
1429.2128214235324 
1430.969083566948 
1432.4726586980219 
1433.6786096706335 
1434.929576078438 
1435.9864419211121 
1437.557431190415 
1439.1775473062778 
1440.7544475442583 
1442.1891587457571 
1443.5472479106254 
1444.7860957200724 
1446.8411985152766 
1448.0068585902668 
1449.4760898351674 
1450.9053463716068 
1451.9186347321852 
1453.4082664663933 
1454.5373590482232 
1455.8443975525017 
1457.2132322549182 
1458.709474774096 
1460.129978566725 
1461.3813164794149 
1462.6089482507507 
1463.920638133725 
1465.4947057229422 
1467.167376947593 
1468.5538051299325 
1470.0838798963955 
1471.3099021411147 
1472.4644761131533 
1473.8341137345483 
1475.203745328882 
1476.8542206695888 
1477.9650157486153 
1479.114018182313 
1480.2376702686329 
1481.3004014819448 
1483.144603002987 
1484.3991859975965 
1485.8209703120938 
1486.9689204909607 
1488.3121016436874 
1489.7870429525701 
1490.834195794994 
1491.9578470061617 
1493.2161491574814 
1494.8030360383991 
1495.767054003525 
1497.298574317477 
1498.9640851405843 
1500.1758179391436 
1502.0603568804581 
1503.480470074211 
1505.016991925059 
1506.5567850158557 
1507.9739314659555 
1509.6075699403104 
1510.7194751701281 
1512.132981455203 
1513.4686305380449 
1514.7055507639736 
1516.0381801961214 
1517.3934065867056 
1519.1048505121196 
1520.3534063835232 
1521.3296786890457 
1523.089586175147 
1524.30399007443 
1525.3683755169689 
1526.9437471412134 
1528.8123145538527 
1530.008745375368 
1531.331843025954 
1532.6566146003706 
1534.1785056968743 
1535.9514491042464 
1536.9513284005986 
1537.9591413678527 
1539.3150613232388 
1541.2168539186785 
1542.3055497040245 
1543.670777671 
1545.4194344313112 
1546.34632727763 
1547.4054809471627 
1548.9236639477347 
1550.619369540933 
1551.841691217786 
1552.795574994813 
1554.2112475785445 
1555.602870379133 
1556.6902676028421 
1557.7556350521784 
1558.9144310226834 
1559.909426705728 
1560.6245004103075 
1561.8078537255465 
1563.3918689535278 
1564.839184932917 
1566.0569965596048 
1567.3314591931899 
1568.3835709916434 
1569.8365293786578 
1571.1783723146068 
1572.8351700902922 
1573.876847437257 
1574.9607748022506 
1576.2259863264214 
1577.54306491083 
1579.3078589687493 
1580.473338382689 
1582.0428728055736 
1583.181800804141 
1584.6461411881253 
1586.2328388681615 
1587.4443772293803 
1588.4717653202406 
1590.0064311821595 
1591.1581185601249 
1592.2129477221936 
1593.5265258987042 
1594.6257183556588 
1596.1008403317485 
1597.2613053345653 
1598.2319604005718 
1599.7798370159117 
1601.087906785121 
1602.4218672820634 
1603.5459805219562 
1604.6898259899192 
1605.891852988276 
1606.8231788062308 
1608.0531483601915 
1609.2117665106482 
1609.9057192410091 
1611.1031462892865 
1612.3474146901945 
1612.8497176105743 
1614.3970567089918 
1614.983308157764 
1615.8631182267743 
1616.8666743774559 
1618.4844838836307 
1620.327787041511 
1621.5348856537378 
1622.8682940897745 
1623.935677574072 
1624.9963595590164 
1626.3071650460997 
1627.7998553961966 
1629.0362524051477 
1630.292047911813 
1631.2520308960245 
1632.4114228604126 
1633.6855260281327 
1635.1709708296619 
1636.1771293427598 
1637.6708505760757 
1638.9034955803436 
1640.5539200319197 
1641.6314661790636 
1642.8494725923015 
1643.7149522861916 
1644.6453522538295 
1645.7507354412883 
1646.9791402502478 
1648.1694479785608 
1649.7833594611348 
1651.1215376508471 
1652.431691660236 
1653.297392924597 
1654.2334185768514 
1655.190135706225 
1656.1311714565597 
1657.4225447154874 
1658.87099039492 
1659.9414732425248 
1661.3689761842231 
1662.1531568961195 
1663.5035846750502 
1664.6875308399942 
1665.8436453738361 
1666.4437629193962 
1667.5328733052982 
1668.4402693397767 
1669.8609675847968 
1671.2005073062699 
1672.6468702772345 
1673.6034495789618 
1675.1275135943952 
1676.5973015648551 
1678.2602344829884 
1679.3250147111924 
1680.7771260548193 
1681.8666187588685 
1683.238826236586 
1684.389832096874 
1685.55847390173 
1687.2625538320985 
1688.9192400098195 
1690.5587358282505 
1691.555625922496 
1692.3768259336377 
1693.251903574657 
1694.7252307685553 
1695.8887436376765 
1697.111422471386 
1698.5089645446524 
1699.7841808893836 
1700.7262368537097 
1701.590859448428 
1702.9078997311817 
1703.9497807934324 
1705.1541382496907 
1706.4338513336563 
1707.349850810135 
1708.5760363723716 
1709.9992696173586 
1710.8674833350838 
1712.200441757951 
