# "MSD"
0.0 
8.759636740606538 
18.421321502317756 
28.30518185517252 
38.291495516085504 
48.32225553222244 
58.351269083246365 
68.30769124538611 
78.28667566925898 
88.45527729155812 
98.53330172082886 
108.60173130353051 
118.71860962712165 
128.66760745733143 
138.59419359562355 
148.59313419137536 
158.66010465192247 
168.75151986823818 
178.79033483564365 
188.7834509381728 
198.91089251314253 
208.99287300397268 
219.19639607299024 
229.36717989954826 
239.44484325547575 
249.64170348410659 
259.78490477407064 
269.86088169887717 
279.9490803729694 
290.180819335367 
300.27016061207314 
310.44684624176637 
320.26995806058966 
330.39386492536227 
340.6408471459093 
350.95880151396443 
360.90557730920784 
370.95835497582357 
380.94937295524784 
391.02783809731955 
401.08560705970825 
411.12133605324436 
421.49119298387 
431.87387439525196 
442.1477712400496 
452.2981198035437 
462.33687953448106 
472.49123856642603 
482.52840728162994 
492.7483756440632 
503.0754694437424 
513.2672877179142 
523.3054083173176 
533.1702170265071 
543.3144990563552 
552.9770422918673 
563.0852332020369 
572.9295768286458 
582.8377039023334 
592.9289989440284 
602.4873696093676 
612.2621852161964 
622.04176454582 
631.8705661356544 
641.7865583635122 
651.6388934913185 
661.4986283701918 
671.5092023096474 
681.678303342998 
691.6772206604431 
701.6850647306954 
711.7733350775854 
721.6429979167256 
731.6087478175698 
741.4065856994138 
751.3961922495957 
761.1208695267975 
771.0996871953317 
781.0298600629955 
790.5103495646082 
800.3222474917635 
810.05219980394 
819.8562766249831 
829.5247773968865 
839.1819006855008 
848.9127405512962 
858.8106137590672 
868.3924656518044 
878.2657121316545 
887.9057431971056 
898.0023884417327 
907.8877295647013 
917.2397264450422 
926.9733981523358 
936.8847072558453 
946.6625541388053 
956.769544407633 
967.2055483271411 
976.850651216721 
986.6019639297123 
996.5433954481066 
1006.6111334010529 
1016.3871840642466 
1026.3640637313747 
1036.2416830239556 
1046.029501108557 
1055.3681878230825 
1064.852338311153 
1074.2351894309538 
1083.3675823763097 
1092.9391253800857 
1102.1309495693088 
1112.0975246985302 
1121.6405406760812 
1131.4799982109569 
1140.8951576395925 
1149.752896431275 
1159.0137349698264 
1168.06323598228 
1177.6531566778613 
1187.5505930582365 
1197.5127218991545 
1207.2779678602803 
1216.968028049301 
1226.2725331431755 
1235.4567209376548 
1244.8703030305921 
1254.5788853322963 
1263.9633938825532 
1273.7320936647516 
1283.3334798155918 
1292.8330919546813 
1301.202576307305 
1310.1537962774737 
1319.4420546074498 
1328.7167139700678 
1337.8378890833571 
1346.8540936323154 
1356.179083486074 
1365.7382079754607 
1374.8940907801948 
1384.2183409986592 
1394.0722890451439 
1403.3926322140169 
1412.839184878919 
1422.3179822699424 
1431.6631331333178 
1440.6452282336807 
1449.4347906496798 
1458.300378968293 
1467.034935864207 
1475.7497741835773 
1484.748248291534 
1493.5089415856278 
1502.6438297685615 
1511.8366506234609 
1520.8469720091696 
1529.230588833751 
1537.356545460026 
1545.983098875593 
1554.4959192352487 
1563.8643130757232 
1573.479262985932 
1582.287789888759 
1590.6928355298965 
1599.6687168177023 
1607.9362813841701 
1616.770311928984 
1625.7287064608543 
1634.7134135324088 
1643.0825999573142 
1652.4009301560454 
1661.7925153226947 
1670.6210613859034 
1679.5755673032947 
1688.3734044057246 
1697.1756321273788 
1706.0127684201796 
1714.9817670529924 
1724.6103650299171 
1733.8587283488855 
1743.143765287231 
1752.0851020200896 
1761.0811677519855 
1769.6261639662812 
1778.4027066414774 
1787.1690150931286 
1795.5263848386983 
1803.9671107828633 
1813.0684785902358 
1822.0729321323631 
1831.4894456121651 
1840.8115328774581 
1849.4107477820291 
1857.0968483365305 
1865.3095546635043 
1873.6089267136676 
1882.3813277493452 
1890.519608124162 
1899.6401371503573 
1908.3663091126325 
1917.2528067314702 
1925.885923724141 
1934.139606164181 
1942.9258691507796 
1951.8767433408402 
1960.3635530950774 
1969.206704778308 
1977.968145057381 
1986.7241804218836 
1995.117144728257 
2003.236995223571 
2011.69227353968 
2020.243695376644 
2029.2432653779374 
2037.9039549412125 
2046.0370645919202 
2054.50008587568 
2063.192473287893 
2072.0920644541507 
2080.5560865265343 
2089.3239287579745 
2097.3793716762952 
2105.3974421087423 
2113.5718059201154 
2121.905981873418 
2130.1579019016403 
2138.5429068337457 
2146.412207761968 
2153.509287815675 
2161.4237917877085 
2169.0152482191893 
2177.347584770029 
2185.303200087746 
2192.830696566494 
2200.932551246482 
2208.270419560764 
2216.4308894487544 
2224.9675770436943 
2233.4518623281742 
2241.4804507579624 
2249.58339816432 
2257.6667693229238 
2265.601572945809 
2273.924140412284 
2281.3185418716225 
2288.9164350742126 
2296.994693874219 
2304.488356061551 
2312.1906962754915 
2319.379072681924 
2327.878812956449 
2336.0845679581566 
2343.4132579833736 
2351.6646891617825 
2359.5936010779315 
2368.1528726220713 
2376.0846385695927 
2384.41874931583 
2392.3835850563105 
2399.969721460628 
2407.7421734830805 
2415.670642052781 
2423.820605406735 
2431.985502148188 
2439.7003280465983 
2447.7171226370165 
2455.0188211249697 
2462.032584713119 
2470.1847179675756 
2477.6344562646254 
2484.819685686296 
2492.0157784305275 
2498.674407456072 
2506.2030975483085 
2513.4987428598292 
2521.8750735552135 
2529.933773295245 
2537.324414948523 
2544.5386640058937 
2552.065667919835 
2559.169170762939 
2566.991855244571 
2574.7943554887115 
2582.2923504657597 
2589.2063343284544 
2596.100292138966 
2604.0427140132397 
2610.9700901620545 
2618.0492912474792 
2625.3151184214407 
2632.926567417001 
2640.4679715683324 
2647.4539095758423 
2655.041102519699 
2662.23433384602 
2670.2235503820843 
2677.7747816670385 
2684.6953746122745 
2691.744454672426 
2698.199449556893 
2705.5528386009423 
2712.632334895293 
2720.5798857245563 
2728.2414816548285 
2735.750665089445 
2742.702339149116 
2749.8334187333576 
2757.7064273730857 
2765.878387235473 
2773.222061470905 
2780.0634727423962 
2787.1539211122404 
2794.5095459670033 
2801.408262320008 
2808.4280280632697 
2814.949196573049 
2822.227839674124 
2828.692769999937 
2835.6635986574806 
2842.6340806430694 
2849.370193048571 
2856.369214212038 
2863.7832871109676 
2870.2986424634837 
2876.726855659568 
2883.0936833664964 
2890.203774377645 
2897.7760896158284 
2904.627880725389 
2910.759302562778 
2917.0878630090656 
2923.682395477376 
2930.958592652773 
2937.5515094181283 
2944.4383990016686 
2950.848751792152 
2957.9259358060553 
2964.816974089631 
2971.035470979495 
2977.9838447065786 
2985.1688016514167 
2992.2281302539113 
2999.355577033129 
3006.6459344706795 
3013.339588383732 
3019.781449909472 
3026.206834468128 
3033.202713429163 
3040.177475166518 
3046.704421906002 
3052.6593751157507 
3058.629272663619 
3064.72617056134 
3071.86016174473 
3079.375157610485 
3086.60136407031 
3094.240563286441 
3100.0138312247336 
3106.322155465418 
3112.9634019455057 
3119.783416090094 
3126.8479493908058 
3133.416086836272 
3139.058019242423 
3145.3722575377706 
3151.4016667306832 
3157.107519838093 
3163.037337581187 
3168.9973735581266 
3176.1559243951283 
3182.5790962582955 
3188.671723919812 
3195.4952374212235 
3201.8887252718746 
3208.1199957710705 
3213.5316091457084 
3220.155624418724 
3226.536563336756 
3233.1098999590804 
3239.407650209393 
3245.668317769046 
3251.7857523760285 
3258.104023262314 
3265.264406092644 
3271.531976829177 
3277.3594405171443 
3282.2181180012426 
3287.9912187083005 
3294.0841972888406 
3300.60364632158 
3306.769677067912 
3313.376097355722 
3319.48338228134 
3325.8633164323396 
3331.9125616324677 
3338.198374896524 
3344.8915147482135 
3351.476878467153 
3357.4767253649966 
3363.0316686222136 
3368.070196450683 
3372.8624917233515 
3377.8878961772775 
3382.7710997932654 
3387.0904311896766 
3392.2789037778884 
3398.543447771017 
3404.358587380801 
3409.8926366416963 
3415.9997387177696 
3421.1500395436124 
3426.627632158913 
3431.243907943859 
3436.7235658472573 
3441.7683585786203 
3447.454317040568 
3453.4271290573006 
3458.6932667934984 
3463.6789754781116 
3468.6966641458366 
3473.9542819214653 
3479.0794815264526 
3483.701228760104 
3489.0351035722374 
3494.4033565537734 
3500.278201047047 
3506.7100711382536 
3512.8227905718586 
3518.144781930696 
3524.272285694017 
3529.732028106878 
3535.1873193531305 
3540.063989460204 
3545.455427593445 
3550.1801373821277 
3555.167129406057 
3560.6447134226823 
3565.4971378623854 
3570.053142510213 
3574.8854353744946 
3579.3433508131006 
3585.7392603396806 
3590.9555948538323 
3596.127375403044 
3601.6073364657177 
3606.3090583802805 
3610.9489092580216 
3615.7506553140256 
3620.0981213117134 
3625.7852419213436 
3630.6927332330442 
3636.394979465346 
3642.1867891143124 
3647.4382776472607 
3653.029363255563 
3657.4367045165714 
3662.085694509397 
3667.3866506740237 
3672.5524153401307 
3678.0221987349396 
3681.8702258376925 
3687.1818184865224 
3691.5725778932597 
3696.361081526441 
3701.596235185018 
3706.6646785608286 
3712.1793593707303 
3717.4284524552277 
3721.8001860930135 
3726.6567736950064 
3731.3853196484165 
3736.416024723076 
3740.9989320483837 
3746.348780811844 
3751.163693490372 
3756.0401544214415 
3760.178829392522 
3765.00849881538 
3770.013514130173 
3773.656549236346 
3778.403413810122 
3783.3221552624564 
3788.155927131366 
3793.2810152415263 
3798.622676882228 
3803.5596738031218 
3808.4230231582774 
3813.679671083531 
3817.9549778387295 
3822.7896337532966 
3827.124566013149 
3832.254887136795 
3836.6901036635663 
3841.070379728617 
3845.369023221135 
3849.7151893322675 
3853.7495070981595 
3857.32750763625 
3861.924944692842 
3866.035245961958 
3870.434306926993 
3874.618030374603 
3879.3775052210876 
3883.6805238638904 
3888.388029944936 
3892.2901988918816 
3896.0506109438393 
3900.274074346776 
3904.366336517998 
3909.1848884074243 
3913.9450598373764 
3918.47838052517 
3923.2022270963357 
3927.831600850857 
3932.713072711746 
3936.2581775981303 
3939.7871108385543 
3943.7939476361994 
3948.535551321282 
3952.6324488152422 
3956.9540993100536 
3961.043106691547 
3966.124529880335 
3970.8059929050582 
3974.64428430384 
3977.9345585340207 
3982.3965937730186 
3986.4620875375203 
3990.293699505059 
3994.5854616949728 
3998.0548500727664 
4002.452070704835 
4006.629880920905 
4010.443708314916 
4014.939582823344 
4018.7278190255906 
4022.5106601459315 
4025.987942032928 
4029.38060665628 
4033.139945170826 
4037.208036429061 
4041.1791497235617 
4045.600292982778 
4049.8233590154814 
4053.993751966251 
4057.7291788922926 
4061.357346488664 
4066.015614633689 
4070.619145925101 
4074.4103350857445 
4077.4743843343044 
4081.0307108196057 
4083.9781537104454 
4087.9152148349144 
4091.7873194719755 
4095.7408348622985 
4099.823150640271 
4103.436466229284 
4107.701634252821 
4111.49348007931 
4115.864870012446 
4119.80513916324 
4123.7210683647345 
4128.347039414901 
4132.5270576988805 
4136.268999066716 
4139.993081304842 
4143.180540665203 
4146.7607595182835 
4150.275525284115 
4154.127628778731 
4158.141617729853 
4162.320914742228 
4166.611327791018 
4169.923905413791 
4173.311173713936 
4176.800825479367 
4180.202462881949 
4183.346946862628 
4187.32748072474 
4190.33512597066 
4194.013997339296 
4197.677893449657 
4200.60134680233 
4204.058039093794 
4207.722997393824 
4211.06536567819 
4214.423492868326 
4218.221271806962 
4222.806440867486 
4226.412115070074 
4230.628186018508 
4234.12980093328 
4237.589429495485 
4240.85326755061 
4244.160546894138 
4248.08041139827 
4251.3585687877585 
4254.784162748468 
4258.019374226283 
4261.126672729266 
4265.128200505719 
4268.2048410397765 
4271.522465127929 
4274.967403190588 
4278.993494691155 
4282.598609052624 
4286.47711703044 
4289.711231959169 
4293.401553319768 
4296.56964715585 
4299.639191525408 
4302.771444097205 
4305.745832192989 
4309.014277507053 
4312.496340293572 
4315.6862592739835 
4318.367903275892 
4321.360956526058 
4324.809928362645 
4327.63131324808 
4330.412762784024 
4334.013793990385 
4336.841122028717 
4339.711629029543 
4342.613946044329 
4345.823084017098 
4348.681152842295 
4352.293907444978 
4355.508631882643 
4359.212617325142 
4362.313982163039 
4364.945890166906 
4367.348525533814 
4370.494335315564 
4373.118766828644 
4376.583486147478 
4379.544086273813 
4382.5924776862 
4385.293199587693 
4388.440019260043 
4391.829344181249 
4395.695226008292 
4398.665753847968 
4401.387585089266 
4404.444089496485 
4407.691224984232 
4410.42952828032 
4413.593982824065 
4417.314183849166 
4420.354510749971 
4423.083679183119 
4426.589274335412 
4428.572553469379 
4431.508054090095 
4434.369250653817 
4437.258223679189 
4439.723320644955 
4442.887740659302 
4445.502726700739 
4448.318668714625 
4450.787222575117 
4454.063362044292 
4457.297654146073 
4460.606281384826 
4463.952931315671 
4467.163572883333 
4469.665250018149 
4471.892173743406 
4474.191295268804 
4477.036604362348 
4479.858393134621 
4482.748612585705 
4485.67926407864 
4488.306636982715 
4491.185931990991 
4494.428627570965 
4497.230526951541 
4500.159186807147 
4502.763472048704 
4506.154090852707 
4509.462715431429 
4511.967909188509 
4514.321888656499 
4517.287819674668 
4519.565452183284 
4522.1831082854105 
4524.833472538466 
4527.776747725514 
4530.883031322151 
4533.301288543497 
4536.363364450868 
4539.457826851264 
4542.090668415568 
4544.796445448642 
4547.47699847271 
4550.255831656536 
4553.040174566004 
4555.767966164078 
4558.3502108450575 
4561.252965331596 
4564.556096018543 
4567.432816704805 
4569.984943321284 
4572.757912393471 
4575.559934774736 
4579.573707003696 
4582.2150122134335 
4584.675955702993 
4587.358270632252 
4589.355671525035 
4591.695840317072 
4593.933215493075 
4596.940168818203 
4599.565879541944 
4602.024440197495 
4604.841184905823 
4608.091647364952 
4610.46339904894 
4613.019739532194 
4615.553093747219 
4617.987538289314 
4620.91301708662 
4623.434631347694 
4626.402936649509 
4628.872269227763 
4631.0647730391765 
4633.450306032285 
4635.691539653855 
4638.644573559629 
4641.135305448149 
4642.819549042901 
4645.318440808774 
4647.609725214692 
4650.41772929155 
4652.474737171385 
4654.648851032143 
4656.596073931702 
4659.187049134152 
4661.326899562402 
4662.936486142307 
4665.304280148225 
4667.701170708091 
4670.165614967283 
4672.315887799166 
4674.773682718665 
4676.605039363656 
4678.878971566494 
4680.926364833381 
4682.616819637061 
4685.851914546245 
4688.392091389389 
4690.637999848283 
4692.532372506327 
4694.5363186199775 
4696.526057613326 
4698.036061742108 
4700.73023978981 
4703.154916491951 
4705.59826652432 
4707.89074847082 
4709.793170727123 
4712.374282391071 
4714.384363262962 
4716.7202212310385 
4719.044421609751 
4720.579164864892 
4722.422524140288 
4724.272897886106 
4726.687225655137 
4728.778449716338 
4730.837828256719 
4733.305040578143 
4735.097715919 
4737.453298743898 
4739.20697854947 
4741.104259280682 
4743.517888875221 
4745.355188483893 
4747.801960937832 
4750.497629826235 
4752.620666554309 
4755.205034620334 
4756.887294671077 
4758.730189304339 
4760.866430643543 
4763.780037328163 
4765.5461072156195 
4767.464069804223 
4769.394865824282 
4771.528558402042 
4773.4026799826 
4776.039730382384 
4778.283659011901 
4780.705257008657 
4782.758994861107 
4785.111939809857 
4787.211162025643 
4789.037160110071 
4791.203589960617 
4794.208024166094 
4796.374405410073 
4798.9763816203895 
4801.111212285847 
4803.112550286301 
4805.684675068958 
4807.726034877309 
4810.1775265552715 
4812.161470993969 
4813.929503982653 
4815.540642214238 
4817.075210949648 
4818.740210938119 
4820.609986196416 
4822.778584761825 
4824.786373342007 
4826.594843572774 
4828.850346880046 
4830.779871379487 
4833.037716267475 
4834.885898168838 
4836.329092357977 
4838.500294796678 
4840.516774633282 
4842.477237435163 
4844.144828428932 
4846.437907111631 
4848.812712335067 
4850.70784711925 
4852.440857443529 
4854.301393755013 
4856.205892218867 
4858.313121277821 
4859.684969313752 
4861.053866919706 
4862.53953357828 
4864.623422361291 
4866.25691533063 
4867.676585586871 
4869.937984022314 
4872.000746291699 
4873.097776842005 
4874.57761280784 
4876.72579655535 
4878.227881357684 
4879.773991950104 
4880.926178493981 
4882.372047009189 
4884.555728345251 
4886.286693190385 
4887.754940730176 
4890.063758412372 
4892.175062451832 
4893.370653191401 
4895.1266943340715 
4896.553572358199 
4897.631171521087 
4900.417066526731 
4901.821883327741 
4903.588994545511 
4905.230039089654 
4906.459097347574 
4907.411620525603 
4909.114443208629 
4910.76284064784 
4912.928127006635 
4914.868254903949 
4916.749553660187 
4918.978346186597 
4921.260988505922 
4922.621950274153 
4923.600868939115 
4925.856323419519 
4927.902076201859 
4929.432556732581 
4931.204738891449 
4932.604300788551 
4934.758886696606 
4936.117809440089 
4938.571329801395 
4939.9418785083435 
4941.461540685854 
4943.244713533189 
4944.501192626189 
4946.564271608841 
4948.952603672466 
4950.4644576877345 
4951.7248235806765 
4953.528043641675 
4955.298079372007 
4957.120855633981 
4958.78517271985 
4960.431972924691 
4962.842895362256 
4964.372431552654 
4966.288949374803 
4967.88034499839 
4969.06552616851 
4970.777216498088 
4972.4320516194975 
4973.893495373632 
4975.196359203444 
4976.269061497367 
4977.9322923648 
4979.041892934286 
4980.4307965290145 
4982.1980819292085 
4984.161132878646 
4985.739815060681 
4986.928801427684 
4988.4171581275405 
4990.134917368088 
4992.186455744912 
4993.671462579915 
4995.0456372280405 
4996.767443761316 
4997.735819569587 
4999.391466720302 
5000.668050046197 
5001.141551188706 
5003.010340579404 
5004.50388841967 
5006.455826624286 
5007.991570863869 
5009.885437825105 
5012.163718885249 
5013.290753861401 
5015.133339494449 
5015.827804218961 
5016.804955732906 
5018.591603909288 
5019.763948400624 
5021.699095964714 
5022.381244223989 
5024.157573133749 
5025.419947279962 
5026.964471804556 
5028.648891021861 
5030.142943368615 
5031.657236322047 
5033.151195303031 
5034.14969527585 
5035.816233033886 
5037.060249620186 
5037.8130051485505 
5039.249924287394 
5040.970659766606 
5041.995845181579 
5043.195578597482 
5044.237548028866 
5045.835675020547 
5046.836627628611 
5047.582203939672 
5048.771387806197 
5050.08505151631 
5051.564718632659 
5052.758442433777 
5053.573334569134 
5054.927514216447 
5056.1349399539085 
5057.083693841855 
5058.051844167699 
5059.599212388671 
5061.071771136421 
5061.89077165993 
5063.976591054902 
5064.9344774820765 
5066.10144558522 
5067.609762429599 
5068.948754105677 
5070.910239989037 
5072.229863653715 
5073.438105069934 
5074.071196045743 
5075.3003944608545 
5076.93373785878 
5078.128687797714 
5079.476247945696 
5081.177015369831 
5082.646027958108 
5083.538372428906 
5084.867450866215 
5086.021155935433 
5087.063395304576 
5088.803347589031 
5090.287974259279 
5091.652449514063 
5092.5213184187005 
5093.851579647566 
5094.793900885775 
5096.080321449062 
5097.493973499363 
5098.879761414366 
5100.288395867585 
5101.118334078679 
5102.146116494811 
5102.887987233096 
5104.638925725989 
5105.504478801455 
5106.7835504957475 
