# "MSD"
0.0 
12.109634840726164 
24.98431339479616 
38.06405813340204 
51.164040667594534 
64.42062068461914 
77.50661921291176 
90.62481579606941 
103.7661766869051 
117.00920393239458 
130.26063272976015 
143.2931179629347 
156.4175794668594 
169.7282722388287 
182.91186537256075 
196.28149121983577 
209.41031661738455 
222.8596239550767 
235.881968915555 
248.96264087666947 
262.20623190995667 
275.42215205435264 
288.765546064751 
301.9387560372898 
314.9790707045848 
328.088367395308 
341.36753131958005 
354.4521363889952 
367.48587701825136 
380.737570417276 
393.648850635785 
406.76982673982496 
419.8506639750883 
432.9865949605966 
446.28740614200063 
459.4846639745169 
472.5124036072302 
485.6320812299713 
498.9243413780077 
511.84170706538316 
525.241081706494 
538.6628311794948 
551.8875608069251 
565.0162441282248 
577.8834876290147 
590.9557970586368 
603.9322529949886 
617.239551841102 
630.3083463951531 
643.5594118352692 
656.8441882392732 
670.055207145885 
683.4221605339711 
696.2780350182628 
709.4507801874419 
722.3312516741507 
735.5470077783554 
748.2873348334649 
761.2314000223987 
773.4426082467227 
785.7339392294489 
798.3968695539934 
811.2727114907127 
824.2949807255368 
837.1943726999128 
850.238707535931 
863.395623434384 
875.978214256953 
888.9038974771876 
901.9245237719578 
914.4743151844394 
927.631916943156 
940.8291437835308 
953.8571864252013 
966.659845661716 
979.4824957620988 
991.722550209041 
1004.4084010347243 
1017.3441696936553 
1029.6209867680986 
1041.961273898739 
1054.422160225807 
1066.697929229762 
1079.3475843574752 
1091.6802271763356 
1103.8113843410244 
1116.1470891008123 
1128.8008250336597 
1141.6069338755417 
1154.3570736150057 
1166.9475143376067 
1179.3825205608027 
1192.0062626849983 
1204.625501935173 
1217.760101161513 
1230.5122967336674 
1243.442161877021 
1256.38958609998 
1269.0358819938235 
1281.3648177323355 
1293.9747077536974 
1306.7975721106086 
1319.7672394907704 
1332.2067224351695 
1345.0548530229703 
1356.9385891697275 
1369.019030402556 
1381.5893354937036 
1393.4296206262552 
1405.4138333852309 
1417.6402748685127 
1429.7646920042325 
1442.1899530549258 
1454.7601895846183 
1467.2684424858835 
1479.005736842303 
1490.568865727166 
1502.7979214837558 
1514.7376822649367 
1527.0003296273671 
1539.073258098927 
1551.0341630489513 
1563.241539096993 
1575.061320706405 
1587.2731989048718 
1599.7224806354855 
1611.9987458587943 
1624.4774562011714 
1636.510811113356 
1648.1491766313093 
1659.9409686204363 
1671.6698849033041 
1682.8016607093698 
1694.5050807010923 
1706.1818808470898 
1718.3466926520434 
1729.7221174045387 
1741.9291815173972 
1753.8962926398995 
1765.728101511454 
1776.670574304938 
1788.6292088097755 
1800.8446920722122 
1812.9064175754654 
1824.1888435961434 
1836.4385973402086 
1848.0381035148382 
1859.002066824848 
1870.2344268347256 
1881.567106034456 
1892.597748032389 
1903.7748429594524 
1915.0629855309764 
1926.3942806255586 
1937.79048083656 
1949.2564109372095 
1960.638899033315 
1972.0099807397748 
1982.914962908679 
1993.7697432083266 
2005.2467800435238 
2016.6973070012864 
2028.2176146878912 
2040.0118766025862 
2050.8946344656288 
2062.0169273388 
2072.940218227898 
2084.2152289107794 
2095.622973785987 
2106.284766629951 
2116.954323670555 
2127.9253620843683 
2139.160112423485 
2149.853257274216 
2160.387502032349 
2171.381635709007 
2182.470486658494 
2194.188817937217 
2205.170652002057 
2216.4537779602642 
2227.7950024212732 
2239.3058534519514 
2250.867806492966 
2261.3381515111823 
2272.8406916318568 
2283.5355943731747 
2294.6690326849475 
2305.170322330922 
2316.0654880541697 
2326.163943373563 
2337.089690343826 
2348.3451315928187 
2359.353308697802 
2370.3403355805785 
2380.651836208713 
2390.801367256187 
2401.4277576073428 
2412.2937129354245 
2423.16767904602 
2433.9224018629643 
2444.61227919477 
2455.151709795987 
2466.196460700171 
2477.2011539248033 
2487.6625700095715 
2498.012020937674 
2509.3719386579405 
2519.749583650552 
2530.9514864901234 
2541.1949350338423 
2551.282641467121 
2561.535468384062 
2571.4145500915033 
2582.1973276689882 
2592.3016086967964 
2602.831938425573 
2612.900411315343 
2622.0161321367145 
2632.5437296648424 
2642.496527396285 
2652.535583882586 
2662.6284123160112 
2672.0036544484656 
2681.950449571915 
2692.3284573937162 
2702.693444210622 
2713.114199271243 
2722.5544870158183 
2731.7013893531303 
2740.6253084756227 
2750.22561573604 
2759.0510208148326 
2768.3586487146563 
2777.629263375248 
2787.254527592588 
2796.5583118200284 
2805.4714664058192 
2814.9818589132115 
2824.5261016372256 
2833.8881665337176 
2843.2892327950112 
2853.2783873008784 
2862.518502860614 
2872.0311705823055 
2880.603610083776 
2889.8782270705306 
2899.19310875458 
2907.961851868747 
2917.4344172990645 
2927.091395635554 
2936.2162318946216 
2945.3640850019538 
2954.7880994517177 
2963.303209536984 
2972.485752068605 
2982.034180836758 
2991.400729927324 
3001.0391299295616 
3010.5909620745842 
3019.8248022586768 
3028.9691305527745 
3036.9575717151847 
3044.8155382112395 
3053.3312946471187 
3062.9387809806535 
3072.290019252248 
3081.5334569910083 
3090.0079114414043 
3098.178814398793 
3106.7551684059763 
3115.398552391979 
3123.9047070131305 
3131.876254124806 
3140.591311915269 
3149.2482366165473 
3157.3324968523775 
3165.773174136659 
3174.068626860518 
3182.037457479405 
3190.3317158981467 
3198.3249569683853 
3206.0778141458427 
3215.1261836195326 
3223.9088561906005 
3232.5299589970996 
3240.767176311788 
3248.5842813636414 
3257.1182615898515 
3265.2819021699274 
3272.8874746164547 
3280.7545070178103 
3288.2529861489984 
3296.4750250893176 
3305.849974112291 
3314.4514431519437 
3323.2540037540452 
3331.6085426175705 
3339.7042855568 
3348.00101947004 
3355.739953914135 
3363.16263516205 
3371.1994701045223 
3379.588301569942 
3387.228405273213 
3394.799384188275 
3403.1136862950184 
3411.5323292347066 
3419.54338504481 
3427.8211356238767 
3436.7665966973545 
3444.479826730137 
3453.2711095896425 
3461.3721074554014 
3469.6513888477803 
3477.5172329036764 
3484.9448869379407 
3493.032913883562 
3500.2777307082642 
3508.274214427219 
3515.246313071158 
3522.838997704589 
3530.8520550683534 
3539.282615478074 
3547.55690032097 
3555.3548994078797 
3562.0375847796727 
3568.7078401729386 
3575.4602036529795 
3582.557394282176 
3589.8758642339517 
3598.2091789962315 
3605.328261809867 
3611.665263804152 
3619.4987916404884 
3626.6656936854097 
3633.551246464686 
3640.127516214184 
3646.7222441128065 
3653.3565239120694 
3660.773105849932 
3668.0354800077057 
3675.7691842998815 
3682.302129278615 
3690.0842519994508 
3697.906385618411 
3704.5878178418784 
3711.583671942857 
3719.4100843750925 
3726.5970921092166 
3733.3962343933913 
3740.1686596896843 
3746.554458526398 
3753.5975727383197 
3760.2887129947867 
3767.3270774989683 
3775.408370857589 
3782.779880783707 
3789.517359308796 
3796.3101468726027 
3802.674122840329 
3809.432580629047 
3816.142563018609 
3823.199104030542 
3829.7553580973945 
3835.5308618842973 
3842.3532812340613 
3848.8095315920436 
3854.8715491395774 
3861.3629276302922 
3867.7956497730765 
3874.6601262316776 
3881.765807309282 
3887.9701539426633 
3893.997903332409 
3900.5799810188546 
3907.0447462689244 
3912.9560622887648 
3920.103021648496 
3926.707333527753 
3933.9198419264226 
3940.85807384053 
3946.7111833873155 
3953.8327463826568 
3960.5104290209206 
3966.970394487732 
3973.816086053144 
3980.999412596252 
3987.2083086841167 
3993.3331734021253 
3999.6064088814387 
4005.849707705345 
4012.524515336309 
4020.070916686112 
4026.529810236604 
4033.7089740205774 
4040.2696138014967 
4047.325178419563 
4052.9527519151306 
4059.3990829330796 
4066.3873995872436 
4072.1692146427295 
4076.8151481622435 
4081.225546465598 
4086.5305998865674 
4091.7138209286804 
4097.372948820518 
4102.940089449654 
4108.727763403392 
4114.270745519911 
4120.435248025216 
4126.197102640724 
4131.842965079473 
4136.861703024192 
4141.80206343297 
4147.995638202054 
4153.136690634097 
4158.5816791619545 
4164.103701391414 
4170.093413643299 
4175.588980019421 
4180.147915736681 
4185.7663793634765 
4190.8201449428 
4195.366015004348 
4200.750294360775 
4206.193131166744 
4210.684726460775 
4216.065621705167 
4221.471489682218 
4227.081369361769 
4232.866711137819 
4238.287820736459 
4244.190368877067 
4250.33590162177 
4254.912744891107 
4259.472423294362 
4264.853539068186 
4269.577163302285 
4273.906038828782 
4278.671582024123 
4283.223951518834 
4287.8577451417605 
4293.2822814909005 
4298.384657936822 
4303.99854728214 
4308.835784006423 
4314.83120558766 
4320.145699477521 
4324.9498411022405 
4329.988695360043 
4335.07117072778 
4339.868395186895 
4345.217347441457 
4350.436709804623 
4355.773997762946 
4360.246281113465 
4364.785257212008 
4368.742889541879 
4373.914567757721 
4379.062488264705 
4383.832983582201 
4388.03297603544 
4392.88130701625 
4398.171835380777 
4402.945900580811 
4407.293428122179 
4411.426411143788 
4416.083266983705 
4421.807304953428 
4425.678257907421 
4430.189490231175 
4435.926428533424 
4439.670430500302 
4443.362725171536 
4448.017963673282 
4452.066282285044 
4456.75713166541 
4461.6572547453325 
4466.079176892519 
4470.613992334179 
4474.732464225151 
4479.178297951387 
4483.958382415785 
4488.481055525702 
4492.6567160448685 
4497.643404705954 
4501.214618008841 
4506.375182673533 
4510.621658442393 
4515.0627800884995 
4518.911064395434 
4523.973306711531 
4527.942416417818 
4531.785366713988 
4536.493250190728 
4539.814065658823 
4544.178410504355 
4548.924327800538 
4552.955239347499 
4557.126997177278 
4561.110297403707 
4565.176641572305 
4569.219300488363 
4572.9950325126965 
4576.350819764245 
4579.684994519594 
4583.461665211105 
4587.150354606163 
4591.522660289009 
4595.669966056168 
4600.106727319606 
4604.03443307448 
4608.013710696326 
4612.626104740254 
4617.184671495686 
4621.561447190395 
4624.6820649648635 
4629.031483228291 
4633.120167166779 
4637.6468385804565 
4641.67306306534 
4644.341035594064 
4648.216830756249 
4652.501355383018 
4656.096628609266 
4660.081928788834 
4664.465006321312 
4668.281278419326 
4672.456865588831 
4677.361169415403 
4681.531077862804 
4684.871215428997 
4688.539123002189 
4692.288526555266 
4696.00574589055 
4698.8890423360535 
4702.836483098068 
4705.736857831962 
4709.228641427521 
4712.542739911348 
4715.798203425403 
4719.709480105243 
4723.249650037672 
4726.88060264106 
4730.319086150869 
4733.472417152501 
4737.615830030257 
4740.973576802299 
4744.557650467149 
4748.748528272756 
4751.773382328477 
4755.764154032522 
4759.050394237741 
4762.0977706406065 
4766.4826779465475 
4769.931958282539 
4773.340427959558 
4776.348086655843 
4779.065615044864 
4782.271890286456 
4786.391919248209 
4789.790679387578 
4792.56723304612 
4795.350146579982 
4798.778246258354 
4802.667545596301 
4805.692674562023 
4808.998219994536 
4811.992085785834 
4815.381277840559 
4819.0349447460685 
4822.8643298317065 
4825.833363607567 
4829.436184695981 
4832.447635262523 
4835.523440522479 
4838.924451256609 
4842.274074869459 
4845.893427523372 
4849.551233379636 
4852.5036765687055 
4855.88302964598 
4859.049122522504 
4862.021963510218 
4864.6291694663705 
4868.041016503028 
4871.307224986872 
4874.0440543276145 
4876.108242695687 
4878.607929810296 
4882.519188267767 
4884.9265597874855 
4888.450400374213 
4891.902666024586 
4895.020161712934 
4897.644713338372 
4901.333111096257 
4904.445498544523 
4907.864292446925 
4911.178041863599 
4914.263180834224 
4917.708028804194 
4920.862738871122 
4923.977267777992 
4926.6374548006115 
4929.567870265417 
4932.88613576557 
4935.3932527325205 
4938.406788607526 
4941.247812742932 
4944.30000737315 
4946.869327207925 
4949.801593471346 
4952.7401036521915 
4956.194504147806 
4959.121946004501 
4961.806214204976 
4965.082832845564 
4967.899967476485 
4970.895741156551 
4973.4592667053 
4976.01626431996 
4978.589625396709 
4981.39396181031 
4984.220567243846 
4987.3254778272185 
4989.663175486515 
4992.239200086276 
4995.156200417986 
4998.223253853431 
5001.14701866834 
5004.126089550411 
5007.101899844269 
5009.747280157024 
5012.405509553474 
5015.536512742024 
5018.261554915713 
5020.80524686283 
5023.38450059676 
5026.759161620033 
5029.316796314861 
5031.951326168931 
5034.410540403493 
5037.24386955496 
5039.834412845627 
5042.130817212086 
5044.921050303523 
5047.049547818586 
5049.200926029888 
5052.246595046074 
5054.91898055353 
5057.600894740503 
5059.813931855168 
5062.126717037594 
5064.936491918171 
5068.5293194025335 
5071.10169002909 
5073.773788882178 
5076.0676950122825 
5078.127777520843 
5080.56561953484 
5083.0686220759 
5084.979873680319 
5087.181767289067 
5090.245320844011 
5092.7680777389005 
5095.598152023976 
5098.780835989245 
5100.825566462627 
5103.45298841761 
5106.581956180102 
5108.771096881313 
5110.524717749487 
5113.057471170943 
5115.583535187182 
5117.761106652806 
5119.85733611913 
5121.595293028604 
5123.902175530912 
5126.146155994743 
5128.700831247168 
5131.168175593162 
5133.74244391464 
5136.059173608515 
5138.62840862248 
5140.736591984768 
5142.932381671453 
5145.040668548203 
5146.744341710606 
5149.276081216376 
5150.9062281552415 
5153.6106274694 
5155.810388904062 
5158.444009163344 
5160.460051917654 
5162.844858969394 
5165.44042338667 
5167.148903919756 
5169.06988003515 
5171.066909464719 
5173.099627735082 
5174.754005863058 
5177.197398657382 
5180.49249013997 
5182.039222924664 
5184.059212305074 
5185.886878671969 
5188.771858032565 
5191.154738748634 
5193.375380138542 
5194.913123235515 
5196.367963452526 
5198.919884127836 
5201.065994793739 
5203.214406849025 
5205.962009042166 
5206.998740802732 
5209.038157218479 
5211.31137776234 
5213.287054481042 
5215.783851910166 
5218.0261746996985 
5219.217908119189 
5221.392669370952 
5223.473150108979 
5225.850360544091 
5228.173833252134 
5230.126620252919 
5231.937428805837 
5234.452283017453 
5237.172531459821 
5239.5026052265475 
5241.349866774929 
5243.622197357782 
5245.2343842685705 
5246.610190217724 
5248.6125221530165 
5250.225706071995 
5251.725455587818 
5253.815134841098 
5255.447563961468 
5257.328142253558 
5259.307060771115 
5261.23523007236 
5263.679106960986 
5265.83739667566 
5267.925956282643 
5269.9461180673925 
5271.975292737759 
5273.248389689434 
5274.945386541283 
5276.593495747023 
5278.3974138778585 
5280.25854614734 
5282.105907206778 
5283.652908237859 
5284.855891316685 
5286.4148505215 
5288.397052585866 
5290.455926062493 
5291.8615482961895 
5293.5357576517345 
5295.810602163886 
5297.555517237902 
5299.820280388425 
5301.717663359839 
5303.219834286023 
5305.295963909477 
5307.449698623764 
5309.479802238415 
5310.924867075497 
5312.97845611281 
5314.8830804472655 
5316.368805216836 
5318.096943348387 
5320.332348944223 
5321.643996083888 
5323.257887673136 
5325.338530186099 
5326.944315831675 
5328.80989579103 
5330.787671987878 
5332.637525972149 
5334.299159280359 
5335.7954903326845 
5336.982741547346 
5338.505385158256 
5339.804451135479 
5341.179284371742 
5342.574092612482 
5344.053380749734 
5345.747486979865 
5347.797148026522 
5349.829089386572 
5350.821073551723 
5352.195830801647 
5353.284385570781 
5354.615378906798 
5356.206298500852 
5357.42223530588 
5358.917048914322 
5360.685493193009 
5362.148215727283 
5363.844077908344 
5365.427667706591 
5367.157508313173 
5368.750357725733 
5370.1596892882135 
5371.460792113271 
5373.035496180036 
5374.423709497638 
5376.236023605269 
5377.683549830853 
5378.91678355361 
5380.728387145068 
5381.93924086986 
5383.187830425479 
5384.225138479291 
5385.019910760503 
5386.062518223796 
5387.687656398397 
5389.249043582742 
5391.410956717381 
5392.847644454978 
5393.732996318755 
5395.415832908017 
5396.658809192037 
5398.194042602127 
5400.049647131148 
5401.788947266687 
5403.494187911093 
5405.812579411642 
5407.725849746699 
5408.731963187937 
5410.495088659594 
5412.222580697031 
5413.432991674401 
5415.266898804411 
5416.677244092645 
5417.209318584904 
5419.260847004886 
5420.195178553252 
5421.415828716293 
5422.480108634041 
5424.506107152906 
5425.562795583457 
5427.2208040539035 
5428.328557572683 
5428.77751605181 
5430.264043733162 
5431.963229608855 
5432.718945287104 
5434.104980695887 
5435.261566408933 
5436.172658466303 
5437.422924584255 
5437.931827598491 
5438.72315464051 
5439.672083228551 
5440.949682633176 
5442.746373038884 
5443.987798004962 
5444.96799763171 
5446.239394716307 
5448.122362493547 
5449.414985671619 
5450.917152038438 
5451.874944786424 
5452.455012738954 
5453.616781034536 
5454.785764813686 
5455.744046337128 
5457.202147456256 
5458.631425976217 
5459.210424649552 
5460.057488411261 
5461.292292911983 
5462.942732694474 
5463.751081503113 
5464.985971048127 
5466.275418380851 
5467.130113420882 
5468.387302739362 
5468.778911702091 
5469.796462467656 
5470.377645888476 
5471.978650964373 
5473.985826121989 
5474.6025280357635 
5475.69908119552 
5477.317852338323 
5478.755699661151 
5480.227884939551 
5481.223317210226 
5482.241637046304 
5483.263390982338 
5484.219296066486 
5485.631255233463 
5486.568694300072 
5487.224513757809 
5488.509797785337 
5489.572887623769 
5490.584367693473 
5491.341889131088 
5492.465181554407 
5493.23748221944 
5494.999888903297 
5495.939893805657 
5496.665815093879 
5497.938164951079 
5499.01263332957 
5499.6325634023615 
5500.829439671412 
5501.375569917659 
5502.4909493282785 
5503.27861820058 
5504.6259020406305 
5505.979995087708 
5506.811074682253 
5507.721460031159 
5508.194887967392 
5509.086638272011 
5509.93943606918 
5511.201136029617 
5512.167541046108 
5513.382190260285 
5513.942649811292 
5514.506297191732 
5515.495936064565 
5516.509692943161 
5517.475285763019 
5518.4000249127175 
5518.981122638618 
5519.910426646087 
5520.740309296112 
5522.146863839405 
5522.823282281249 
5523.7335362089 
5525.365732933213 
5526.486973981665 
5527.179235562603 
5528.124914364384 
5529.359637037717 
5530.021435582394 
5531.041075766709 
5532.362200411459 
5532.819703791561 
5534.2520848953645 
5535.3688123188385 
5536.515827148024 
5537.081396724741 
5538.088825093424 
5538.590325093959 
5539.225001550911 
5540.651268922238 
5541.958402241121 
5542.475419653076 
5543.320268759429 
5543.7466070203645 
5544.64338600699 
5545.539839587986 
5547.001421033578 
5547.952897250911 
5549.208665507609 
5549.545658200922 
5550.019302352495 
5550.529195384289 
5551.832939168767 
5552.726501778762 
5553.4535789977035 
5554.232845221838 
5554.976121443003 
5556.171402142268 
5557.317532245644 
5557.981252157568 
5558.5759343385325 
5558.877699734721 
5559.6711006515125 
5560.250925060702 
5560.832515609648 
5561.600594612151 
5562.312608079372 
5562.7900675445535 
5563.832865398183 
5564.45620976157 
5565.733013751434 
5566.142168185671 
5566.785230940358 
5567.4155853405 
5568.05267297374 
5569.0441329919795 
5569.48810230501 
5570.196763625229 
5571.083356123346 
5572.153590873859 
5573.095257633126 
5573.8607979528315 
5574.8577167882095 
5575.882554317879 
5576.679986219678 
5577.619008433133 
