# "MSD"
0.0 
130.26063272981017 
262.2062319100545 
393.6488506359396 
525.2410817067005 
656.8441882395288 
785.7339392297538 
914.4743151847912 
1041.961273899156 
1166.947514338067 
1293.974707754215 
1417.6402748690632 
1539.0732580995323 
1659.940968621069 
1776.6705743056077 
1892.597748033108 
2005.2467800442957 
2116.954323671359 
2227.795002422131 
2337.0896903447174 
2444.6122791957096 
2551.2826414680885 
2652.5355838835894 
2750.225615737093 
2843.289232796103 
2936.21623189575 
3028.9691305539386 
3115.3985523931706 
3198.32495696961 
3280.75450701906 
3363.162635163322 
3444.479826731453 
3522.8389977059246 
3598.209178997611 
3668.0354800091195 
3740.1686596911186 
3809.432580630502 
3874.6601262331487 
3940.8580738420333 
4005.849707706853 
4072.1692146442697 
4126.197102642295 
4180.147915738258 
4232.86671113942 
4283.223951520449 
4335.071170729404 
4383.832983583864 
4430.189490232836 
4474.732464226833 
4518.911064397133 
4561.110297405437 
4600.106727321323 
4641.67306306707 
4681.531077864563 
4715.79820342718 
4751.773382330262 
4786.3919192500125 
4819.034944747893 
4852.503676570519 
4882.519188269598 
4914.263180836053 
4944.300007374996 
4973.459266707155 
5001.147018670205 
5029.316796316735 
5054.918980555414 
5080.565619536727 
5106.581956182003 
5128.70083124909 
5150.90622815718 
5173.099627736991 
5194.91312323746 
5215.783851912113 
5237.172531461771 
5255.447563963424 
5274.945386543242 
5291.861548298163 
5310.924867077487 
5328.809895793014 
5344.053380751713 
5358.917048916325 
5374.423709499643 
5387.687656400406 
5403.494187913116 
5419.2608470069 
5431.963229610887 
5442.7463730409 
5454.785764815727 
5466.275418382894 
5477.31785234035 
5488.509797787374 
5499.0126333316 
5508.19488796944 
5517.475285765066 
5527.179235564632 
5537.081396726798 
5545.539839590035 
5554.232845223899 
5561.6005946142395 
5569.044132994035 
5577.619008435196 
