# "MSD"
0.0 
11.801725463633815 
18.240113621722767 
18.823522618335964 
18.822545046323572 
18.840191317996492 
18.86802884691856 
18.89031855047054 
18.911945173515683 
19.006204279247548 
19.09228693667193 
19.13475964752913 
19.193574643441334 
19.366351715625377 
19.773296011679925 
20.42306505060443 
22.565133379188147 
29.033655118008017 
36.34877651148022 
46.905558502326926 
58.09644070075158 
69.44037378091419 
80.50687850217271 
91.8531919680909 
103.37047770897723 
114.55006158581939 
125.71576267080835 
137.25911629723464 
148.580706297206 
160.09334779235422 
171.58261695458728 
183.13905210075447 
194.6524949564803 
206.34798250250492 
217.4291508304841 
229.45262076889634 
241.20121729542174 
252.74874197555545 
264.5528727445658 
276.11932823796 
288.03075121546283 
299.70956275448793 
311.26483503999253 
322.9883281298079 
334.69013160715076 
346.50385756857446 
357.8673323413588 
369.49627007754594 
380.9836091699113 
392.38984045871393 
403.75088339856256 
415.2153858621496 
427.01379059222944 
438.5092485298966 
450.3679112639676 
461.63553418502477 
473.46554634390424 
484.9368113820149 
496.4169877840243 
507.8906233175744 
519.3600446937531 
530.9935128397915 
542.5851994207329 
554.2757054474712 
565.987314499809 
577.9603782479347 
589.6797389257953 
601.5024632524185 
612.4739453500127 
624.4276007406793 
635.7286765427716 
647.3065740268434 
658.9443542035058 
670.8091943278802 
682.3919361133911 
693.8321323788127 
705.6781035258239 
717.2011038276652 
728.9186912633428 
740.320686251235 
751.6487139248281 
763.5785534470305 
775.4444272015597 
787.0462591573314 
798.7689936337482 
810.5461015302808 
822.1274026047607 
833.9097095281517 
845.8858191069427 
857.6044161874256 
869.5321055861766 
881.3977769260663 
892.7313328981198 
904.6897088962429 
916.7875553235189 
928.2367369611861 
939.7998886051557 
951.2657545885885 
963.3594629388804 
974.444300305062 
986.3815103822777 
997.4334227896221 
1009.3702414586146 
1020.9053518936132 
1033.317242541384 
1044.7444042471839 
1056.8312971490645 
1068.790534740863 
1080.5503910162847 
1092.2108137791095 
1103.3867222647189 
1114.7603223025615 
1126.05393722547 
1138.0712439599213 
1149.868218854722 
1161.7712970640373 
1173.3532348708031 
1184.5601267480454 
1196.591992001352 
1208.1846507831813 
1219.7554279796154 
1231.833406017607 
1243.3590015786199 
1254.9385977310578 
1266.9052312154092 
1278.1310888111134 
1289.521974673115 
1300.9706518973571 
1312.2908912203472 
1323.7819886214877 
1335.4336910635354 
1346.8608782384265 
1358.2496997203307 
1369.5475926386923 
1380.948066275482 
1392.5221989444826 
1403.5674030705188 
1415.1915885606645 
1426.561071701906 
1437.0228244935463 
1448.643232863641 
1460.5050365126142 
1472.2803150071918 
1484.0423537175773 
1495.706826826831 
1507.5352276844276 
1519.0511205893497 
1530.569747686045 
1542.318511776969 
1554.0286898464158 
1565.8962804571927 
1577.5912943096257 
1588.7483850195977 
1599.9295641090225 
1611.253850840175 
1623.7194178962761 
1634.8776475407506 
1646.4665874778652 
1658.3133869838957 
1669.7608029479845 
1681.1384296682268 
1692.5370334215886 
1704.5007568985832 
1716.4862271425236 
1727.559767385888 
1739.665916450067 
1751.3358700847637 
1762.9414341427675 
1774.4275502470891 
1785.9211149232465 
1797.4702977973927 
1809.7322666020934 
1821.0136744464123 
1832.613370382424 
1843.906106206003 
1855.6341333777227 
1867.4688453390759 
1879.6264749409443 
1890.725352345423 
1902.038491562758 
1913.198730438741 
1924.836936872471 
1936.1871031942908 
1947.0215601487203 
1958.5887151372522 
1969.7984519678694 
1980.6337044532277 
1992.278514537122 
2003.2994692430088 
2015.172512917912 
2026.4414912084803 
2038.102826508803 
2049.416178598849 
2061.494247208959 
2072.767804294501 
2083.638949782193 
2095.0689581171737 
2106.74500811323 
2118.2201795106766 
2129.540742092156 
2141.1599128322373 
2153.3668171453273 
2164.5348004947086 
2176.241008975253 
2187.5075163388105 
2198.2268771983095 
2209.494302591332 
2219.781731109765 
2231.3102413361885 
2242.319020044662 
2253.3253318608226 
2264.6053654739217 
2276.233856297462 
2287.488859317999 
2298.7377031026735 
2309.508470186893 
2320.8803137465434 
2332.1313566415997 
2343.1181128885023 
2354.012030717015 
2365.0412497604616 
2376.334608668746 
2386.979147285773 
2398.2294505659497 
2409.131877464916 
2419.979318187759 
2430.3766229761777 
2441.6320812590175 
2451.874485101994 
2462.927792374859 
2474.058460173797 
2484.999765482147 
2496.188742199479 
2507.6545475445123 
2518.620302367548 
2529.5687421247517 
2540.592537797214 
2551.335623125087 
2562.5171430883415 
2573.5735877649504 
2584.003903111766 
2595.2821403435105 
2606.2323618997157 
2618.145720632398 
2629.4709874972154 
2640.7478580347697 
2652.127507534027 
2663.001989992892 
2673.213865064876 
2682.9775788337133 
2694.1517287833103 
2704.9916982643517 
2715.4852312587836 
2726.5955360510193 
2736.8671386862143 
2746.9160565205857 
2757.7844818920444 
2768.723730498089 
2780.093762138335 
2790.5843816009983 
2801.1179326884617 
2811.2310425885316 
2821.3599555484407 
2832.276705959396 
2842.4426794951214 
2853.45457860343 
2864.819464953039 
2875.2174872251553 
2885.2788046960427 
2896.197582551104 
2906.6999972091635 
2916.308532447514 
2926.8430705381256 
2937.286387624727 
2947.6126676599692 
2957.609474970642 
2968.1968008971003 
2977.916917983159 
2987.1745072810572 
2997.0728439559452 
3007.326196160575 
3018.4910531646474 
3029.266070085234 
3039.9164757673752 
3049.9762027887264 
3060.5684863848132 
3071.382038643198 
3081.416803483789 
3091.242887891887 
3101.7136905851953 
3111.890500487342 
3122.0713019155833 
3132.288212421755 
3142.3174787006974 
3152.2562146908317 
3162.5974502964914 
3172.5215765384355 
3182.606337791 
3193.2296993312116 
3203.342493907436 
3213.040101276778 
3224.0484582431077 
3234.2985602866675 
3244.1546221018225 
3253.9403396878965 
3263.1257399454266 
3273.3778647270747 
3283.852679311325 
3294.8362118260006 
3304.750576588556 
3314.7835053845574 
3324.1184322303075 
3333.0843868356983 
3342.8920211100653 
3353.1940860053983 
3363.5837122343573 
3373.231610158402 
3383.1894089865727 
3392.165883737015 
3402.599394537631 
3412.3719925668106 
3421.7234082976306 
3431.1311600741137 
3440.281620918278 
3449.8883742378885 
3458.2310400819274 
3467.6915878916416 
3477.2779901500026 
3486.058215629479 
3495.387640415374 
3504.67146198201 
3514.2429439143575 
3523.732799301308 
3533.1682197833034 
3542.97976279364 
3553.078735568577 
3562.0873348596656 
3571.0668570826106 
3580.676418510919 
3589.937566845111 
3599.4365430945936 
3609.0290211021634 
3618.7649204153536 
3627.8683429196367 
3637.0714619706077 
3646.232277614361 
3655.28110879228 
3664.843306507625 
3673.1011287712854 
3682.830141817185 
3691.3360058852436 
3700.7537972417954 
3709.95960253806 
3718.4611824296576 
3727.126656438778 
3737.0368378654375 
3745.7504566858147 
3754.5629902383153 
3764.067723047227 
3774.054581553012 
3783.388870117601 
3791.696781381286 
3800.796677942508 
3809.8881245744246 
3817.9577822674046 
3826.2789484495347 
3835.0033945521805 
3843.7767414976533 
3852.60233643095 
3861.419852711783 
3870.7877677614933 
3879.397850881828 
3887.7568566222903 
3896.8803073895388 
3905.4843155140197 
3914.247745519127 
3923.6519550912667 
3931.8209260039157 
3940.3795389222278 
3949.6078611934913 
3958.0068310300194 
3967.190138490115 
3975.603529504175 
3984.9551318821823 
3993.288538272687 
4002.118937303875 
4011.211397540434 
4020.2522436197946 
4028.677437770762 
4037.3189526715523 
4046.0714665117002 
4054.384828666801 
4061.7438870800197 
4070.2735290473875 
4079.1636369473226 
4087.4958752225866 
4095.3800247741274 
4103.1497987512375 
4111.520793682837 
4119.675894678813 
4128.251676367558 
4136.919370974459 
4145.966845069273 
4154.922690061365 
4163.454181570031 
4171.463851076959 
4180.198000008587 
4187.480274481505 
4194.913154363621 
4203.086875013999 
4211.321421698164 
4220.023716021384 
4228.391285904821 
4237.239854052628 
4245.23127495345 
4252.8601470358235 
4262.139639719379 
4269.577668432653 
4278.786033034132 
4286.026971290986 
4294.163450829948 
4301.933635854049 
4309.610979135626 
4317.790535637509 
4325.456633694385 
4333.195634298649 
4342.407112454687 
4350.564733168113 
4359.392303839912 
4367.636633226921 
4375.947588954965 
4383.53646566677 
4390.654761276567 
4397.750562646353 
4405.900985860561 
4413.62474333374 
4420.935603109859 
4428.61258164811 
4437.082521263188 
4445.605867951239 
4453.9825128726925 
4459.9182018358115 
4468.278398734058 
4476.302423074073 
4483.72879238336 
4491.359566622354 
4498.430282574882 
4507.023414913246 
4514.6798906894555 
4522.166181557381 
4530.5896539399355 
4536.800883291329 
4543.420562431232 
4551.126969481494 
4558.749460430209 
4567.18557252513 
4575.088880009124 
4582.851944716156 
4590.392724969399 
4597.3213475244875 
4604.317916060272 
4610.757705129227 
4618.707920488935 
4625.089703180511 
4632.14894703792 
4639.166726519689 
4645.511810232082 
4652.381887760088 
4660.562761821898 
4668.194828988005 
4674.9414954898875 
4682.459148749042 
4689.041709088556 
4696.43380143957 
4702.288106876061 
4709.15518881505 
4716.652863178788 
4723.979646044665 
4730.397502880498 
4737.1422966901755 
4743.745761178271 
4750.578183133229 
4756.4849347327145 
4763.880941963925 
4770.235799926502 
4777.8103097593785 
4783.834233849893 
4791.054737854506 
4797.670945389896 
4805.097717434597 
4811.15661351775 
4818.498074674983 
4824.948114097366 
4831.3787807166955 
4837.973559559746 
4844.692556657768 
4852.346732417228 
4859.67362717252 
4866.260588958476 
4873.484327987166 
4880.380133228448 
4886.526746141703 
4892.785365505413 
4899.360349695941 
4905.186743866774 
4911.841218330924 
4918.277953233211 
4924.409097308687 
4930.0447374183905 
4936.1363254317885 
4942.874945614088 
4948.789384368913 
4955.115475835501 
4962.13922137049 
4968.940224287991 
4975.1832978129405 
4981.525480905533 
4988.029747282055 
4994.582980545636 
4999.91060423199 
5006.11498654266 
5012.665745264752 
5019.760856315379 
5026.639546568578 
5032.857461044212 
5039.412664383289 
5046.035325214835 
5052.923232702693 
5059.368135044535 
5065.517354132779 
5072.186922500782 
5079.12472499904 
5085.304148167677 
5092.4769309434205 
5099.252573123799 
5105.8878106239845 
5111.642448747173 
5117.178239955539 
5122.859749768225 
5128.053902218545 
5133.40461081656 
5139.766598852899 
5146.264668590396 
5152.144019478456 
5157.999857165624 
5164.575421714431 
5169.964466437071 
5176.975130964002 
5182.868366050571 
5187.801202862558 
5193.395974913352 
5199.371111069912 
5204.904582425506 
5210.8834614070265 
5216.797589856872 
5222.326833746909 
5227.468215522875 
5233.3687428345975 
5240.624280202847 
5246.829420237481 
5252.083503761944 
5256.761657554097 
5262.6031537507 
5267.0768234619945 
5272.683444874013 
5278.596139587871 
5284.91034988811 
5290.68755254529 
5297.296764987817 
5302.60679216173 
5308.656092700099 
5315.5148401547685 
5322.26255819553 
5328.198989977852 
5333.012011155559 
5338.592359996807 
5343.790921850968 
5349.557652252362 
5354.417059292106 
5360.330388864908 
5365.84547751658 
5370.821278862912 
5376.550172756017 
5381.631403390955 
5387.548487761508 
5393.056963710387 
5398.676247490147 
5404.546229494281 
5410.549708365612 
5415.508924271935 
5420.769663609115 
5425.412265705256 
5430.820681461763 
5436.444962226675 
5441.290988851352 
5446.689453900075 
5451.806498815988 
5456.657573699219 
5462.750918385669 
5468.4456224832265 
5473.637969258454 
5477.825939428257 
5484.070839068913 
5489.246256193101 
5494.223091726267 
5499.058313425402 
5504.477303603059 
5509.745405795666 
5515.154786278845 
5519.584184279039 
5524.405812342918 
5530.006125237676 
5535.323557492885 
5539.902963158043 
5545.132326517451 
5550.109408544655 
5555.049241240494 
5560.114613901865 
5565.35979323462 
5569.606886760413 
5574.89696714059 
5580.308965761311 
5584.568675215504 
5590.406394103109 
5594.683170095714 
5600.271444407771 
5605.417495167963 
5611.64118401947 
5616.815092647808 
5622.8160927457375 
5627.411100056952 
5631.981968212902 
5637.599633974455 
5641.562949593382 
5645.7832237316725 
5651.000960846364 
5655.0025486348495 
5659.771146425205 
5663.8296375772325 
5669.4663334544775 
5673.654354770754 
5677.884174308233 
5682.638034740462 
5687.054174243536 
5691.061201508762 
5695.353741931229 
5700.460176352565 
5705.146383158566 
5710.95853603506 
5714.879905511586 
5718.75093460134 
5724.5667802732505 
5728.629435402533 
5733.500212996863 
5736.994884460392 
5741.382949960736 
5746.338055752654 
5751.422465782123 
5756.480117828242 
5760.899326214104 
5765.111315284828 
5769.5576795000825 
5774.6268671930975 
5778.800282424126 
5783.7536842239315 
5788.625215663097 
5793.234551042771 
5797.811255414999 
5803.061422370811 
5808.256074337275 
5813.034033541095 
5817.551164701244 
5822.2349737036275 
5826.952857811739 
5831.108524922894 
5835.654233855258 
5840.581366147975 
5846.177074979386 
5851.390447125798 
5855.187500248179 
5858.631084386618 
5863.373490839599 
5867.597967881592 
5871.529998133456 
5876.3972585642105 
5880.464565427882 
5884.983856472139 
5889.982361145738 
5893.5680392108725 
5899.082751462414 
5901.636245934599 
5906.08872511718 
5909.793013846772 
5914.028333489175 
5918.638144806421 
5923.310459608301 
5927.450583675048 
5931.614023319134 
5936.025105913484 
5939.533113069413 
5943.866022009889 
5948.188131537462 
5952.751845220289 
5956.599681177909 
5961.214183892134 
5965.780514074249 
5970.204562220672 
5973.450902064341 
5978.162186515878 
5981.420409596035 
5986.247020974801 
5989.909505623533 
5993.068367865191 
5995.707935866936 
6001.598664067048 
6006.083599495919 
6009.732467775323 
6014.032043051297 
6017.8642984780845 
6021.260942980309 
6024.400684160298 
6028.937254660175 
6032.478489199576 
6035.778715848158 
6040.127812390048 
6043.867184782733 
6046.960266182012 
6050.378391070501 
6053.961624071908 
6058.037735397414 
6063.388441757422 
6067.789094438557 
6071.424990442769 
6074.983142779683 
6078.668015568567 
6082.357544812093 
6086.22076545098 
6090.378167142659 
6093.4568542764255 
6098.392172588204 
6102.168905953327 
6105.288180883037 
6108.480820317469 
6112.731047515963 
6116.549987403601 
6120.445923587135 
6123.730765226373 
6127.4487000291065 
6131.2502690323445 
6134.657979933076 
6139.066269730757 
6143.209783660075 
6146.548859811095 
6149.5028734185325 
6153.560134530569 
6157.017791583842 
6160.641582141503 
6163.719152588234 
6167.382246183849 
6171.016619723798 
6175.971782668465 
6179.766459663714 
6183.001855656538 
6187.994916198548 
6190.808201481774 
6194.723241106639 
6199.502201027407 
6203.5718473992965 
6206.825627304837 
6210.54063811525 
6213.381045728976 
6215.912414702948 
6218.8196007127 
6223.388620425304 
6227.38892525763 
6231.253476382931 
6234.98885265691 
6238.372085960343 
6242.439962350403 
6245.233186580198 
6248.942394377688 
6252.644255485848 
6255.359027351687 
6259.157338244776 
6262.653083493557 
6267.307794222446 
6270.449295544303 
6274.494365146764 
6277.40667068849 
6280.507904832444 
6284.226373317894 
6287.584619300891 
6291.210435085645 
6295.301677941737 
6299.7172351946365 
6302.472948756764 
6307.223595295859 
6310.615974511459 
6314.801096339877 
6319.4042427156355 
6322.49003406381 
6325.241121459471 
6328.921794093534 
6333.120952920051 
6336.22824692311 
6340.502431006304 
6343.276410908226 
6345.962121585267 
6349.4515699373305 
6352.911654422364 
6355.584545042791 
6358.69329955875 
6361.779021641886 
6363.516303591999 
6367.154625431402 
6369.705954209666 
6372.393379858246 
6376.079116218243 
6379.176096154514 
6382.87684866333 
6385.567863151476 
6389.176312645548 
6392.7158327714615 
6395.477005107002 
6397.982737601592 
6400.770141701243 
6403.7752175425685 
6406.266858954803 
6409.833739616211 
6411.640970172739 
6414.8483188567425 
6418.708890885766 
6422.786106557663 
6425.627848434415 
6428.479933962992 
6431.119682543317 
6434.439434310648 
6437.502610047252 
6440.531460074168 
6443.1211382019665 
6445.75255900883 
6449.443599415955 
6452.111730337833 
6455.866918893053 
6459.13699914881 
6461.732210662775 
6464.61901826967 
6468.3082221789045 
6472.444936292494 
6475.8241844216545 
6479.407905634003 
6481.946390507056 
6485.2742538369475 
6488.52252483739 
6491.93513476218 
6494.419308544344 
6496.739830996321 
6498.576323529717 
6501.486794240304 
6504.401048058869 
6506.993580483896 
6509.4542086730735 
6512.930170723388 
6515.033059578094 
6516.702404230731 
6519.803176873295 
6522.988760802834 
6525.5638765406875 
6528.53158458784 
6531.64515215664 
6535.251456211007 
6537.878985868903 
6541.036363298474 
6545.67343223308 
6547.525532680344 
6549.856383396845 
6552.00826616248 
6554.390357579329 
6557.647765198789 
6561.401890327416 
6563.493140329541 
6565.6105489613365 
6568.456998493124 
6570.9850639488905 
6573.5386239522895 
6575.4911381777665 
6578.826961719896 
6581.7669981130575 
6585.645859590589 
6588.7718772596945 
6591.953260934366 
6594.478202512066 
6596.818769378736 
6599.439665075437 
6602.251018572894 
6604.46705161923 
6607.847998159764 
6610.776409040946 
6613.506828773155 
6616.808558523834 
6619.847257105151 
6621.83143347493 
6624.620823995697 
6627.172683364645 
6630.043251191741 
6632.507817536362 
6634.932715317059 
6637.165829739319 
6640.172907405681 
6642.625722433457 
6644.35292070103 
6647.3738410826945 
6650.362495536378 
6653.544882268749 
6655.247953164817 
6658.752047814756 
6661.196866091177 
6663.860945116164 
6666.436399626437 
6669.543863227834 
6671.897866381437 
6674.395575980408 
6676.116549016487 
6678.524088791423 
6681.805935381473 
6683.652627524463 
6685.492681060337 
6687.830093343786 
6688.314133017545 
6691.912072336444 
6694.382670019252 
6696.296903314471 
6699.212869299311 
6701.213916832216 
6704.324295125657 
6706.869746360391 
6708.6999717000035 
6710.508674859902 
6713.027245926346 
6714.927620305076 
6716.6349220832935 
6719.723431511778 
6722.167017038087 
6724.7279615786265 
6726.28412726611 
6727.3550232464295 
6729.553093063276 
6733.124833161474 
6735.162156618329 
6738.070036450973 
6741.141982272718 
6743.528223587425 
6745.538811059179 
6748.891286650707 
6751.345031530232 
6753.40394204142 
6756.323466598899 
6758.477871276242 
6760.801058958463 
6762.751600255249 
6764.530820261471 
6766.915910543317 
6769.18416897586 
6770.822084934929 
6774.28770891801 
6776.681557008627 
6779.142813394074 
6780.768694955973 
6782.294013174927 
6783.9472083454875 
6787.210522209921 
6789.025030477975 
6790.640630935519 
6792.555599088584 
6794.763312130271 
6797.120489294861 
6800.109363762141 
6803.154826799409 
6805.195888403541 
6808.329635333181 
6810.0200645068135 
6812.43241471157 
6814.0350505196475 
6816.333368430323 
6817.529729672738 
6819.218620172818 
6821.4272814656215 
6824.104652940934 
6826.325288129621 
6828.432188741037 
6830.13556381303 
6832.325803595245 
6833.495969633711 
6835.649325601865 
6837.185999527192 
6840.064057223356 
6842.636012236243 
6843.584475922 
6845.625279586197 
6847.287416890187 
6848.760607966284 
