# "MSD"
0.0 
11.835298622392653 
18.311262211776217 
18.898034512722436 
18.922346070151203 
18.97725434629959 
19.034219638057547 
19.105145569779996 
19.179316648210207 
19.341446815555685 
19.512261403669193 
19.655314004759088 
19.84005486533536 
20.186692022290725 
20.83543219114459 
21.85158859278827 
24.684441703336216 
32.888151206511225 
43.79943887209324 
58.01837898761676 
72.85095793486938 
87.87436824010855 
102.58294484428596 
117.57234773419844 
132.65145210753857 
147.22665007414113 
162.09134581665637 
177.12670804425917 
192.14643407776083 
207.12195436823268 
221.84844900936088 
236.98871060132552 
252.07609308450657 
267.08120254803083 
281.85850574806346 
297.3674315857982 
312.43889083239435 
327.74114633797916 
342.96563858793803 
358.3840265294251 
373.5161180734832 
388.57944924099144 
403.92010387258637 
418.91088002481547 
434.2210474597743 
449.39151875524135 
464.47504063522854 
479.56488806934357 
494.4765505050217 
509.7426766142318 
524.6535830349593 
539.5457335469459 
554.7382482164944 
569.8972351343785 
585.4910748678152 
600.7934164785032 
615.9798634705683 
631.0007817986535 
645.7493019810825 
660.7978237080708 
675.933713200326 
691.4007231445858 
706.2588668789763 
721.8531804961841 
736.9846911678167 
752.2786244696193 
767.1937792694889 
782.343283226089 
796.9962149205022 
812.113385194379 
826.803365238353 
841.7151270618575 
856.9611388959646 
872.5083113168445 
887.81715542649 
903.0937634652389 
918.738167059597 
934.2202531406839 
949.5521510743009 
964.7476158883453 
980.1324495738514 
995.8479694129679 
1010.7287595225006 
1025.5543782264297 
1040.5085068512228 
1056.2339629083096 
1071.2496864200775 
1086.4445105044313 
1101.956003836678 
1116.7516313747255 
1131.8678257314407 
1147.1686362549756 
1162.6506976222063 
1178.1985363327829 
1193.6714152151742 
1208.542762434189 
1224.1216979200842 
1239.6679662369017 
1255.1978744336461 
1269.858001524084 
1285.6221395669234 
1299.9523294226499 
1314.6081918184748 
1329.5903269604446 
1345.530033073659 
1360.9991807603337 
1375.8914963814132 
1390.7095579264944 
1405.4994302673451 
1420.9308775888603 
1435.8663786644515 
1450.7000275450432 
1465.6713475309314 
1480.791960989112 
1495.960866243687 
1511.1753766835868 
1526.1524035669167 
1541.1557401664363 
1556.2329204596308 
1571.5661854823306 
1586.7473108420652 
1602.0546075130856 
1616.5557647158103 
1631.0763636763284 
1646.4962624071525 
1661.5849169425705 
1676.948370123918 
1691.783950599026 
1706.239374584875 
1721.5790854249638 
1736.1030020550115 
1751.2535235353341 
1765.8413043527355 
1780.4113147549403 
1795.4149384416696 
1810.0050346664575 
1825.0568337555917 
1840.3129294170176 
1855.1191899378534 
1870.2915913073198 
1885.295265708965 
1900.9772073082354 
1915.4780045771583 
1930.8082833850924 
1946.1403760783915 
1960.5838573604117 
1975.4840516966294 
1991.072946041053 
2006.3958747177908 
2020.7718814876803 
2034.5217516611733 
2049.5205648212705 
2063.305638518725 
2077.843272860035 
2093.057685826113 
2107.4208070117575 
2121.8702129612348 
2136.5358941404024 
2150.938824256948 
2165.265619145407 
2179.394281660376 
2193.8514376212074 
2207.9549353552297 
2222.3662203566855 
2237.538408773339 
2252.477687451124 
2266.3439829114795 
2280.4048346066884 
2294.773267516215 
2309.48016341203 
2323.559006620018 
2337.8803853457853 
2352.4468089659636 
2367.1672977049316 
2381.3260358177617 
2396.585131568817 
2411.6649284938117 
2426.2517796194575 
2440.151263687332 
2454.6869742916683 
2469.11052835653 
2483.4841902015096 
2497.4824995964127 
2511.8068235201886 
2526.078501909892 
2540.679980296394 
2555.4783960049463 
2569.447596629104 
2584.2370023616477 
2598.282066884878 
2612.1599869489773 
2626.203172631779 
2640.9004601624574 
2655.06985634319 
2669.37825497889 
2682.9630991339172 
2697.003380730242 
2711.018554932106 
2724.742818701954 
2739.100007602516 
2752.7832761897585 
2767.769761284068 
2781.962008875546 
2795.702404750273 
2809.3875892021565 
2823.3735585015106 
2837.537019759453 
2850.7602525603093 
2863.4651293358456 
2877.3658291265497 
2891.125783619856 
2904.904333725403 
2918.9741293678103 
2932.1186555477852 
2945.261122501148 
2958.863066499187 
2973.00684558889 
2986.2976254440373 
2999.9057840351134 
3012.825353534186 
3026.7240702233144 
3040.795634306768 
3053.83048769425 
3066.997860157984 
3080.6413269284344 
3094.0684041257523 
3107.987090783877 
3121.118570683694 
3134.8463707578644 
3148.192072470685 
3161.641804854503 
3174.919695211706 
3187.9113755049266 
3200.724842701532 
3214.7400779870254 
3227.973839729573 
3239.9424662751235 
3253.7724418693037 
3267.6050831489165 
3280.3051977399737 
3293.4225718691755 
3306.632351411363 
3318.955900129511 
3331.980658701544 
3345.272997978456 
3358.9070220449275 
3371.4053185683924 
3384.670662072632 
3397.6264684866 
3410.584004858571 
3422.9824915508175 
3436.1093530070366 
3447.6128437492407 
3461.1532778423093 
3474.0697163761024 
3486.577938967608 
3498.1930231306947 
3510.6391690768914 
3523.435207364426 
3535.566708513224 
3548.1398665625447 
3560.267161703705 
3573.425988643071 
3586.9781103090663 
3598.851292753686 
3611.065682596223 
3623.428279365315 
3635.8482242966193 
3646.9558633969787 
3658.4206357443686 
3670.5888654669006 
3682.6451022374576 
3694.487922471375 
3706.7910858861887 
3718.4342443634446 
3730.1719422658484 
3742.5271644029117 
3753.908339786918 
3766.209588902091 
3777.582294861655 
3789.2469276502816 
3801.0067600697685 
3813.1598103795095 
3825.132415817057 
3836.3787001128135 
3847.542967182821 
3859.775208139745 
3871.045906374511 
3882.8213173887766 
3894.4259558927793 
3905.6230505940566 
3917.0106891246455 
3927.5349461454966 
3939.3371451998437 
3950.1775024818917 
3961.614282892303 
3972.8104296972924 
3984.2563079819924 
3996.146752025424 
4006.974403842166 
4017.5230710636315 
4029.603036244923 
4041.0506896564034 
4052.2701463528997 
4063.589446449271 
4073.296300952704 
4084.8723326068284 
4096.077558550369 
4108.008995740825 
4119.9370836354 
4130.448063611847 
4141.739083195469 
4152.612290652092 
4163.625038785291 
4174.027018930118 
4184.480068796765 
4196.211050055372 
4206.6443544707045 
4217.843311650281 
4229.152090716689 
4240.562656353302 
4251.216581177716 
4261.593850048792 
4271.393574403282 
4281.825811166631 
4291.372781804311 
4301.774354507283 
4311.371675610715 
4321.629590160166 
4332.48658778984 
4342.397584100683 
4352.094356694664 
4361.57936666279 
4370.672128092272 
4380.117524716295 
4391.039407040917 
4400.880557629584 
4411.196584010733 
4421.1865756298785 
4430.301319969427 
4440.654737978736 
4450.396810872795 
4459.929877971766 
4469.5633878354465 
4479.5772043787265 
4489.564558199969 
4499.350521856135 
4509.169245412309 
4519.290988911567 
4528.86204322084 
4539.811853849774 
4550.029831066246 
4560.549408693066 
4570.681295010127 
4580.460009366324 
4589.597722475499 
4599.6658609050055 
4608.840687011751 
4618.468476610391 
4627.854462544344 
4636.651577935244 
4645.862009937855 
4655.516759616248 
4665.56676602409 
4674.664130141812 
4683.540909952757 
4693.025418585496 
4702.384135337294 
4712.351869878197 
4720.509536551989 
4729.873518311981 
4739.4039266175205 
4748.2076161152645 
4758.327000490401 
4767.41415129061 
4775.914775397921 
4785.009866667114 
4793.532879626952 
4802.408848147613 
4812.120020351316 
4821.368145023636 
4829.674624048652 
4838.0829427663375 
4847.076651006558 
4856.216691135731 
4865.556208512115 
4875.285287527073 
4884.4946574241785 
4893.36311428118 
4901.897051975443 
4910.919367594088 
4919.473935890651 
4929.7758706532795 
4937.197072528738 
4945.543255078187 
4953.626973947077 
4961.636219320316 
4971.612629486541 
4979.38083800076 
4987.978545664813 
4996.507807688262 
5004.778287440595 
5012.805225891066 
5021.791007237746 
5029.366648686022 
5037.040169133656 
5046.515929794185 
5054.9146549509505 
5063.563628154291 
5072.520355786017 
5081.421666190976 
5089.414800114244 
5097.638247811172 
5106.419960693219 
5115.1975777538355 
5123.5653997635145 
5132.492025943962 
5140.177520193123 
5146.076942678846 
5154.035275912996 
5162.7516810376555 
5170.290524711528 
5176.522024202233 
5184.013900058422 
5191.496765761404 
5200.649086275591 
5208.485953405435 
5216.165949021591 
5224.792742148093 
5232.660452850224 
5240.664749430043 
5248.1149120014215 
5254.83237848653 
5262.551210446951 
5269.969314978785 
5276.911921418519 
5284.326822873009 
5292.100768330932 
5299.793091566415 
5307.052295987619 
5312.910994442502 
5319.365778155447 
5326.103701781427 
5332.284645329072 
5340.986020888291 
5349.615284940439 
5357.458212969015 
5365.648637584573 
5372.099145841474 
5379.30576387809 
5386.918476584609 
5392.789513667719 
5400.24804321774 
5406.41301699364 
5414.10701348297 
5421.6386983534185 
5429.315443628266 
5436.279127556775 
5443.847968024957 
5450.293684620947 
5456.76041705048 
5464.285962993132 
5471.121841972063 
5477.962847961926 
5485.315045543836 
5491.912787630047 
5499.102290563246 
5504.955814564606 
5512.70411097642 
5518.219549023337 
5524.3697642435145 
5531.137709117463 
5537.466485106515 
5542.915246003698 
5549.968388022618 
5556.704344776719 
5561.844010113428 
5568.051420623018 
5574.321642778001 
5582.138131928176 
5588.640697814722 
5593.871604537771 
5600.412946700199 
5607.486456555541 
5614.280803043369 
5621.587326589666 
5628.137029487565 
5634.412238218436 
5640.711469890351 
5647.240460089947 
5653.746505245761 
5659.9428587449665 
5666.285138071974 
5672.544733900804 
5677.95252153984 
5684.455381513346 
5690.934299721499 
5698.1817690052 
5704.657617342102 
5711.156824752215 
5717.027099950809 
5723.614718111954 
5728.438166597508 
5734.7964066648365 
5739.734372947248 
5745.241364510432 
5751.407599424481 
5756.7606980509545 
5763.751039124437 
5768.453835258944 
5773.500396757641 
5780.091704831592 
5785.606308298253 
5792.086759888113 
5799.894784152662 
5806.276142354264 
5812.979886177045 
5819.599598713593 
5824.314774287149 
5831.18745458638 
5836.031574673712 
5840.865265877953 
5846.480341274673 
5852.643911527882 
5857.949108804653 
5864.970292562861 
5870.826908584235 
5876.50339718729 
5883.09966242709 
5889.983169971887 
5895.390396794493 
5901.788464343399 
5908.001602055676 
5912.935902934829 
5918.590881596399 
5924.698604908866 
5930.636860816008 
5936.133422929387 
5942.081820036585 
5946.853533921237 
5951.968872102074 
5957.759676892579 
5963.544987781681 
5969.505234233004 
5974.265553565689 
5977.991967360103 
5983.376144873752 
5988.853315400557 
5994.502019837487 
5999.744998199245 
6005.667061544377 
6011.0740581779155 
6015.917387084106 
6020.769151052172 
6025.847185671407 
6030.8111186808 
6036.708698658865 
6042.734327187805 
6046.91820108938 
6051.921415388285 
6056.867194108356 
6061.109628446422 
6065.874302067041 
6070.896038573629 
6074.901048523031 
6080.032243612676 
6084.849073398484 
6090.597017308296 
6096.025879917594 
6100.200794923087 
6105.1598776973715 
6110.945128071658 
6115.431813368433 
6118.517442595452 
6123.637014865071 
6129.008356576711 
6134.070186182845 
6139.0672720760085 
6144.100740928055 
6148.9629054343595 
6154.587363568921 
6159.272976822828 
6163.885760728527 
6167.414816787896 
6172.826801654275 
6178.437427557737 
6182.996659630547 
6187.113971187325 
6191.899360050596 
6196.244163116775 
6202.5005507741 
6206.784210351178 
6211.330445906002 
6216.576437609775 
6221.353172026671 
6225.217035706958 
6228.9998287302205 
6233.396683184152 
6237.746398224833 
6241.347415777587 
6246.543738264005 
6251.75838665787 
6257.640195498936 
6261.047311725322 
6264.0766073979585 
6267.966082608303 
6272.05926984484 
6278.058854662184 
6282.289854418307 
6286.955873167503 
6292.407045682522 
6296.736504624769 
6301.333199352314 
6305.733922193046 
6308.995160606119 
6313.858728103651 
6318.539005869417 
6323.492033223261 
6326.603743969949 
6330.802744918939 
6334.960379636301 
6338.085777080609 
6341.438045267407 
6345.312110856931 
6349.879746966169 
6354.272058465489 
6358.596057427427 
6361.892594138648 
6364.873646361086 
6369.010622221594 
6372.4924230916395 
6376.829338141944 
6380.9362724186885 
6384.281814090623 
6388.351469252189 
6393.216727974203 
6397.996852013406 
6402.060510468882 
6406.22309798658 
6410.353719158082 
6413.83588777523 
6417.152086216395 
6420.30370900152 
6424.456649191454 
6428.8414758295985 
6432.25324405425 
6436.84239305338 
6442.118178798471 
6445.671610514346 
6449.20615893617 
6453.767561954526 
6458.389940239968 
6461.988697320698 
6465.918087863267 
6470.0513296258105 
6472.944282044235 
6476.885241699046 
6480.494082442428 
6483.715670040164 
6488.394699424464 
6492.77577851722 
6497.622985475214 
6499.924351043478 
6504.3442726866615 
6506.994073982098 
6510.267954618404 
6513.969025349679 
6518.307542786213 
6522.292331530681 
6526.022852989235 
6530.326356970791 
6533.864967109945 
6538.087254906251 
6541.836749414626 
6545.2213511435775 
6549.0423567769785 
6553.032074114118 
6555.836178241674 
6560.554079289514 
6562.969575922561 
6567.390807333172 
6571.135059930613 
6574.883932136887 
6577.481978824775 
6579.732302677843 
6583.432857370286 
6586.546444065162 
6590.997236572445 
6594.601701756664 
6598.59726784197 
6601.153395482918 
6604.885647957623 
6608.692486373312 
6611.288984318506 
6614.532436383894 
6617.605344927266 
6618.817893755443 
6622.984412872389 
6626.700111159478 
6631.674548511847 
6634.748742550323 
6638.0632312659645 
6641.016773193347 
6644.398622387043 
6648.535246124255 
6652.427206751659 
6656.121831861666 
6659.365612893794 
6663.035426555112 
6666.1664473203955 
6669.55726023913 
6672.369946829099 
6675.4969407277995 
6678.984961102105 
6682.334497275438 
6686.317648458676 
6689.008605790988 
6692.43054350396 
6693.900670834963 
6696.3375704991695 
6699.330690255366 
6703.992003959795 
6706.386812083662 
6709.171524571295 
6712.4901158806615 
6715.671966290207 
6718.368781864627 
6720.506612967287 
6723.28048205444 
6726.195225420495 
6730.276584090715 
6733.053868938511 
6735.553099439133 
6738.782196105069 
6740.910700998587 
6742.799400915337 
6746.279636033801 
6749.712911745754 
6753.9656671706925 
6756.482345423946 
6759.392972025192 
6762.945750276478 
6766.485633330329 
6768.887554136888 
6772.544726661453 
6775.529765575434 
6777.480503832195 
6779.665622062636 
6782.557381639223 
6786.423636383619 
6789.432113097111 
6793.169734052723 
6795.6333546337155 
6796.441780811395 
6799.77134231062 
6803.031503829401 
6806.371393346921 
6809.312797452703 
6812.724135940413 
6814.7286381351605 
6817.1749445051155 
6820.6741038299415 
6821.414464263535 
6823.609585356326 
6825.459081592441 
6829.26248669726 
6833.0966533905375 
6836.429568223342 
6838.436147059847 
6841.315147983654 
6844.5942527892175 
6846.996092439414 
6849.170117576456 
6852.774381515847 
6854.97268965163 
6859.286736760522 
6860.906410122894 
6862.185915575927 
6864.368660569895 
6866.11420583998 
6869.567298653176 
6872.282279472059 
6873.850359952746 
6876.241997370077 
6879.615346248523 
6882.163224101971 
6883.986874438838 
6886.4147205700365 
6890.304777124651 
6892.409980718172 
6895.462879770211 
6898.616533127277 
6901.131914938645 
6904.540713946032 
6905.273791590654 
6906.967921486694 
6910.364729605468 
6912.3327503556 
6914.569758837011 
6917.6750707292795 
6920.3697983019165 
6922.773611598835 
6924.702010520703 
6926.8276059732525 
6929.244025585446 
6930.754952677366 
6932.076340078513 
6934.2310624807515 
6935.573937758392 
6937.9364752323745 
6941.135328727172 
6941.6271122559865 
6944.891056239164 
6948.274040689382 
6951.62495738444 
6954.310661163684 
6957.430217375613 
6958.572598005196 
6959.601309570335 
6961.373527733641 
6963.5824877209325 
6965.544474009024 
6967.391428919715 
6970.050377075978 
6971.787363216377 
6974.220886967089 
6975.514494573374 
6977.470213886329 
6979.286717565333 
6982.047208315237 
6984.287856672534 
6986.512384500223 
6987.4146546322745 
6990.359413185497 
6993.634246568337 
6996.571469832411 
6998.355241006889 
7000.811031035853 
7002.858136072968 
7005.406504765363 
7007.759105709417 
7008.918678724759 
7011.100461502059 
7011.870217288404 
7013.451516000757 
7015.181747551108 
7017.398324231806 
7019.6387306305805 
7021.764298754305 
7024.089216740934 
7025.890463703577 
7028.048083027786 
7030.137102092754 
7031.912226936569 
7033.794497469043 
7036.017150079705 
7036.952390743835 
7040.724960613291 
7043.646238405192 
7046.033187845608 
7048.22814589525 
7048.338239499952 
7050.43455819436 
7052.175727769917 
7053.979588228753 
7055.883462013498 
7058.938848354022 
7061.503147701363 
7064.104313653655 
7066.2006960573 
7067.671781459172 
7068.471319850335 
7071.257572043375 
7073.553797932708 
7076.137157244476 
7079.426481968389 
7082.128196323678 
7085.550793245375 
7087.605784949219 
7089.1069838171 
7090.851263543652 
7092.905523810666 
7094.995748409513 
7096.92162813284 
7097.8299305215405 
7099.5221945801095 
7100.552672499189 
7102.2020358937 
7103.828427121099 
7106.297987716869 
7107.260849948767 
7109.098902806419 
7111.097935201871 
7111.313738291476 
7111.957918990234 
7113.883634817881 
7116.49102176423 
7118.025886277021 
7119.206085657113 
7121.228982830976 
7122.467117442017 
7124.58340988052 
7125.926890171919 
7127.32136238679 
7130.337236846844 
7130.971715728303 
7132.099142899211 
7134.433398552015 
7136.8075030789205 
7139.956495649714 
7141.194692205353 
7143.2497954159435 
7144.786296225849 
7146.090709169539 
7146.70267021804 
7148.713853400138 
7150.733503376257 
7153.326801996604 
7154.838635400995 
7156.405516339567 
7156.891321938875 
7157.223995127105 
7159.086045670315 
7161.578990100174 
7162.600739484179 
7164.178026372013 
7166.676246830902 
7167.6885486928795 
7169.413472226453 
7172.312369481508 
7173.438349692266 
7176.059433673791 
7178.542714604329 
7179.636069860693 
7181.303664408538 
7182.463338455902 
7182.612148093881 
7184.806990847006 
7185.516725723432 
7188.382105723138 
7189.412786611678 
7191.78512209255 
7193.643956801653 
7194.351712111961 
7196.177907471183 
7197.343271826356 
7198.517312478978 
7199.292903900025 
7201.367668902662 
7203.071815461226 
7204.132214813679 
7205.3305739486495 
7207.2431983048855 
7207.984822481102 
7209.495856272883 
7210.770271979494 
7211.719576185492 
7213.749019744051 
7214.726339831656 
7217.445668496137 
7218.292452626568 
7220.150738941207 
7220.374683433071 
7221.889991851984 
7223.007031985321 
7223.650491931849 
7225.481079266374 
7227.787316561369 
7230.548178578741 
7232.6591292702215 
7233.9092769436365 
7236.721727354199 
7236.82618099729 
7237.454144098539 
7239.201975806457 
7241.225015835855 
7242.547789559989 
7244.855339212792 
7246.806660591562 
7248.613798390954 
7248.233794851229 
7250.451509124777 
7252.547729967331 
7254.210449174398 
7256.052859506514 
7257.1992092069695 
7258.435496015529 
7261.009018384438 
7262.703565521366 
7263.961478342487 
7264.838188014151 
7264.781719042393 
7265.575003611044 
7266.778089391852 
7269.949130113512 
7269.630339728397 
7270.616675200462 
7271.739890944467 
7273.851917121263 
7274.907267038911 
7276.054771868537 
