# "MSD"
0.0 
2.2643092994353156 
4.336856410623894 
6.393490573331168 
8.472404356056648 
10.551751047055777 
12.624969880975943 
14.711718592050145 
16.771412103221632 
18.828188747605623 
20.87817904687199 
22.951468554218557 
25.014104990278742 
27.078293454678885 
29.157482685260078 
31.19790718823904 
33.30147114904528 
35.39155051812084 
37.46693482384737 
39.51708954619445 
41.60027727508188 
43.707017672737216 
45.83726863427237 
47.88058707692563 
49.916162332171794 
51.974730976948806 
54.060330037329734 
56.13824793857009 
58.160427766973726 
60.17438107196735 
62.176018953483165 
64.2015187407531 
66.27487796977815 
68.41002292316686 
70.45319434134183 
72.5038251390125 
74.54874892396207 
76.57144687997817 
78.70415697807096 
80.77771545496238 
82.8894024244216 
84.90780370369286 
86.92915698250894 
88.96083899196341 
90.97212723060646 
93.06374611403095 
95.09188709482912 
97.08742037436684 
99.01411907510142 
101.01159672724894 
102.96033358947487 
105.01620945687094 
107.14566771065766 
109.2128754641087 
111.18220405504354 
113.2364310904459 
115.28683819553413 
117.2812650655214 
119.28099210427007 
121.24420235427532 
123.23856144717942 
125.34945237474494 
127.28273393623675 
129.28121168103416 
131.29511079373157 
133.19649743194768 
135.1257101379094 
137.05666145538842 
139.08064555148925 
141.0837059483524 
142.98721577306137 
144.97678477271714 
146.8966199435897 
148.8962808884335 
150.91866498191237 
152.98952023485958 
155.04682122482347 
157.07749450857585 
159.09280250157008 
161.13786703836232 
163.15897679824772 
165.21679865665584 
167.2963683928952 
169.39938499499505 
171.38479718536837 
173.43280544685612 
175.62468219547466 
177.67284989559033 
179.56457601868195 
181.57073295953694 
183.62520596681935 
185.74845266095016 
187.7843570730623 
189.77596941776136 
191.937755973883 
194.15958916659196 
196.24949333431854 
198.34031751424206 
200.40537449021963 
202.4170493660352 
204.6361505224705 
206.73842691757073 
208.77109284091551 
210.91984142281092 
212.7603061048516 
214.8382122435914 
216.97206708221137 
219.04635608098036 
220.9152432617434 
222.80973174090323 
225.03285604658285 
226.95509448760492 
229.07370425893487 
231.263831212948 
233.4127310189269 
235.43098920823758 
237.57968765033314 
239.58574083876792 
241.57100260890655 
243.55171625215786 
245.58754424398572 
247.7702205910469 
249.69177123905277 
251.67823685955668 
253.78003802462226 
255.93749567555122 
258.00264619868244 
260.09458915267294 
262.2574806942569 
264.1965836109103 
266.2323155715279 
268.43934808289185 
270.46575042248395 
272.6136001880273 
274.83507757751795 
276.8702864756439 
278.90862250234346 
280.92080447967714 
283.1589498272217 
285.18281678376263 
287.22558053642234 
289.24792951955953 
291.20615861748524 
293.41716460214707 
295.4993181898762 
297.54734533954115 
299.6014333684467 
301.90481714341445 
304.1243437861614 
306.2216628787773 
308.2888407833808 
310.2542728547382 
312.23184465751865 
314.20779628250665 
315.9769262079941 
317.93163496114875 
319.6354898453938 
321.59201323398247 
323.4922640785696 
325.2375303492074 
327.2791973158676 
329.18461358226574 
331.21169705040205 
333.2351560308347 
335.35656602447233 
337.2170941161887 
339.1833175998946 
341.25122760417844 
343.3333125997141 
345.46545369327356 
347.60933612024866 
349.6587241013121 
351.8956765040197 
353.98738598178903 
356.13202503358656 
358.25204086774283 
360.30748935646557 
362.51413967188336 
364.48641294361477 
366.3564876099473 
368.57001187789876 
370.5904546291409 
372.50247191693717 
374.36370197538974 
376.49426262875767 
378.43473081318416 
380.4579211249434 
382.3544916578942 
384.4969011805893 
386.6525497779503 
388.83883160672855 
391.04752982738086 
393.12724263346377 
395.1433117757447 
397.07067412034417 
399.3234979694882 
401.5176276672311 
403.5704410386794 
405.54615157733866 
407.5779742372844 
409.79247381651317 
411.7313065488342 
413.71423030360074 
415.690161651147 
417.644789538574 
419.69330922477695 
421.61877209279703 
423.41858537091747 
425.4008878308513 
427.5478156387672 
429.61072166378915 
431.74891525249365 
433.8156201512979 
435.68109050434623 
437.7016353144958 
439.7014140861215 
441.8176023485353 
443.77431184727885 
445.9409900469745 
447.82750717066335 
450.0431288456072 
451.97944403721544 
453.79136910790606 
455.7913725381027 
457.84793659990765 
459.8407827606503 
461.79117958548096 
463.8060452938187 
465.85372721800053 
467.7992320224339 
469.99237117551945 
471.9102284577601 
474.0006504260256 
475.85528815960043 
477.96107993075356 
479.8242109559529 
481.8610610424739 
483.75111223608417 
485.8178309460982 
487.92506824531324 
489.636298157777 
491.5658161454135 
493.7339707267135 
495.6919036934201 
497.7459195895724 
499.7436302702398 
501.7866190092969 
503.71074330902906 
505.732160967974 
507.6776733100916 
509.6994998146006 
511.46769839482255 
513.4412853470839 
515.1710586615417 
517.3896084502121 
519.4154126286406 
521.1121457857853 
523.2149703749127 
525.0626163862513 
526.9097927168698 
528.9162801745077 
530.9158233481708 
532.7805518112885 
534.6798673709483 
536.8292840153578 
538.8688033285065 
540.8628216880943 
542.7973859474519 
544.7048340572472 
546.8138223375042 
549.092526389182 
550.9718791836278 
552.8138010483622 
554.7732057501127 
556.6127664730383 
558.5503582054924 
560.2612734834647 
562.0424844618101 
563.8922931732037 
565.6263347895915 
567.5452744108065 
569.4722816219715 
571.427605256916 
573.1430212428951 
575.0160056979576 
576.9994981374433 
579.0127812690787 
581.0624485394972 
582.9164424727794 
584.9206127395086 
586.8965999382629 
588.7874649842025 
590.5620178058197 
592.3297274418601 
594.4667158521629 
596.5402308849626 
598.3558843237531 
600.3554149281986 
602.1658021088723 
604.1003327778253 
605.6911175915163 
607.5282537962651 
609.269634746825 
611.0802858411607 
613.0996673022636 
614.915508620514 
616.7815114330664 
618.872666722604 
620.7352980170577 
622.6862474343644 
624.602563637536 
626.4989687781266 
628.2380047180617 
630.0641939711444 
631.9468613814179 
633.9857432018839 
635.7366528451 
637.4800739005125 
639.2085137403224 
641.1822345936521 
642.9675956411992 
644.8302154094289 
646.7638246206094 
648.545170719328 
650.2759525269053 
652.0784737816174 
653.932441550364 
655.8864411929632 
657.615876931148 
659.341930007681 
660.9271940716469 
662.7873878213062 
664.6725213612459 
666.464731241576 
668.2072647625863 
669.8948488291013 
671.7651329173542 
673.2755884125837 
675.1098550449999 
677.061252752998 
678.9607219542612 
680.7194790201669 
682.5689652145728 
684.3616069918587 
686.0819527709749 
688.0575694366354 
689.7334807050394 
691.4911675884721 
693.0333633266532 
694.7917232775092 
696.390032880014 
698.3060432390002 
700.0830877259216 
701.9596252162236 
703.4837659049643 
705.0861464933135 
706.7857122472453 
708.3596101544504 
710.1819199258146 
711.7563078624576 
713.8542066131739 
715.7727905601586 
717.6172898774821 
719.5195708249888 
721.3323146736823 
723.108304386237 
724.9654997842579 
726.6549385679799 
728.3531054142194 
730.1148136237251 
731.8781327934793 
733.5473472509947 
735.4125099888269 
737.293914412425 
738.8937082332084 
740.8335707353519 
742.8085860211518 
744.5416188800046 
746.3198864670514 
747.9342494820969 
749.3894533729896 
751.1554721030913 
752.5689196764847 
754.0957548724637 
755.6788773083962 
757.3817542025904 
759.0979342760886 
760.822030772445 
762.4936836048875 
764.0943317095717 
765.6221364357251 
767.2628083977103 
768.9822175329223 
770.6120899327881 
772.2982366247269 
773.8226585724882 
775.4059160417007 
776.8933345768293 
778.5925282535912 
780.005393950856 
781.7059914623792 
783.4111743939471 
784.8697211825812 
786.8829277494341 
788.4359022983583 
790.1729252187392 
791.7573754602059 
793.3404636731206 
794.9134842165323 
796.6030478977068 
798.3778283972407 
800.0313348039551 
801.5807241931692 
803.1961625324774 
804.5032693153222 
805.9898004137557 
807.7338827059386 
809.2000442021322 
810.535622977672 
811.9063563671323 
813.4709811149601 
814.7958457433739 
816.3819211240087 
818.1682970959993 
819.9156613828469 
821.7238397007653 
823.2412970528643 
824.9445421424066 
826.4550623810387 
827.7110962898646 
829.1630346940432 
830.4351427369895 
831.9258657382733 
833.4298452253097 
835.0562829296531 
836.6703605030959 
838.1568093475789 
839.6465959148316 
841.221879499008 
842.7938867955427 
844.2243957418258 
845.408565288641 
847.0621854415409 
848.6340184317138 
850.1990413087872 
851.6872366619834 
853.0998228584065 
854.6846539561885 
856.0623635337043 
857.6368790387198 
859.1973694274258 
860.6284037290111 
862.1954336355701 
863.8344923418013 
865.252109709762 
866.9320351031121 
868.2719537199506 
869.8144570160707 
871.154641791269 
872.8536220609925 
874.3604658480358 
875.6935343854324 
877.1199853704194 
878.4681221820753 
879.7344700393787 
881.0483093447947 
882.3334860813578 
883.7489044058458 
884.8818670644927 
886.330780780995 
887.6980045643529 
889.0493827308251 
890.3736769280397 
891.632630279269 
893.1029885611892 
894.2953331424922 
895.8788728600766 
897.360362157161 
898.747987068712 
900.2384930451168 
901.6560604911749 
902.9336823137389 
903.9784487970988 
905.3558679121929 
906.6433888101529 
908.0092790205993 
909.3982950712334 
911.0613851195429 
912.5666171448088 
913.8603284007097 
915.1497866620766 
916.4726942227801 
917.882042166838 
919.174785276328 
920.3803724486668 
921.7587392390656 
923.1481546649738 
924.2853765872431 
925.515236817623 
926.7203664186418 
927.8181264811024 
929.0983055714527 
930.2185457546123 
931.7695054835239 
933.0998772658214 
934.4146623485665 
935.7418967150192 
937.0903143755604 
938.3146012822999 
939.5106519102551 
940.7463903775213 
942.0312392580839 
943.3503519830994 
944.5316453257687 
945.6612524288014 
947.1341112154953 
948.2274490569284 
949.3760101578569 
950.6100148668974 
951.8914692562139 
953.3858283118739 
954.6850380017556 
955.9478187291486 
957.1907739553332 
958.6163213723631 
959.8480584734626 
961.0802766659201 
962.236611544594 
963.6677578983871 
964.9559270708347 
966.0094555303866 
967.1715684794599 
968.4310779870759 
969.3983523020358 
970.5201802392992 
971.8300724919575 
973.1443089304481 
974.4092451874349 
975.588191268626 
976.9246110547117 
977.9706070916874 
979.3056990595385 
980.5791942838025 
982.1307664700396 
983.4410024461243 
984.471831145579 
985.7365277642912 
986.9365851995555 
987.8955178819269 
988.9405963823226 
990.1119058464142 
991.1461630444121 
992.502615071269 
993.7481967928188 
994.8465685834034 
995.8732412473282 
997.2806176642607 
998.6724572664933 
999.783166174779 
1000.7384709182085 
1001.892066005152 
1003.0332727731388 
1004.1241761608158 
1005.5309962409707 
1006.6711121857747 
1007.6478911597474 
1008.938673432358 
1010.2371951720502 
1011.6704721328117 
1012.4654035282475 
1013.3464120273362 
1014.5435120254966 
1015.3652410524547 
1016.363067386135 
1017.5805554215267 
1018.7991791932473 
1020.0221962167429 
1021.1255934989463 
1022.3968027295857 
1023.2614961122739 
1024.532587035785 
1025.689678549332 
1026.5625688688344 
1027.5809210244036 
1028.5690194461101 
1029.6863007724114 
1030.826419194892 
1031.9490421303153 
1033.0498300982842 
1033.8919770448344 
1035.0004804354726 
1036.1018251735268 
1037.0775433393121 
1038.1893238388107 
1039.4290856423092 
1040.2466613743516 
1041.3880564692276 
1042.5068463951143 
1043.6251786665887 
1044.611083658449 
1045.6450389136062 
1046.5589829012483 
1047.6119047278712 
1048.762017160124 
1049.5583748449387 
1050.560404054622 
1051.5314836528726 
1052.654506682625 
1053.4676529666633 
1054.594669883202 
1055.5694486655875 
1056.5629733938042 
1057.5596458861542 
1058.4568238097727 
1059.628860214381 
1060.5620413558224 
1061.4448064013568 
1062.1411235003288 
1063.2370760850722 
1064.2081499254539 
1065.0864051844633 
1066.15467196319 
1067.2180613286225 
1067.9445701697334 
1069.0824888522882 
1069.9462637382755 
1070.7580148518055 
1071.6413970588706 
1072.4136835845577 
1073.4116688409854 
1074.4967020060794 
1075.4601655540241 
1076.3947915224699 
1077.338978331503 
1078.2313642295744 
1079.2582722947093 
1080.0471699154486 
1081.2073261198764 
1082.1487545026312 
1082.831569886232 
1083.6937953234592 
1084.633392641171 
1085.595589183534 
1086.6380754078323 
1087.4766141139887 
1088.584492926153 
1089.5197280050359 
1090.178633244679 
1091.0527900272627 
1091.953816789203 
1092.9291612521054 
1093.4779240015584 
1094.0869820087198 
1094.9772938380331 
1095.8982572272803 
1096.6705459733248 
1097.466347992729 
1098.3537001008729 
1099.2044003079175 
1099.7843193931635 
1100.6995896222156 
1101.507262879335 
1102.1580001611574 
1103.1601837850342 
1104.0445593991835 
1104.8934935500026 
1105.7045793421967 
1106.4801293411115 
1107.097764488917 
1107.50236129497 
1108.2775887217804 
1109.172378941296 
1109.9942722045248 
1110.784210584576 
1111.5997593315974 
1112.4806182772322 
1113.031451673446 
1113.833919083863 
1114.6407617763298 
1115.4350361831955 
1116.2560236613335 
1117.1309346855378 
1118.0105211160787 
1118.6951687970802 
1119.3160262870458 
1120.2136716895518 
1121.0664006192114 
1121.5129508126104 
1122.1335831250362 
1122.8116049888629 
1123.7305337187026 
1124.5524010145457 
1125.339803835445 
1125.9804193516736 
1126.8878131648644 
1127.662731254927 
1128.3668563629767 
1129.0400116622352 
1129.8381912441118 
1130.6470531681093 
1131.494065425613 
1132.0536435738504 
1132.7773718767535 
1133.5198983499001 
1134.1107213615949 
1134.8958911458624 
1135.6580146780334 
1136.4769055384406 
1137.2155296027686 
1138.0645118607506 
1138.8585941011575 
1139.6566719967193 
1140.3550363494069 
1141.0669745849732 
1141.662090942157 
1142.51443066787 
1143.368062586583 
1143.9109083300061 
1144.4647885650159 
1145.1981568016745 
1145.915619033852 
1146.7483715313538 
1147.6297644144183 
1148.4326142222992 
1149.1880532680946 
1149.8896688820444 
1150.824441635424 
1151.3602776272205 
1152.0383278071972 
1152.7258606663092 
1153.4440339395378 
1153.9510051103653 
1154.4077976072285 
1155.1948617709777 
1155.9160936809442 
1156.5910788294461 
1157.3690403989415 
1157.9350340281994 
1158.6859868896906 
1159.0887032409296 
1159.8922037846662 
1160.4536276603458 
1160.9128473660537 
1161.4486715542691 
1162.2180481383002 
1162.875468714151 
1163.3101799719705 
1163.8439009246315 
1164.6660098359857 
1165.4398810845923 
1165.9887537739976 
1166.543289505236 
1167.0480755397432 
1167.562137999519 
1168.2613652897303 
1168.8183243590638 
1169.4342139462763 
1170.0828224281709 
1170.91444734007 
1171.577299252089 
1172.18416630637 
1172.86389423987 
1173.41040445852 
1174.0662384661198 
1174.6523239092987 
1175.4316940463325 
1176.240041756377 
1176.566302258385 
1177.1689480158852 
1177.8099401041761 
1178.3718396362685 
1178.9453810482282 
1179.536618007854 
1180.2442059923844 
1181.0121736971425 
1181.7688342346962 
1182.386784411276 
1182.871365822958 
1183.5355065640606 
1184.1065453502347 
1184.8165221970205 
1185.4744267221938 
1186.0027846733014 
1186.5031391422294 
1187.0473398818906 
1187.8076521206153 
1188.4937236349917 
1189.2555249475674 
1189.618689020254 
1190.0678250728156 
1190.8030004086993 
1191.3811604953241 
1192.0150867251998 
1192.579093537172 
1193.2414617391946 
1193.9758921742255 
1194.3470191047577 
1194.9649165525693 
1195.5971597142507 
1196.0692864483115 
1196.695676364542 
1197.2246725215518 
1197.686892160192 
1198.3913846861915 
1199.0876923256355 
1199.4522873128976 
1200.3029316204809 
1200.659666735149 
1201.0349757784595 
1201.7101466406082 
1202.4107281071247 
1202.8853896625617 
1203.6118726779653 
1204.2041322141545 
1204.601140991613 
1205.0937341731615 
1205.730250830111 
1206.4425812282986 
1206.968446514336 
1207.5781086652273 
1208.2730462903717 
1208.8002516955885 
1209.2858329556866 
1209.6262989673817 
1210.0555351284534 
1210.8113536001206 
1211.2554233860803 
1211.5613626404338 
1212.1291420241914 
1212.6847008053383 
1213.3440786017209 
1213.7332169115823 
1214.2128635544227 
1214.4943129138474 
1215.05975965597 
1215.648765614512 
1216.18807864024 
1216.679114794559 
1217.2512240277222 
1217.8485420924922 
1218.3028365773712 
1218.656804908466 
1218.992017949347 
1219.6754650195169 
1220.2303197682259 
1220.7454127831825 
1221.2295169573322 
1221.7121069732248 
1222.1052279240655 
1222.4121929667438 
1222.9406205995633 
1223.4170696607655 
1223.7900136549983 
1224.1517317602627 
1224.8879472333736 
1225.4696083554456 
1226.0015167650965 
1226.4591890294478 
1226.792288674783 
1227.2130997104164 
1227.8535839321878 
1228.3659289096802 
1228.6208108902229 
1229.034803959018 
1229.6430299876192 
1230.0182375942327 
1230.5865005501555 
1231.2017532768475 
1231.7521212515278 
1232.1544484072676 
1232.6287469307504 
1233.1369966291331 
1233.6759802342779 
1234.2972588481614 
1234.9113823843209 
1235.3560584583188 
1235.8594801516642 
1236.4068129988486 
1236.920671789647 
1237.5394456742818 
1238.0636977648119 
1238.3711775388883 
1238.988802066822 
1239.311634412392 
1239.8494331828394 
1240.399852206651 
1241.093563421921 
1241.5746082347814 
1241.9905200858814 
1242.4677616992012 
1242.7477373159902 
1243.2316254729465 
1243.5769945135264 
1244.365138102694 
1244.7773183299348 
1245.2710315509896 
1245.6059563284907 
1246.1054745000665 
1246.7598931845987 
1247.3346356942043 
1247.6592817560393 
1247.9583743908154 
1248.386094088159 
1249.0250866245033 
1249.3060286157909 
1249.7217620011227 
1250.0738068618837 
1250.578045399125 
1250.9297863877528 
1251.3113340677248 
1251.868072831573 
1252.4200679672617 
1253.0422609344205 
1253.4732027801945 
1253.8681575536493 
1254.4307361658086 
1254.7900060426355 
1255.2007442040863 
1255.6291219758589 
1256.0549253849786 
1256.507188062636 
1256.9867800512918 
1257.6175901423658 
1257.8860405445769 
1258.225113395582 
1258.677706330717 
1259.1940577035584 
1259.628878388088 
1260.30553398695 
1260.5474366158903 
1260.746856790169 
1261.2036916908992 
1261.5908615383023 
1261.9452413634367 
1262.1847256373333 
1262.7485399162492 
1263.3276209709325 
1263.8813742047028 
1264.1987106109004 
1264.6501128397342 
1265.1604563083883 
1265.260658332261 
1265.8156004347784 
1266.0854611452214 
1266.4866682298152 
1266.769473578969 
1267.2858625319316 
1267.867526773764 
1268.4177112142984 
1268.7176306635088 
1269.2024316038453 
1269.4725426861817 
1269.8209073767944 
1270.0622198379988 
1270.5523969892533 
1270.8956565649125 
1271.1233616516386 
1271.6530900779667 
1272.1450820007472 
1272.271922547823 
1272.7144957560315 
1273.0745150032951 
1273.4254708459973 
1273.795769691025 
1274.3525484325278 
1274.8059262278944 
1275.2753608999528 
1275.6580591043303 
1276.1223143769737 
1276.3751118564603 
1276.8184414063153 
1277.1822009440518 
1277.5537475604153 
1278.172125811551 
1278.4658569756384 
1278.9643084461336 
1279.2733555148882 
1279.4045990809332 
1279.88150670784 
1280.3170188098672 
1280.7575199123253 
1281.0713362785607 
1281.4346002491232 
1281.7912719639498 
1282.099726402697 
1282.5082515146876 
1282.9098493521942 
1283.3819099028674 
1283.6388873224919 
1284.0317261618711 
1284.4810770081915 
1284.895395428988 
1285.157616337128 
1285.6320418094488 
1285.7817890016563 
1286.2379591271847 
1286.3822768732969 
1286.8917254918088 
1287.20893361285 
1287.6681535974649 
1287.866761356533 
