# "MSD"
0.0 
17.123053768854646 
30.71338157521473 
33.25317552368134 
33.43552880520741 
33.53208411724083 
33.66494949632768 
33.778771362118086 
34.03868263951486 
34.55904481637747 
35.69577507505869 
39.501371070489014 
49.55301328472452 
56.714073381583965 
66.39968522397822 
76.60385653275857 
86.17806451609385 
96.18873505513292 
106.58051032215558 
116.67568968669814 
126.54764904408756 
136.78902884323537 
147.2277250405991 
157.04858602873864 
167.32517880562597 
177.59771480719826 
187.53147674553966 
197.24872710347194 
207.49487868788697 
218.0945003201779 
228.05067369339702 
237.81219352692423 
248.06740621179497 
257.8548294977977 
267.6958332245513 
278.06527152772316 
288.30686091843734 
298.2126813744194 
308.1981616838804 
318.5786457599405 
328.79876512788513 
338.8123656639355 
349.6088423396618 
360.00255108091864 
370.2082668110623 
380.01856082734827 
390.5372703236596 
400.5598540773443 
410.3356077284586 
420.58302737384406 
430.51299114364747 
440.59978670294385 
450.9273750381554 
461.1007769431531 
471.18065008094834 
481.82771504020894 
492.20544208131685 
502.71760565194046 
513.0711187701451 
522.8883762863039 
533.1101701317908 
543.2533550851069 
553.8389937615623 
563.956188896296 
574.6060784778794 
584.7214271877893 
595.1392241426461 
604.8058902447898 
615.3559099686862 
625.978456250415 
635.9712684077475 
646.2986766645487 
656.5430641170279 
666.7371846585881 
676.9993385341868 
687.6290896170409 
698.2554056820034 
708.3884007091566 
718.6647457822017 
728.7161561011578 
739.0929866758429 
749.5768610648117 
759.7882884638003 
769.8144605847407 
779.6384841270157 
790.3019088681374 
800.563657473283 
810.7479525568932 
820.8733139675304 
831.0741655614922 
841.4220500563264 
851.4882231045208 
861.2659133572121 
872.2691152205689 
882.7936247723607 
893.0103404172371 
903.688998775578 
913.5497049419369 
923.4228547623026 
933.2396653646716 
943.2944191668996 
953.422821593771 
963.5323231360303 
973.4398890701219 
983.6762713937916 
994.0671699379897 
1004.0470881571235 
1014.2526296599553 
1024.3072167329537 
1034.6093800708077 
1045.1914973571822 
1056.4667970083508 
1066.2909188043727 
1076.5625046387956 
1087.2657124728084 
1097.5245877440307 
1107.8934554398115 
1118.8211627550806 
1129.2645871982927 
1139.510240049332 
1150.7491237174297 
1161.3646781293476 
1171.4504628244938 
1181.9194427469367 
1192.9710186149473 
1203.6153784586138 
1213.7467815215975 
1223.7904057237129 
1234.3336358445904 
1244.7953652538506 
1255.1296231711435 
1265.323453956157 
1275.3440683671158 
1286.1917110816378 
1296.2255238152472 
1306.8363426612652 
1316.8008346423164 
1326.7205275480183 
1337.1720985119937 
1348.0440281400608 
1359.0045223471745 
1370.1353086839165 
1380.140215423528 
1390.5502006569077 
1401.5096457372654 
1411.8036461090367 
1422.2690200173606 
1432.5961142365718 
1443.1474114920568 
1453.8887825073996 
1463.1638951384598 
1473.5893649058046 
1484.072490957462 
1494.0435562923276 
1504.8290908919507 
1514.8624065315105 
1524.3824423827066 
1534.569929874367 
1544.8151657625933 
1555.2723417060606 
1565.1195737683768 
1575.0138692105936 
1585.1539264183536 
1595.6200232807698 
1606.230654345364 
1616.1292638436414 
1626.009988853564 
1635.7982923851785 
1646.5120687936303 
1657.223881070542 
1667.7419202984959 
1677.6040340890859 
1687.8041777009962 
1698.0884854467558 
1707.8245810767216 
1717.692016794671 
1727.83907365655 
1737.8099030622466 
1747.6528685027913 
1757.2251839369974 
1767.1493659479602 
1777.2543483096947 
1787.4043333862844 
1797.9101431614322 
1808.2710781643846 
1818.6739189046314 
1828.6071606571986 
1838.329166288275 
1848.4440587602696 
1858.3687809055375 
1868.7975626961227 
1878.6859828413928 
1889.3541141828916 
1899.7119257302977 
1909.726771279396 
1919.8583272173123 
1929.5036120609839 
1939.4285950873075 
1949.3879037605873 
1959.7276187201066 
1970.1418007158509 
1980.6281795877755 
1990.0446394204907 
2000.2810092791578 
2010.536201967007 
2019.574470834318 
2029.9193863077958 
2040.950634468464 
2051.532665421092 
2062.1938716237673 
2073.1917261873746 
2083.0127759825405 
2093.8030822485925 
2103.5840613946643 
2113.923122994121 
2124.375662906332 
2133.58385112998 
2143.977165402683 
2154.24835454937 
2163.955834839553 
2173.9775923485163 
2183.2393283290257 
2193.1493946421597 
2202.9149732798182 
2213.0449723381826 
2222.8367008241917 
2233.304253844607 
2242.465699357411 
2252.3372923457614 
2262.342834946001 
2271.997712677777 
2282.1977122277344 
2291.53364256093 
2301.6911792473684 
2311.304886155395 
2321.122097574197 
2330.9992021195326 
2341.024912452054 
2350.9274876140657 
2360.1057731450815 
2369.2525092518968 
2378.6730997468385 
2388.531119259427 
2397.6319698851944 
2407.5497172666082 
2417.5430971917176 
2427.9511022225543 
2437.775288610422 
2447.5971469260035 
2457.1529697605206 
2466.7923304296996 
2477.2600148970737 
2487.299545057893 
2497.297222777491 
2506.8597846571347 
2516.2140851275385 
2525.6525035018767 
2534.9108816928087 
2545.076876015374 
2554.5145616336317 
2564.773738644281 
2574.804978248216 
2584.207478264815 
2593.0614719108 
2603.2437298689288 
2613.1845159425047 
2622.6959694637035 
2632.4157012493783 
2641.2174536417965 
2651.049888793407 
2660.5931518944967 
2670.0764964826303 
2680.174512716721 
2689.8179619687485 
2699.6610296645754 
2708.308218468015 
2717.960531787261 
2728.3758914193477 
2737.841160666349 
2748.1219982780062 
2757.479349397166 
2767.004419709718 
2777.1925194891246 
2785.641219125576 
2795.538899163276 
2805.4997287606984 
2815.163451304884 
2825.268809935696 
2833.876130095519 
2843.699793734719 
2852.433131603829 
2861.6466362096335 
2871.113600080052 
2880.9394911789764 
2890.2376386077926 
2899.667286749113 
2908.7654282851668 
2918.4155220770313 
2927.223136289441 
2936.2651981926133 
2945.719488597345 
2954.200918160889 
2963.264138170697 
2972.6543695303976 
2981.8430454521185 
2991.022262054872 
3000.5324606070894 
3009.82004648698 
3019.042033193008 
3028.5435732557894 
3038.282055606323 
3048.114519681185 
3057.299083717732 
3067.3024151174773 
3077.3098170976173 
3086.9127914492756 
3096.1266305821473 
3104.6362828567103 
3112.9883864873773 
3122.813378201102 
3131.457608130701 
3141.1669515196027 
3150.802626056859 
3161.0469383823197 
3170.0593937255503 
3179.52357798958 
3188.6522670011545 
3197.9212359485223 
3205.791978200593 
3215.7469154673877 
3224.7357718184285 
3234.030287657087 
3243.3233453644443 
3251.96758003284 
3260.4995233246286 
3269.728617007124 
3279.0447373463926 
3287.4093861676106 
3295.7959881495776 
3305.7494193778434 
3314.1353999314874 
3322.6095322405827 
3331.376971942559 
3340.884451528251 
3348.379647901877 
3357.2565707561503 
3366.8958383835875 
3374.6161998206803 
3382.8971875677275 
3391.887081911714 
3400.7227590244097 
3409.001117228767 
3416.89045594162 
3425.74279295236 
3434.6758359712508 
3442.668004128043 
3451.390813659592 
3460.2164705447026 
3467.5255535354445 
3476.1218534069526 
3483.9416077274454 
3492.171531917499 
3500.37073527093 
3508.700133478682 
3516.8849154124737 
3524.420848909863 
3531.6525396460293 
3539.868254520249 
3548.3974358565397 
3556.653353340483 
3565.496570686635 
3573.8912492455697 
3582.7870648586136 
3591.263842107018 
3598.981254134155 
3607.3891022159246 
3614.985026487202 
3623.16419230123 
3631.366774033445 
3639.1680060347257 
3647.676102781873 
3656.2607839928587 
3665.0206050611405 
3672.7741119130296 
3680.784188016558 
3688.7873932607263 
3697.6437784288687 
3706.0271686040546 
3714.8284712750324 
3722.8584435951116 
3731.9505910203916 
3739.9866041710984 
3748.4824260601767 
3755.898784451226 
3763.4854092161163 
3771.371352437573 
3780.061269233918 
3788.1195734668727 
3794.4988436284084 
3802.9144340654993 
3810.6905168299622 
3818.4582595507086 
3827.2651278122244 
3834.9587965845017 
3842.5932484283544 
3850.4753312368457 
3858.2876163327383 
3866.354445044956 
3875.3928287271947 
3882.8759336741605 
3890.7133415972094 
3898.474370362404 
3905.088385637633 
3912.8077593296057 
3920.3232181794333 
3927.157699210631 
3935.1470447902507 
3942.288456416021 
3949.856093849015 
3958.326963515733 
3967.087452993957 
3974.3834341373267 
3981.789066641313 
3989.920125960278 
3997.5755363901967 
4005.8504877152063 
4014.3680984843563 
4022.1957097585596 
4029.558087732571 
4037.355060264237 
4044.95203677835 
4053.3725560921034 
4059.4560237509386 
4067.0915933129554 
4075.4043957831077 
4083.006222622426 
4090.6498626310213 
4099.25462856071 
4106.679631165725 
4113.717452451459 
4121.061945723657 
4129.218105825609 
4135.8692090088825 
4143.5896607819295 
4151.033895203234 
4158.098712173668 
4166.049118153247 
4173.575845948307 
4180.782094268656 
4187.141692948309 
4193.82482976228 
4202.300137838705 
4209.961030810265 
4217.203798390107 
4224.4096283465915 
4231.2194485877235 
4238.75510654036 
4246.984998532418 
4254.454257368921 
4262.138210078785 
4269.692546185385 
4277.207391571909 
4284.418760903854 
4290.87193644954 
4298.035637706355 
4305.0800636466665 
4311.392640958552 
4318.589783033433 
4325.633780461785 
4333.3788857696 
4340.962726115324 
4347.696648473986 
4354.549917038356 
4361.8183643638395 
4368.5449053015645 
4376.133336087512 
4382.865301270861 
4390.157412811045 
4397.290442991544 
4404.230651559028 
4411.366023666971 
4417.630628752583 
4424.068808856933 
4430.802420366022 
4437.421326610744 
4444.129627769899 
4451.222814606887 
4458.072139688729 
4464.870154357265 
4471.3930092697865 
4478.425676756816 
4486.867342072728 
4493.72822924475 
4500.380067690803 
4507.4044111623025 
4514.015230769889 
4520.740937646249 
4527.546100236264 
4534.332438368561 
4540.252662614161 
4546.707592883329 
4552.491126832696 
4558.880022608929 
4565.121863578199 
4571.251763957733 
4578.18169893891 
4585.447941980273 
4592.572875450325 
4599.787680256592 
4606.42424628398 
4611.786917378606 
4618.613202956322 
4626.315093286732 
4632.196731630656 
4638.4509599123285 
4644.589732377838 
4650.540633084787 
4657.566201630485 
4663.196511857022 
4669.476792236101 
4675.92502834574 
4681.92424972255 
4688.446632044669 
4694.5037741239275 
4700.855407689573 
4706.527888089041 
4711.408690909843 
4718.863865046357 
4725.626799645229 
4731.118511433975 
4736.9968054497185 
4742.997872653924 
4749.081464269436 
4754.901932934706 
4760.487848042739 
4766.62433193245 
4772.863749127254 
4778.516225437774 
4784.779042132359 
4791.393353793728 
4797.894542450936 
4803.695847606329 
4809.452049585828 
4815.076952262149 
4820.965365546184 
4827.170776237651 
4832.925059603888 
4837.830753492662 
4843.304965145322 
4849.78787120555 
4855.113690502433 
4860.9217240084 
4868.116236536624 
4874.2595654559655 
4879.404492634641 
4884.85447994104 
4890.581183411445 
4897.102228981333 
4903.7006019511555 
4909.859644756239 
4915.785814344755 
4921.903459626554 
4927.848389631469 
4932.58742634038 
4937.848808206597 
4944.271517892949 
4951.03155665607 
4956.2068216065245 
4962.076023420648 
4968.306454803449 
4972.784911802294 
4978.810657404217 
4984.912163436156 
4990.880387375327 
4996.226879423889 
5001.638301326272 
5008.289529224049 
5013.938385878921 
5019.790511298332 
5025.198636855313 
5031.290503078561 
5036.675132075947 
5042.427994235069 
5047.750516099529 
5054.015448908235 
5058.852896176427 
5064.214779211451 
5069.870735452839 
5074.652607736194 
5079.498864850689 
5083.914233841834 
5088.6034291250835 
5094.488500118743 
5100.152973207929 
5105.084566396757 
5111.276556154626 
5116.537711155225 
5121.459989694917 
5127.417095263168 
5133.514473443689 
5138.9270387857905 
5144.609502420217 
5150.908165454595 
5154.971272154387 
5162.504867183888 
5167.765559597644 
5172.397577207605 
5178.817681893566 
5185.149908708019 
5190.306721325909 
5195.909518734467 
5201.538514809421 
5208.051944108805 
5213.223521489728 
5217.571887506353 
5222.841509577666 
5228.936865680083 
5233.5407806470685 
5238.590409996973 
5243.713313336237 
5248.273626712107 
5252.289814068593 
5257.98346881725 
5263.01995220735 
5268.486323253762 
5274.033958730091 
5279.595678465443 
5284.538645863154 
5288.508285829983 
5293.0255588379505 
5297.5047280630115 
5302.893241443302 
5308.644768271198 
5313.14632846228 
5318.850469720725 
5324.108871361724 
5329.5118659837235 
5334.961378290473 
5339.865753771615 
5345.575362651762 
5350.471915675697 
5355.106664491514 
5359.807709863301 
5364.318816600313 
5369.020976754178 
5374.501038956131 
5379.465892095895 
5384.941494819187 
5389.895942864506 
5394.9994181077145 
5400.579479257335 
5405.288879844773 
5410.707694117499 
5416.148856742508 
5420.795275306026 
5424.176061299025 
5428.755204162238 
5433.441692187757 
5438.449036356548 
5443.321227868901 
5448.751934107188 
5453.661974775441 
5457.746453169443 
5463.443869141994 
5468.109741744749 
5473.302962201862 
5477.49692972743 
5481.487692263768 
5487.082739790824 
5491.608870986497 
5495.802027151474 
5500.19895409153 
5505.569794767414 
5510.338054129553 
5515.567684717556 
5520.972631963404 
5526.200811877285 
5530.855431005104 
5536.079774745053 
5540.652998325475 
5545.440018151567 
5550.014494814421 
5554.863661441084 
5560.072903482912 
5564.247486571046 
5568.7705619099725 
5574.296815060236 
5577.91511867822 
5582.660209692812 
5587.782249985636 
5591.926069353556 
5597.36222917316 
5601.707875912188 
5606.500054919128 
5611.774237356691 
5616.103032368266 
5620.961557136401 
5625.867683979647 
5630.233970964256 
5633.576923733401 
5637.603491726603 
5642.476838521698 
5646.085412214785 
5650.281746934413 
5655.446550757955 
5659.187490977002 
5662.675610455263 
5666.570331029755 
5670.893809452959 
5675.10119853036 
5678.818912411908 
5683.231227626499 
5686.36530848176 
5690.576080368641 
5695.455127711357 
5699.512609722353 
5703.219611419648 
5707.293383966323 
5711.672525830891 
5715.535152056247 
5718.602305023307 
5722.975149865975 
5727.731551307947 
5731.700171165315 
5735.625103227311 
5739.71914083283 
5745.038541586948 
5750.454449245963 
5755.102546238155 
5759.221663820599 
5762.773887202121 
5765.578433007551 
5769.851442511901 
5772.939988747727 
5776.298539931753 
5781.330177096405 
5786.323406528734 
5790.510283560753 
5794.543465027108 
5798.975791922464 
5802.152124295684 
5806.982350784151 
5810.553054205966 
5813.614604083799 
5818.223038046809 
5821.2090180102405 
5824.607538087372 
5828.386091723422 
5833.832514506891 
5838.742850622072 
5841.084423621745 
5845.354191074179 
5848.853522113181 
5852.737875385363 
5856.52679122661 
5860.455930631467 
5864.923464511115 
5868.673640979421 
5873.172545872849 
5877.193157965504 
5881.633156664798 
5885.267613636305 
5889.172088760094 
5893.284058265726 
5897.792137890733 
5902.286069494247 
5905.204412452226 
5910.121856284499 
5914.153244557773 
5917.8669639338095 
5921.0175376514 
5923.98173005347 
5927.359447311472 
5931.07423347773 
5935.020957060332 
5939.344617142183 
5942.267458841929 
5946.115572079438 
5949.752855387901 
5953.242507312715 
5956.881219893653 
5960.257727801566 
5964.595477765631 
5968.578440272709 
5972.157232671657 
5975.631732382515 
5979.302123802095 
5982.85032398951 
5986.218492729645 
5990.316049356116 
5994.999625215429 
5998.398267397488 
6002.445921498025 
6006.246142715505 
6009.891067918994 
6013.510699537856 
6016.624866197516 
6021.630935351537 
6025.395072940845 
6029.132149006786 
6033.22786495569 
6036.68440015813 
6039.8532112428575 
6043.468180139601 
6047.035167254426 
6050.433864557246 
6053.970686503696 
6057.46379031453 
6061.650424956238 
6064.903080162506 
6068.353575909504 
6071.47212463828 
6075.349584930953 
6078.430310488973 
6081.950259220086 
6084.705461599625 
6087.986428289697 
6091.285373880523 
6095.680917886643 
6097.7694898341215 
6101.46448556082 
6104.295957019505 
6106.3703505393105 
6109.198817959027 
6113.405063730654 
6115.394061389091 
6118.827522732969 
6122.919361162512 
6126.90899068256 
6130.266320146325 
6132.111089643705 
6135.440305046206 
6138.033302661497 
6141.648266210041 
6145.540758507792 
6149.22827206139 
6152.621241940121 
6154.929977020395 
6157.81322957129 
6160.38822537139 
6162.791126406546 
6167.430199213896 
6170.344424679754 
6172.197139138484 
6175.914169741646 
6179.8571204142645 
6182.718129971994 
6185.509681422856 
6188.571228965804 
6192.0460717459055 
6194.955976390225 
6198.175214357081 
6200.687482676824 
6204.194958846804 
6206.675000517172 
6210.040587344 
6213.579704289731 
6218.454246329362 
6221.975015856835 
6224.915078826347 
6227.105657810109 
6231.017079590415 
6233.648584797354 
6236.411187259219 
6239.025519002814 
6242.192178607244 
6245.835440445685 
6247.985813910803 
6251.374495487702 
6254.362747649075 
6257.223160801126 
6259.24916549572 
6262.816849748594 
6265.794313922817 
6268.399612671319 
6272.330340229481 
6275.608628446495 
6277.825288088765 
6281.469756456538 
6282.892683076289 
6285.666049960276 
6288.553896327838 
6291.664646603853 
6292.976245328139 
6295.956546851352 
6298.318503641545 
6302.15422558889 
6304.131335611289 
6307.185888781011 
6310.599072810103 
6314.119306236629 
6316.406787039403 
6320.079047008885 
6323.3987189518 
6325.342361577343 
6328.249846806305 
6330.689055762143 
6332.359007714106 
6334.497371067647 
6337.865520432466 
6341.01883400332 
6345.1837188753625 
6347.330649193797 
6349.986068759492 
6353.067339745223 
6355.737658924206 
6359.6298727603935 
6362.235750675975 
6364.892877004712 
6367.411602837265 
6370.065975424146 
6373.503825556252 
6376.090955788249 
6379.385199252045 
6381.182133799846 
6384.336053745021 
6386.756965130669 
6389.242666945809 
6392.7645599820935 
6395.201525821073 
6397.772872032168 
6400.52439613466 
6403.559762045245 
6407.263742846618 
6410.71459194828 
6413.953639291552 
6416.590453455884 
6420.135920223399 
6421.635810561099 
6423.8154025987105 
6426.900148617485 
6429.455615058798 
6432.312692281687 
6435.616905784498 
6438.172905383176 
6440.63640566019 
6443.746735018024 
6446.812872237889 
6450.349798018983 
6451.5167978051895 
6452.772385259886 
6455.812569934939 
6458.187476733836 
6461.27606414759 
6465.034002909723 
6468.255237150168 
6470.918048201342 
6474.390444814724 
6476.297463862956 
6479.150474859192 
6481.702064798819 
6483.394159598428 
6485.134220361328 
6487.0425440375475 
6489.226084105973 
6492.352494623494 
6494.613574988522 
6498.057729374323 
6501.205153832085 
6504.015657896742 
6506.248028793942 
6508.091668475152 
6510.219342581439 
6513.410242839419 
6515.595745019461 
6517.704756380556 
6521.417376084324 
6523.862649775635 
6526.152830233194 
6527.810468278008 
6531.144475920304 
6533.021297510255 
6536.024185923386 
6538.6407176404055 
6541.762296834012 
6544.748244681157 
6546.149421569076 
6547.689398761166 
6550.72549814679 
6553.919921095825 
6555.532267295833 
6559.100462884324 
6561.487331305697 
6564.657619412343 
6566.52886230383 
6568.416298883585 
6570.617934244714 
6572.735092230823 
6574.889688037223 
6577.617647384735 
6580.078586923357 
6582.759766105797 
6584.996517780773 
6587.040582805192 
6589.618903127356 
6591.838053651296 
6594.570461355822 
6596.698354911802 
6598.865546175509 
6601.0339401704605 
6603.696410358698 
