# "MSD"
0.0 
7.548869741249634 
15.78532523756187 
24.151075913017767 
32.69613475041215 
41.235704672911154 
49.72088819419495 
58.12929862981377 
66.64642111265808 
75.13863184145144 
83.81555676406269 
92.33389016291926 
100.79489317528831 
109.1402236795125 
117.75008928638792 
126.30358161155542 
134.68456076138125 
143.15540508850762 
151.55589616472543 
160.05006471006 
168.70795357394735 
177.4057039116655 
185.94383067861048 
194.57204057173723 
203.38044986444896 
212.2165886929928 
220.80087670321748 
229.38074264079052 
238.07694369937926 
246.66817365139912 
255.22159070679558 
263.7586047495374 
272.30844382090675 
280.712858224106 
288.980149277158 
297.3000015567366 
305.7528783262179 
314.4114898987714 
323.041564146258 
331.8262175012452 
340.4197657340934 
349.07174548548784 
357.8262755342277 
366.34251553893364 
374.7519132594129 
383.36751729316273 
391.84589140704503 
400.1787223239056 
408.7297852309476 
417.1552487003959 
425.689994757562 
434.1074785351659 
442.6182664355691 
450.83743606102735 
459.20609925199125 
467.82673651221586 
476.41220489502393 
484.93260938882906 
493.4847143468999 
501.7835970872823 
510.20273636321986 
518.3330976964241 
526.6598661939743 
534.9973595925759 
543.1182336386643 
551.202653810481 
559.3451450699182 
567.7484366442416 
575.8973944008792 
584.3547567648266 
592.7930192892286 
601.1500348634677 
609.0294491817033 
617.3080391635966 
625.4138433628395 
633.8499144588249 
642.3353687344015 
650.5996136302944 
659.1193387527295 
667.4552377026635 
675.783207390251 
683.8526670307181 
692.0373792472957 
699.7375130956924 
707.4708604030385 
715.4895807393204 
723.6269438858118 
731.6102348387421 
739.7285809198539 
747.6285967346652 
755.8327309436519 
763.9437900078594 
771.9729184671805 
780.2974406587481 
788.3136274624833 
796.5461138732913 
805.2301815901648 
813.0250735380951 
821.100409626116 
829.205006669676 
837.2787458723694 
845.0118291634461 
852.8983648481648 
860.9106021215283 
868.7891228912945 
876.784005879213 
884.8715239515204 
892.8292130942687 
901.1460001021519 
909.1143201327181 
917.6991480476295 
925.6171394024378 
933.6407063616554 
941.6994949929903 
949.7087866198749 
957.4858536100387 
965.514102611256 
973.4888306117386 
981.3759159227342 
989.3818065186451 
997.3575001325463 
1005.4346780061267 
1013.301625315824 
1021.5410954640774 
1029.443442211618 
1037.6070414918713 
1045.6616907468374 
1053.8243113376404 
1061.904779412815 
1070.1464591017484 
1078.3312420747543 
1086.4149768860366 
1094.451832012533 
1102.3884706116803 
1110.4437281843009 
1118.4504927611822 
1126.6713471371272 
1134.681576071388 
1142.1306809746666 
1149.844352338313 
1157.8518835463283 
1165.820485870713 
1173.3148094207775 
1181.087672488433 
1188.7296284884615 
1196.442278536106 
1203.700433061026 
1211.1013213039894 
1218.7701984326065 
1226.6483264416083 
1234.51908113499 
1242.4498262632549 
1249.7434108853888 
1257.0929374446473 
1264.6242728082095 
1272.489948100715 
1280.2657337643495 
1288.305337177483 
1296.3030705729043 
1303.7903840648473 
1311.167731955839 
1318.8230409665132 
1326.3289622302364 
1334.256062086103 
1342.0690621447163 
1349.836009424044 
1357.9229883247297 
1365.3821305970555 
1372.2977508347285 
1379.9072246911164 
1387.6301675280583 
1396.0137226775 
1404.1044241190968 
1412.1172051682747 
1420.0140073518212 
1427.1069376312641 
1434.7016892246672 
1442.408845925093 
1449.869996050003 
1457.5181377739057 
1465.028256682779 
1472.0651318524335 
1479.729007114398 
1487.654320291736 
1495.3860193502192 
1502.8082185116014 
1510.6738586416457 
1518.241082378074 
1525.6336802659455 
1533.0079326406521 
1540.5448571706559 
1548.3414183548293 
1555.9692241899204 
1563.2377116223731 
1570.2406816668158 
1577.6282925771463 
1584.6819793988523 
1591.8404351325692 
1598.9202957218833 
1606.101096491291 
1613.1386443773845 
1620.3147664793946 
1627.3764705650242 
1634.9611312199866 
1642.5574954647839 
1649.9056242138809 
1657.0584895690258 
1664.5344521013424 
1671.6418616869441 
1678.8264642641257 
1686.4169364361496 
1693.976222551935 
1700.7943150218828 
1708.1029829062932 
1715.730535430685 
1723.5499257914178 
1731.426436753453 
1738.8752007335247 
1746.200861884658 
1753.8739206512626 
1761.5675462880956 
1768.8295110015974 
1775.739635806742 
1782.9577813106805 
1789.7574200132128 
1796.692259398281 
1804.2650038969527 
1811.800467256435 
1819.0196708418928 
1825.9027442845436 
1833.3088967503966 
1840.7622684866806 
1848.029203232918 
1855.5083117147371 
1862.9742319302395 
1870.6204159918404 
1877.6574364804708 
1884.6755935098606 
1891.1876535526987 
1897.394035024144 
1904.102548504423 
1911.247557931951 
1918.6927684679772 
1926.1378640659743 
1933.5611555210312 
1940.727997218287 
1947.5664750120097 
1954.4541232901693 
1961.3526022261092 
1967.851366184248 
1975.1084906633143 
1982.7506024801662 
1989.7906087407273 
1996.8320390874303 
2002.8863442109819 
2009.4712518661202 
2016.076054418435 
2021.9013247429984 
2028.0682882495182 
2034.5187014453882 
2041.2134606903774 
2048.028658789133 
2054.368223524917 
2060.559638576432 
2067.1382920906167 
2074.0610824253663 
2081.622119764922 
2088.2514868382846 
2094.492703180117 
2101.625482094701 
2108.0835717827813 
2114.791522645207 
2121.360062718995 
2128.209391001451 
2135.170861414311 
2141.6956920563325 
2148.46378248943 
2155.1330139585957 
2161.938402081558 
2168.1728483236698 
2174.6340641503803 
2180.7173198660403 
2186.483538655774 
2192.389910837287 
2198.7881535953 
2204.8495183017003 
2211.384755277955 
2218.050383599381 
2225.0626636854126 
2231.969557891661 
2238.205428672208 
2244.84345009246 
2251.180156122929 
2257.300235678792 
2263.5114282712243 
2269.6777652458877 
2276.410603845144 
2282.6414014961383 
2289.0219249195825 
2295.8383244873003 
2301.5211118843054 
2307.9421073267686 
2313.788776159664 
2319.6691282125744 
2326.0090442181026 
2332.257997231624 
2338.4037197731286 
2344.3309010858948 
2350.1164700694794 
2355.981033210338 
2362.3545302338393 
2368.1097018037844 
2373.904988262095 
2380.3993963212492 
2386.760951872568 
2393.3491611537142 
2399.3662553366707 
2406.035584614169 
2411.7885787470395 
2417.9493401975515 
2424.2508449886423 
2430.8084079217697 
2437.2071982076345 
2443.3595457106157 
2449.5291864397627 
2455.720198596566 
2461.77311287698 
2467.3982485469523 
2473.3687702622387 
2478.815449137235 
2484.950724771678 
2490.594287531627 
2496.062438874405 
2501.5675665209933 
2506.9826988061654 
2512.830028387354 
2518.7642220798684 
2525.2771213666556 
2530.553708622828 
2536.37119857596 
2541.966025501443 
2547.908907269522 
2552.6671051966896 
2558.8181465147304 
2564.40478190783 
2570.0583472899716 
2576.0054480140634 
2581.4388981182133 
2585.977286428031 
2591.125296611264 
2597.05597298917 
2602.488490260175 
2608.177408314296 
2613.6442298257407 
2619.461744527759 
2625.439238022396 
2631.0941267887442 
2636.5115591299145 
2642.1610629232214 
2647.6985661291187 
2653.12550469296 
2658.695028006544 
2664.104746642752 
2670.1838951736686 
2675.846957132827 
2681.6583280766713 
2687.2722141515733 
2692.7611854375205 
2698.0972770930885 
2703.5607255017435 
2709.0379521724544 
2714.7197347992837 
2720.4686331465073 
2725.8204491370507 
2731.158725676271 
2737.283247402874 
2742.7841342907695 
2747.916584259967 
2753.4962160951645 
2758.871823369255 
2764.505723961521 
2769.83807924668 
2775.016923644524 
2780.025693099247 
2786.0300752952 
2791.1819074587675 
2797.0039959316555 
2802.2734874630014 
2807.9644530318988 
2812.9972147857484 
2818.373154991197 
2824.0864916865767 
2828.92799924316 
2833.807046161613 
2839.2403940338604 
2844.508228319694 
2849.4251311239664 
2854.3931157598677 
2859.7496073395596 
2864.999560847943 
2869.8769520221563 
2875.1898471408767 
2880.170451803984 
2885.5877510317223 
2890.677616600664 
2895.9418495227505 
2900.9439572022075 
2905.5551489966433 
2910.565514302497 
2915.5089248163617 
2920.07201952738 
2924.707591357923 
2930.175095694306 
2935.3674975492245 
2940.3763138776826 
2945.875641761021 
2950.303434700908 
2955.7486036023092 
2960.8547603434436 
2965.928043246983 
2970.5852587382824 
2975.220717850463 
2980.6230116257034 
2985.383190237857 
2990.397062920505 
2995.033870547721 
2999.3484130957727 
3003.994779494043 
3009.0202179550593 
3014.0342595210086 
3018.771051455727 
3023.038288878032 
3027.473575456818 
3031.9247857291784 
3036.545916993897 
3041.386751913956 
3045.8067157520863 
3050.919546341483 
3055.5475216974323 
3059.8257154038643 
3064.245326447414 
3069.0287940199123 
3074.024479471783 
3078.6154420346825 
3082.9269485892105 
3087.461803483416 
3092.702500420051 
3097.49475956699 
3101.9943798562044 
3106.621786391974 
3111.1418163016174 
3115.7738116745686 
3120.138971383809 
3124.0010859886947 
3128.130529120621 
3132.2450352437254 
3136.635759728897 
3141.2825972004766 
3145.2082824238123 
3149.974805880389 
3154.755890644654 
3159.2231910989785 
3163.954962499985 
3168.466456961704 
3173.035554266592 
3177.4790379107326 
3181.5377537588943 
3185.8732132166974 
3190.2732440708983 
3194.8816492733736 
3199.5696783749063 
3203.726268812988 
3208.8761212822096 
3213.691515029392 
3217.96481055836 
3222.1515878039313 
3226.616297663082 
3230.923955672758 
3235.3149464112457 
3239.959267913871 
3244.280447058909 
3248.232290402751 
3252.0475273715365 
3256.180407714673 
3260.2150588696254 
3264.217652248968 
3268.5501100134265 
3273.0997338885013 
3277.0217308756346 
3280.570243964325 
3284.6332650832096 
3288.7616076036197 
3293.2104980756876 
3298.159597665902 
3301.927695750474 
3305.9936047369547 
3310.778007031539 
3314.6278808142147 
3318.486972104019 
3321.946290339671 
3325.8494409214486 
3329.9921221327127 
3333.744941434236 
3337.5679903889604 
3341.4723378867634 
3345.5062373453375 
3349.802214910672 
3354.16959824326 
3358.0232464410674 
3361.736028650046 
3366.2101432542595 
3369.8469237996815 
3373.89537899341 
3377.9265052600326 
3382.1013877418904 
3386.147619536158 
3389.8044491333844 
3393.779922697871 
3398.1042475259496 
3402.396639229832 
3406.922988501247 
3410.923426299791 
3414.852174930771 
3419.4992325666894 
3423.362228139772 
3427.413240956337 
3432.2228692668555 
3435.9644089707463 
3440.1396845444515 
3443.7809328619537 
3447.6135612821818 
3451.4581102641837 
3455.2784641220273 
3459.1292473817584 
3462.8287714518365 
3466.69802531909 
3470.9260859305327 
3474.8523066782805 
3479.206849794241 
3483.468450748673 
3487.430508673387 
3490.9365969151436 
3494.34441890769 
3498.0527254698723 
3502.40287046195 
3506.160935705595 
3510.1727663373194 
3514.182999936709 
3518.341421961517 
3522.002218946736 
3525.9671527120136 
3529.2937900195984 
3532.6803786539217 
3536.5413661843613 
3540.0602161465245 
3543.3329820409326 
3546.6255779425055 
3550.3970629150886 
3554.5289806106157 
3557.608718627493 
3561.5263114233303 
3565.118905559434 
3568.7410003168484 
3572.253226742144 
3575.6691780592555 
3579.241932076814 
3582.737129406833 
3586.6292578978237 
3590.1421086649975 
3593.14708645637 
3596.9325372579365 
3600.4351043661286 
3604.220371385887 
3606.9084930763574 
3610.364552122185 
3613.686072675211 
3617.3734616465645 
3620.631987145946 
3623.7311593334875 
3627.0104098007796 
3630.2504265609055 
3633.872455120864 
3637.39940663197 
3640.9899331029646 
3644.373314425464 
3647.912898297501 
3651.4613670215967 
3655.1450137949473 
3658.6181424210695 
3661.604584306837 
3665.2242723458144 
3667.933043088979 
3670.7246675079427 
3673.5002205494443 
3676.051634025454 
3678.6566115104238 
3681.8250510609646 
3685.334117251624 
3688.83251102798 
3692.164343780816 
3694.993053333165 
3698.307582983481 
3701.6912630668635 
3704.861506621969 
3707.2814682392896 
3710.8506161504492 
3714.04600861086 
3716.5660968334428 
3719.66497949489 
3722.9153593392834 
3725.775590883683 
3728.5351722092964 
3731.3268308664124 
3734.4160992415004 
3736.9776339263594 
3739.201921833676 
3742.349251966266 
3745.325238608436 
3748.594430029381 
3751.2959046687165 
3753.846227451048 
3756.8256919959463 
3759.798325936889 
3762.3589751860195 
3765.6749053681892 
3768.587467635747 
3771.79776467277 
3774.661641120374 
3777.3184213358877 
3779.7050695310604 
3782.671814709729 
3785.3444190546693 
3788.4446467822554 
3791.3541626492397 
3793.99065498246 
3796.646648678081 
3799.6682024211536 
3802.718971746954 
3805.677527394905 
3808.3964850297525 
3811.426220526798 
3814.1195971803954 
3817.0359914534924 
3819.6180602737236 
3822.546634482562 
3825.3951352150684 
3828.045251499343 
3830.7229440124056 
3833.2641491899954 
3836.5140496021822 
3838.953874698846 
3842.2972636450513 
3845.4428355483433 
3848.0705457540153 
3850.649543084762 
3853.3408719997465 
3855.977302205258 
3858.3326136695414 
3861.094441761315 
3863.8309106586457 
3866.138182648318 
3868.639719767697 
3871.2031835467747 
3873.9732598713263 
3876.1836219395727 
3878.5364255974564 
3881.5014308015298 
3884.0077452848086 
3886.3306791273985 
3889.2228740527503 
3891.770830308054 
3893.833644006105 
3896.631921545058 
3898.891018202163 
3901.444682317919 
3904.2804254712264 
3907.288037043613 
3910.1145396346683 
3912.504600018981 
3915.452296991569 
3918.177972644983 
3920.95547564531 
3923.7369763766633 
3926.4095383816725 
3928.8739382982585 
3931.1584784499855 
3933.7085704898445 
3935.847306142466 
3938.49193384691 
3941.559817586768 
3944.1186512188183 
3946.4385914178306 
3948.7194360439066 
3951.2635169096343 
3953.9418743122696 
3956.3332654321434 
3959.001526430907 
3961.7550865140684 
3964.0808841746175 
3967.101662942626 
3969.780562922115 
3972.6540268432177 
3975.5945566849227 
3977.779512636211 
3980.3392200018693 
3982.656541748632 
3984.945071808616 
3987.5655779201165 
3990.5490319568835 
3992.4213480718145 
3995.1971657364684 
3997.3136241885663 
4000.027409287755 
4002.6709225203126 
4004.6939923709638 
4006.9590920053097 
4009.00167758206 
4011.442107413145 
4013.7282212836094 
4016.547373409481 
4019.074647805791 
4021.669536586931 
4024.158224823956 
4026.8679612361566 
4029.1241451216856 
4031.3763398997417 
4033.697006037704 
4036.089403902513 
4038.635997209744 
4040.7742518409846 
4043.441102241259 
4046.250062458628 
4048.9392071667517 
4051.4705212202666 
4053.5275814123456 
4055.6355190382465 
4057.8084959360854 
4059.7045414417075 
4062.085733346031 
4063.4558710992055 
4065.561654294458 
4067.8696348633625 
4070.083399172307 
4071.4945667745037 
4073.8559604216075 
4076.1588169210863 
4077.9080901868665 
4079.8995794112925 
4081.8473419640277 
4083.781215765027 
4085.817206752249 
4087.599524668174 
4089.2390671347266 
4090.943977067402 
4093.1958878292653 
4094.9172867935076 
4097.1551665732495 
4099.294065315496 
4101.8012237582 
4104.10922603533 
4106.9508965189925 
4108.702695478136 
4110.526128360819 
4112.727750354095 
4115.27584477981 
4117.581637957128 
4120.383321311375 
4122.16115253913 
4124.37498666516 
4126.98331093705 
4129.147631880302 
4131.261262744271 
4133.064890242329 
4135.126060182209 
4137.333658682509 
4139.5729040132865 
4141.715313579685 
4143.641838210897 
4145.3991123658 
4147.18196889933 
4149.543621711093 
4151.441888186903 
4153.230531531415 
4155.487186172483 
4157.245857100306 
4159.373869699029 
4161.106559541627 
4163.204010345102 
4165.153855596548 
4166.436387348364 
4167.923694087714 
4170.096306196958 
4171.923546841922 
4173.730423438423 
4176.056327199748 
4178.15598493584 
4180.154443671353 
4182.214912070057 
4184.096194706971 
4185.834634968966 
4188.093122041942 
4190.30540996088 
4191.9524689370555 
4193.618171311482 
4195.098345615915 
4196.814226218458 
4198.383986069176 
4200.1817448744605 
4201.893806502784 
4203.722908728057 
4205.7669009601905 
4207.669872558569 
4209.404231749955 
4211.218737454295 
4212.696489427643 
4214.163340957066 
4216.09947948563 
4217.959089237436 
4220.104271602146 
4221.516617872413 
4223.562279024294 
4225.59736492909 
4227.409723993991 
4228.980887025385 
4230.879609362886 
4232.673911105508 
4234.478979848355 
4235.981915989078 
4237.236262127453 
4239.31740718843 
4241.004326240258 
4243.115388521076 
4245.047191279234 
4246.702287157635 
4248.275699548217 
4250.479850099605 
4253.04735084338 
4254.737789890377 
4256.255524498598 
4258.166849585848 
4259.696154001403 
4261.258550418517 
4263.141281141283 
4265.318986328666 
4267.017472186144 
4268.575021088378 
4270.037808820072 
4271.660365014634 
4273.522874163862 
4275.35177275737 
4276.87243263383 
4278.146107814361 
4279.840043464495 
4281.04122374386 
4283.422520674442 
4284.874370102419 
4286.271520690246 
4287.659768600565 
4289.058790394028 
4290.6907726930995 
4292.111172495752 
4293.5098388806155 
4295.364617362175 
4296.668573722998 
4297.886972467441 
4299.78035920151 
4301.309097281436 
4302.787259775847 
4304.228065061891 
4305.916367136913 
4307.719331181304 
4308.643319230117 
4309.920987671825 
4311.21431392691 
4312.655911379455 
4313.975358725415 
4315.450354847918 
4316.9490031168725 
4318.648259052583 
4320.0762777568125 
4321.511952354933 
4322.9925037457515 
4324.482106166963 
4325.889533902935 
4327.3924506986095 
4328.935304723852 
4330.2105504286865 
4330.8946620172865 
4332.529397013158 
4334.098783125656 
4335.554868533797 
4336.791417672894 
4338.655837313718 
4339.9506536636945 
4341.258315969887 
4342.271517696365 
4343.317365717106 
4345.267509463915 
4346.641530794826 
4347.857387079562 
4349.52477309308 
4351.078132775834 
4352.228165768179 
4353.611243366212 
4354.400636066019 
4356.093458125716 
4356.8911676868 
4358.186418937298 
4359.260642712949 
4360.761074970898 
4362.281591705707 
4363.805818747524 
4364.7088670308785 
4365.589632945072 
4367.173534640168 
4368.097251159545 
4369.5633936934355 
4370.5699458793815 
4371.8876355637885 
4373.250437430959 
4374.491070058671 
4376.146256190817 
4377.448716392589 
4379.069244545484 
4380.133629594403 
4381.643416149259 
4382.852540836214 
4384.1908651695085 
4385.150198713948 
4386.734448851728 
4388.364059485916 
4389.879245312614 
4391.488740149564 
4392.73769130453 
4394.117753804692 
4395.95056735524 
4397.3262285973115 
4398.568908964977 
4399.647950343883 
4400.766665006486 
4402.251126241312 
4403.466637524359 
4404.897333119297 
4406.333606686763 
4407.764177769898 
4409.092165403498 
4410.442996568374 
4411.319656910879 
4412.841533108792 
4414.1550892943915 
4415.24446844049 
4416.462393892522 
4417.888152832908 
4419.25719655209 
4420.361938751512 
4420.878318551834 
4421.785682907238 
4422.204348962969 
4423.411707608699 
4424.61629118979 
4425.9617812088145 
4426.997854525932 
4428.334322138768 
4429.478112681997 
4430.246572369418 
4431.201836717666 
4432.231735071576 
4433.768860886733 
4435.47638576606 
4436.750225447396 
4437.957743188785 
4438.930579259806 
4439.933988082251 
4441.082615193981 
4442.45170241219 
4444.159945170614 
4445.248408098277 
4446.488645361816 
4447.495490069597 
4448.681502923063 
4449.777707469051 
4451.249985057531 
4452.132391999803 
4453.296575235167 
4454.657722097208 
4455.84979973082 
4456.878381180636 
4458.451405216903 
4459.830843616226 
4461.043744425732 
4461.657340688336 
4462.751882427884 
4463.687256184422 
4464.784442426883 
4466.092680345588 
4466.879123615993 
4467.9273813882855 
4469.368154934806 
4470.523340909858 
4471.180193924503 
4472.455362574174 
