# "MSD"
0.0 
17.175592144149835 
30.795997131966697 
33.361915623715376 
33.5605720307591 
33.671417177510314 
33.86821616754449 
34.05712258977071 
34.400905060957584 
35.05083511718415 
36.40414667926516 
40.70699595261054 
52.425358798919724 
63.018277371046864 
76.24829679094915 
89.93563758667419 
103.03416732854491 
116.44294532048897 
130.24617808159286 
143.5324814480004 
157.01547141924948 
170.67786619054633 
184.39063897577307 
197.7218797777692 
211.38997209642298 
225.07679553404645 
238.3781883358698 
251.68379633050887 
265.16925834922023 
279.15086301465533 
292.18639360280815 
305.96794442110325 
319.79122571557826 
333.1868462723985 
346.7996371731882 
360.5722175693309 
374.11076292101086 
387.284447969096 
400.76351077819584 
414.5395808039432 
428.3444066717715 
441.5006195004235 
455.2296367473035 
469.1885018860849 
483.0200661652639 
495.8987598376282 
509.7612894879164 
523.2460907409304 
536.5790767550627 
550.2298266655216 
564.1036536679655 
577.4006934307075 
590.9886921805291 
604.692842024602 
618.2180046134882 
631.7459405672224 
645.4723460081453 
659.0311703759589 
672.7395484990601 
686.2889482052444 
699.672035865553 
713.2202739576112 
727.1185903486826 
740.8050578232658 
754.9958471037654 
768.4721968607124 
782.2138783381531 
795.2051399516283 
809.1594361857657 
822.6362729776138 
836.0774705892629 
849.4724809218638 
863.3553275623798 
877.0973455401536 
890.62450193774 
904.3447638793753 
917.9960120195782 
931.4905512104455 
945.0424980631551 
958.0807588952238 
971.4989236228114 
985.635013973537 
999.4059444000185 
1013.3226496942922 
1026.6239060266828 
1040.7575953997716 
1054.8493018825607 
1067.9665977098703 
1081.7319136674012 
1095.5255445329606 
1109.188585226311 
1122.7072421131313 
1136.1220367938267 
1149.7231785555693 
1163.1789036841294 
1177.3367057367311 
1190.9811302501394 
1203.749750235053 
1216.6558729795347 
1230.913734702741 
1244.27139753345 
1257.4920574475289 
1271.232281387932 
1285.0188828119428 
1299.5895511478666 
1313.702336984424 
1327.3995457480662 
1340.901831293875 
1355.3965556910778 
1369.153338561167 
1382.9507853971181 
1396.2100356825988 
1409.8377119162208 
1423.1022424162097 
1436.7222692515213 
1450.1718074917014 
1464.4228242554962 
1478.0208508717665 
1491.379176645877 
1505.4313226752818 
1518.7086996382695 
1533.2441386653536 
1547.1228680610745 
1560.826932713449 
1575.2291302546532 
1588.1511788256964 
1601.2136215262437 
1614.6492211052555 
1628.804673161106 
1642.7249033377161 
1656.188767932385 
1669.924900662197 
1683.1714986190423 
1696.7980123297136 
1710.8656306407822 
1725.4217323635314 
1737.9638251886427 
1751.4739736152817 
1764.9312532316537 
1778.982384971037 
1792.8836388497284 
1807.95142901848 
1821.9122926458479 
1836.487375591555 
1851.113779128187 
1864.5703476873757 
1877.826240121314 
1891.5155121196528 
1904.5806607990291 
1918.8178219821684 
1931.8618902990586 
1944.9908367955634 
1958.741506480988 
1972.5738290568584 
1986.8950009059436 
2000.1811885685186 
2013.6802303504912 
2026.8244038779305 
2039.7305501880683 
2053.785925113732 
2066.8374835444006 
2079.5477122021375 
2093.110964555049 
2106.767649971786 
2120.6234619878182 
2134.211930931252 
2147.2560497178983 
2160.8063805932916 
2173.3651621838717 
2186.3350218645232 
2199.566772087405 
2212.7155524836276 
2226.2817812490134 
2238.9777943083955 
2252.3566403105956 
2264.9976397916002 
2277.794929369666 
2291.4528753801133 
2304.5556317338232 
2316.847463337204 
2330.551505923387 
2343.996926713264 
2357.1097242122405 
2370.4053638215437 
2383.8499571774632 
2396.9591309759517 
2409.89135406866 
2423.0140819202015 
2436.3447257286675 
2449.2969677816586 
2462.2501357873903 
2476.1305479414405 
2488.8671930406053 
2501.397440842428 
2513.9299019573327 
2527.0611510971794 
2540.0035903907547 
2552.99945545856 
2564.991124166428 
2577.383956993512 
2590.2755366088127 
2603.696472955358 
2616.7159141424427 
2629.54102257924 
2641.554798164541 
2655.261769192993 
2668.4104199181415 
2681.5957051755795 
2695.621516465985 
2707.3032752129275 
2721.0626065445035 
2734.8367632377312 
2746.9910749488 
2759.727265085563 
2772.465012025753 
2785.425763383368 
2797.4043949882034 
2809.349796273772 
2821.724381107588 
2833.186926853528 
2845.913546202672 
2859.5258001689353 
2871.8010041522807 
2885.352262035929 
2898.3441836405086 
2911.0507192710525 
2923.8716708504408 
2936.0837952535844 
2948.3721900070473 
2960.7461025332395 
2973.16054646809 
2985.3925326429626 
2997.0648002463413 
3009.842318552961 
3022.4987150915895 
3034.094389259998 
3045.649414492875 
3058.7225973801515 
3071.5699274882386 
3083.0741670934663 
3094.8507486548497 
3106.9931511307836 
3118.6648252612467 
3129.9407243804344 
3141.3265631788277 
3153.0934499472996 
3165.5711472000744 
3177.1087858884193 
3189.9197414006426 
3201.7670514186284 
3212.838045598831 
3224.168924863603 
3235.9785279414996 
3247.5334156858876 
3259.7455068489594 
3271.6278707166935 
3283.9252783515435 
3294.8356241490756 
3306.4297997471117 
3318.5939085127766 
3330.8686087089905 
3343.67333555445 
3355.0306915814485 
3366.7887637397625 
3379.0546638307683 
3389.1895479017994 
3401.456372697344 
3412.967470410413 
3424.009831038719 
3435.582855340473 
3447.479783296532 
3458.6708072084734 
3470.8676958247224 
3482.7453965349255 
3493.518671527734 
3504.8253393573095 
3516.308142918215 
3528.2117342648226 
3539.212082448753 
3551.2166746269777 
3562.5583670138662 
3574.1607626672344 
3585.4593368616797 
3595.3179272318407 
3607.449468214648 
3618.664653412603 
3629.329574630552 
3640.268984295402 
3651.070070760633 
3661.6689747856353 
3672.8529427040417 
3684.407253225158 
3696.329416495461 
3707.7338338781956 
3717.3082220189285 
3728.838747811934 
3739.8747441755427 
3750.9627284922053 
3760.096377486717 
3771.034046404561 
3781.813334279999 
3791.7574691530704 
3802.8672980278907 
3814.5627382531266 
3823.9586698263183 
3834.9275925609345 
3846.4618906321593 
3857.981933434237 
3867.927168294922 
3878.7924974545085 
3889.2771798551994 
3899.8742277522906 
3910.3753112897048 
3921.2384465943073 
3931.727684801392 
3942.344705965179 
3952.912362648596 
3962.731565807931 
3973.574507748204 
3983.66497668436 
3993.6685251447448 
4003.6490666604664 
4013.8578551560418 
4025.002929650741 
4034.888424759633 
4044.609839104235 
4055.178439682736 
4066.1328235181722 
4075.8262417052424 
4086.153094050784 
4096.370706543829 
4106.325254470966 
4116.375684670198 
4126.3093256616685 
4136.784308192595 
4146.00638393603 
4155.8393824050945 
4166.223202159545 
4175.733609080031 
4185.914030434765 
4195.849720470438 
4204.3599269797105 
4214.268228438787 
4223.641427776149 
4232.923344235276 
4241.997758857016 
4251.5321469221335 
4260.205926416548 
4269.324208328647 
4278.707518749309 
4288.732288850511 
4297.58094903801 
4307.421048583819 
4316.864311846207 
4325.996345955288 
4334.573623677446 
4344.310457137442 
4352.652040538151 
4362.1064069021895 
4371.501920295853 
4380.809914195361 
4390.5847832426725 
4398.749191679996 
4408.183712198745 
4415.5163323498655 
4425.319730127955 
4433.390038688945 
4442.31925778994 
4452.012866768476 
4461.133319489053 
4469.637287782361 
4477.844372960471 
4486.103756695365 
4494.896014927081 
4504.3683410493595 
4513.911579822211 
4522.949811340526 
4531.285457869498 
4540.435612866215 
4549.314023900133 
4557.5663845995105 
4567.083727461471 
4576.357174929596 
4585.6741244785935 
4593.964676756072 
4602.292797893249 
4610.772750360611 
4620.143190860871 
4628.010596586357 
4637.121076338687 
4646.753339358945 
4655.676613504627 
4663.96249415999 
4671.637218853476 
4680.209334997643 
4689.222121631634 
4696.689542976687 
4704.09010488237 
4713.081078196135 
4721.762248190698 
4728.743383048697 
4737.253280433523 
4746.257326356665 
4754.474680285516 
4762.87649947174 
4770.922114365147 
4778.149472134921 
4786.573530488731 
4795.583296523082 
4803.587172407372 
4812.01946650425 
4820.564703619074 
4827.843720968489 
4835.346566141404 
4843.17091644685 
4850.561166936952 
4858.5011504146405 
4866.99745815119 
4875.683977213818 
4882.8153468380315 
4890.581230539952 
4898.189985748965 
4906.245206842696 
4914.197190954523 
4921.032354045224 
4927.243419407718 
4934.539698887749 
4943.267284312648 
4950.948228759679 
4957.6202772369825 
4965.010270695989 
4972.061774000541 
4979.831009940025 
4988.098788430186 
4996.373122436642 
5003.792243100164 
5011.541252953057 
5018.050243186141 
5026.5919735213865 
5033.7565144572845 
5040.662785264049 
5047.714675045395 
5054.299597961041 
5062.29006864042 
5071.629233131867 
5079.412284853517 
5086.680420453267 
5094.387886743584 
5101.940797987805 
5108.583936398851 
5116.236692203129 
5124.972871176563 
5133.138659480173 
5141.19850117939 
5148.7335289818275 
5156.725640787237 
5163.714476938253 
5170.891717041884 
5177.514756999256 
5184.707499508982 
5191.397668237684 
5198.708268256588 
5205.303701465756 
5211.753454487003 
5218.711519550417 
5225.098445327224 
5231.429761150816 
5237.4752555759715 
5244.007709833979 
5252.080182380073 
5260.1569816965975 
5267.067059632512 
5273.993149101523 
5281.124034613749 
5288.622451047854 
5297.104702054761 
5303.783716990259 
5310.795813581613 
5316.867014130931 
5324.402486774984 
5331.111798243944 
5336.716210679101 
5342.871431841597 
5350.401604799017 
5356.86080457317 
5363.77389285698 
5370.612416387848 
5378.180059480949 
5384.616473025049 
5392.1136152599 
5397.901810591776 
5404.311801498837 
5410.770784394806 
5417.196533155266 
5423.773560608562 
5429.05383626124 
5436.477212969469 
5444.093647740784 
5451.1853424367755 
5457.937013830904 
5465.847055592743 
5472.164668708051 
5478.946410093906 
5484.14055918889 
5489.876600489231 
5496.1990444960875 
5502.902120483125 
5507.884050018113 
5513.731551362393 
5519.796441132728 
5526.029903490189 
5532.033867937068 
5538.810577291111 
5544.4168731137315 
5550.946550992403 
5556.418337324671 
5563.151532348577 
5570.125851720782 
5574.979372611236 
5580.805809734946 
5586.785096617675 
5594.883916057742 
5600.986697875874 
5606.72317136273 
5613.757583708583 
5621.148064806063 
5626.939986947675 
5633.1861432404 
5639.745362544008 
5645.1594965607255 
5651.576534768368 
5659.451628229622 
5665.305764237603 
5668.845176399638 
5674.926685381628 
5681.235421157076 
5687.014278731286 
5692.898224464407 
5698.785189767939 
5704.60829707979 
5710.367330862221 
5715.745800803914 
5721.581007391598 
5726.339205344369 
5732.1779942743 
5736.023120563389 
5741.262187243241 
5747.823366228176 
5754.252393606943 
5759.4863963613125 
5764.583783922898 
5770.4754187482395 
5775.91556031179 
5781.957725502921 
5787.227832196848 
5791.830315673009 
5797.400456219176 
5803.1464760026665 
5809.7174077317995 
5814.495217210702 
5818.940776891284 
5823.789452144441 
5828.633858160413 
5834.436678055963 
5839.539538893695 
5843.048837149266 
5847.442112264701 
5853.204312678744 
5860.237164887227 
5865.819472688997 
5872.836997857289 
5878.515001570168 
5883.0022671157485 
5887.835303822111 
5891.188020720471 
5896.858957054293 
5901.512812828127 
5906.897233837274 
5913.219586462687 
5917.887332435557 
5924.193089029624 
5928.7592179122485 
5934.827997738495 
5938.866583134518 
5943.178296945448 
5947.426384388165 
5953.066290843349 
5958.562158633022 
5963.755075613979 
5970.100334041111 
5974.997909037399 
5980.3542651693215 
5984.65694263388 
5988.527432281324 
5993.5127240415295 
5997.851087710642 
6002.51771049219 
6007.409269530593 
6011.975725787387 
6018.605500660987 
6023.4153233957395 
6027.758948467916 
6031.889167927247 
6035.399302493486 
6039.869786854047 
6045.497349065468 
6050.711768450725 
6055.126911045424 
6059.483538159447 
6062.990628548476 
6067.82554241541 
6073.242520817196 
6078.009088007968 
6082.911765702814 
6088.080834142893 
6092.047748038995 
6096.2676512596445 
6101.916738612969 
6105.844083206242 
6109.555994888879 
6113.0100971298625 
6118.38528690955 
6123.487288505921 
6128.635865651798 
6132.055126457514 
6138.031837835179 
6143.0802305878005 
6147.120114618866 
6150.378996892563 
6154.612291856183 
6159.38163410656 
6163.203936914221 
6167.6019587671 
6172.426449938521 
6177.403175242047 
6180.294440939786 
6185.85608092909 
6189.494742438725 
6193.349499249311 
6198.2267540017965 
6203.398205820819 
6208.306210075326 
6211.681888678392 
6215.915710205545 
6219.151324951056 
6226.106111772863 
6230.706192247843 
6234.211860018341 
6241.044602900137 
6244.67250240666 
6249.6588624289125 
6254.22752055502 
6258.089166010198 
6262.174727145561 
6266.593810376237 
6270.483507190383 
6273.449279369799 
6278.0746314851685 
6281.492755215575 
6285.405734632446 
6289.333240123279 
6292.623139125932 
6295.9079084977175 
6299.312769979678 
6304.663140277317 
6309.963483593191 
6312.584284265032 
6316.381815208915 
6320.635312762356 
6323.579364505482 
6326.778161745367 
6331.163426155735 
6334.897703615933 
6338.982483157463 
6342.022750701034 
6345.166788103339 
6348.824098504222 
6353.050507309837 
6357.821324657839 
6361.546192597888 
6363.801547262195 
6366.876839905708 
6372.011826898179 
6375.288226954893 
6379.773738557077 
6382.993864278054 
6386.048516469151 
6390.095927183455 
6393.237079916334 
6397.229241798335 
6400.778345685141 
6403.860585490385 
6408.060272232499 
6412.097575749194 
6415.70609029221 
6418.987152419557 
6423.298891574392 
6426.296285369263 
6429.61901093583 
6433.018667931348 
6436.90901547191 
6441.5024474014235 
6444.744831891827 
6447.365337112146 
6451.257368002657 
6454.748044048018 
6457.536597706361 
6461.029982302966 
6465.203084053048 
6467.588629694988 
6470.642459793934 
6474.279758981175 
6477.5794566172935 
6480.285349294262 
6484.849848090759 
6488.2554166839745 
6490.644523290219 
6492.005513381971 
6494.753772970322 
6498.399144905608 
6502.8421631657875 
6505.758315685305 
6508.834041389332 
6512.325574654499 
6517.01507691694 
6519.8948251252095 
6524.048776494063 
6527.349723517192 
6531.662749711607 
6534.295246650849 
6537.106280539881 
6540.132650634607 
6543.623224987015 
6546.554685071562 
6550.249000803934 
6553.17451800719 
6556.344242247101 
6559.109685733424 
6562.552896501696 
6566.88469776534 
6571.4794288034645 
6574.54278542744 
6578.471280190305 
6580.1963271679715 
6583.389346782469 
6586.426913327511 
6589.516572608537 
6592.718013050296 
6595.93597117625 
6598.13206460843 
6599.397512088621 
6602.039425999201 
6604.2586086919855 
6607.488593479457 
6610.679953961192 
6612.51201707826 
6614.274313032706 
6617.641100777285 
6619.465733087069 
6622.500312468163 
6625.437631163659 
6629.065991463413 
6630.75101702918 
6634.724255040634 
6638.008850927039 
6641.984649403458 
6645.542470776706 
6649.485470407962 
6652.71494097718 
6655.477234230181 
6657.509588940039 
6659.811051116546 
6662.50252502227 
6664.150868830547 
6666.844026036511 
6669.304252629264 
6673.281736229455 
6674.852168663035 
6678.164914160104 
6680.579836439293 
6683.362386312429 
6685.2893270760605 
6687.648825800875 
6690.371125704141 
6694.295604063268 
6696.537713462538 
6699.575929746225 
6702.98048637461 
6704.928747191963 
6708.021536275838 
6711.492663023093 
6714.698612250656 
6717.428749187828 
6720.630977862581 
6722.9065006365345 
6725.691574273754 
6729.489216808695 
6732.649901599348 
6735.058532317981 
6737.541805140194 
6739.817477375593 
6742.846061303331 
6743.636593876098 
6745.73870185777 
6748.579485921526 
6749.352859489396 
6751.387429995697 
6753.234248704069 
6755.563727127642 
6758.490334199152 
6761.396775841963 
6763.997192384188 
6765.290428930623 
6767.790905724362 
6769.73457751904 
6771.451683884066 
6774.078997679684 
6776.173837703161 
6780.136489260392 
6782.791709266055 
6785.680412337286 
6788.244832081516 
6790.252159360963 
6793.427856798494 
6795.852280954161 
6797.588953548864 
6800.254720558948 
6802.621726634828 
6804.33715017812 
6807.939577723672 
6811.26285710514 
6814.158571849886 
6816.905553342337 
6820.439645341428 
6823.052607568798 
6824.505540774393 
6826.127478857369 
6828.898979500054 
6830.635087166181 
6833.844967395929 
6836.081034261491 
6839.027445373349 
6841.769713000491 
6844.767570673119 
6848.993277049054 
6851.047440982634 
6851.989295345256 
6855.424658187933 
6856.739756692843 
6858.814862173954 
6860.758043156492 
6864.248281202568 
6866.377791358264 
6867.003166289428 
6869.873398247425 
6871.374480599894 
6873.611891899692 
6875.951215871501 
6877.915754102165 
6878.390350083828 
6880.847935745075 
6882.88350434478 
6885.268686665317 
6887.262834269577 
6890.667054980415 
6893.976911514811 
6897.141887946271 
6898.497316240272 
6900.83870492681 
6902.822053099089 
6905.548254656829 
6908.630210974143 
6910.363658131165 
6912.399121399224 
6914.504942480348 
6917.419892622692 
6919.662653222385 
6921.29808944953 
6923.713010907299 
6926.619756595312 
6928.120266368036 
6930.800594194 
6934.673128454055 
6936.782228098419 
6939.384204795467 
6940.113105486115 
6941.051292218742 
6943.662168154466 
6946.006045840149 
6947.686633220532 
6948.28231082638 
6950.040419648176 
6952.160675824602 
6955.6931565779705 
6957.991442196813 
6960.888851602991 
6963.8233751302305 
6965.20669420527 
6967.852680332357 
6969.426434970007 
6971.419126028367 
6972.296054552622 
6974.083439492697 
6976.591015505 
6978.769040841565 
6980.662646496724 
6982.757720099091 
6984.740258297875 
6987.40496280049 
6989.560127880242 
6992.528947086024 
6994.3132440976415 
6997.0699060647075 
6999.363271545156 
7001.33929921235 
7003.333822118671 
7005.544462616443 
7007.512851021919 
7009.998236922585 
7011.2529322086 
7013.5552866059425 
7014.802606580691 
7017.012557867286 
7019.0524276942315 
7020.631050751839 
7022.125769724266 
7024.351489999354 
7026.0477179688905 
7028.275555934112 
7030.844191876169 
7032.501096327804 
7034.041897039038 
7035.768956901132 
7038.13398226121 
7040.719805524478 
7043.256998433704 
7045.997228802852 
7049.432054129011 
7049.610883743877 
7052.584516840356 
7054.037815093199 
7054.9276583290975 
7057.187841103445 
7057.832554391724 
7060.836935003211 
7063.04676447748 
7064.151204403411 
7065.51098037033 
7066.938326427047 
7068.179649681862 
7070.500308111685 
7070.780395969714 
7073.035225703312 
7073.9319567797365 
7075.50399022626 
7078.2284300381725 
7079.039666354585 
7081.45794790742 
7081.90849876163 
7083.612771248274 
7085.749164038681 
7088.0103510892395 
7090.373883522953 
7093.730615217468 
7096.14359911937 
7097.307677889305 
7099.04057614473 
7100.637733884304 
7102.006730545161 
7103.4657126344555 
7104.233192190773 
7105.046548359482 
7106.593033512615 
7106.97416028667 
7108.302885363927 
7111.016749849103 
7111.586329063242 
7113.520576300033 
7115.569390751307 
7116.539590088459 
7118.27755308394 
7119.9828603654605 
7122.560701980422 
7124.313585061078 
7126.830669810036 
7129.327503710898 
7130.343395130357 
7130.571454041149 
7133.437937826163 
7135.452773978401 
7136.983902194957 
7138.31816943299 
7140.176290246207 
7141.870033949621 
7142.511545353603 
7144.121454186088 
7145.610988456476 
7145.544889885345 
7146.611819605605 
7148.760234285313 
7151.486407249384 
