# "MSD"
0.0 
10.590050078110087 
21.722408127884584 
33.00886575413398 
44.43726163884864 
55.81915051237262 
67.27475302772726 
78.69266319342367 
90.15194416474145 
101.56811393963643 
112.98640353751357 
124.42557514988991 
135.9424003340923 
147.3326112670249 
158.7703157585376 
170.1363294498615 
181.7429513818198 
193.11940113906647 
204.43558280722107 
215.95512151799224 
227.43110755855955 
238.9917500984972 
250.25434134038724 
261.7835475849139 
273.3973992613946 
284.83717991154026 
296.40700656899566 
307.9376497040721 
319.24675256954845 
330.869661619949 
342.52085266851475 
353.89439761345136 
365.3065170321256 
376.6056834900918 
388.02395767981864 
399.4553059428574 
410.69303636788436 
422.00192316732176 
433.4296167495972 
444.81853840036223 
456.4611132841825 
467.9266766835096 
479.3306394947951 
490.79645081875543 
502.20102378080753 
513.4376750453614 
524.7801507462026 
536.2422547893406 
547.2715795096425 
558.222544428068 
569.274635558883 
580.4618685530213 
591.7758077308282 
602.6077941214162 
613.798859425145 
625.2699787029242 
636.468609807686 
647.5636407630443 
658.5419581849518 
670.0456172150783 
681.3021618861908 
692.307741421612 
703.1074343478922 
714.2936316759307 
725.171421786867 
736.3452578494823 
747.0534524271795 
757.9322376895096 
769.1289658931772 
779.950417694705 
791.0403450668778 
801.8816183896372 
812.6369575496315 
823.6807469712771 
834.8106962632097 
845.645882755873 
856.7984681813713 
867.7624659398102 
878.7668050911794 
889.6837707443757 
900.3457429363077 
911.2214205156487 
921.6759922118055 
932.1630554834328 
943.0999514791562 
953.7214668620508 
964.1825867767993 
974.6115180618917 
985.2082688121137 
995.877063208948 
1006.5095466330766 
1017.1677165778332 
1027.7114080599395 
1038.4915415888513 
1049.2555604931351 
1060.1546293609815 
1071.0378038994847 
1081.9553152666087 
1092.9106208781463 
1103.9740291592132 
1114.677705332392 
1125.835125339816 
1136.8281636270865 
1147.1817050606508 
1157.34968197237 
1167.6600670145938 
1178.2218645587984 
1188.90040378315 
1199.419903486883 
1209.81457588274 
1220.814587458136 
1231.0877663003516 
1241.84820773062 
1252.116645344878 
1262.2810848739732 
1272.4843514384506 
1283.0286669183376 
1293.929163464488 
1304.6829213776962 
1315.4129212952685 
1325.5828176169373 
1335.7302744037356 
1346.078707364799 
1356.4041489564413 
1367.2823245168347 
1377.5503402045022 
1387.6165230060942 
1397.8615892153512 
1408.2873977192114 
1418.8888208503681 
1429.4924597314653 
1440.0265271907965 
1450.3102051622836 
1461.0304463372827 
1471.5952122297124 
1482.0916227433063 
1492.0003568615575 
1502.5674769669392 
1512.4840796612825 
1522.3853547529523 
1532.674887170763 
1542.412684199985 
1552.2743363816892 
1561.674641140278 
1571.7005911988897 
1581.5331019590703 
1591.2067610558515 
1600.830695654144 
1610.802203516036 
1620.2696375100418 
1629.8659545527137 
1640.2908546935744 
1650.2591481940676 
1660.067899753633 
1669.4213128841493 
1679.092388973108 
1689.0101879577353 
1699.0848577597967 
1708.6184062753512 
1718.7950675176814 
1729.059594045789 
1738.9704196308523 
1749.1266265868173 
1759.155200442096 
1768.695249043823 
1779.0604257860095 
1789.2553990650467 
1798.5303754195454 
1808.6100804826115 
1817.6669313213677 
1827.33774553474 
1837.407314167449 
1847.0969721800357 
1856.7078922587511 
1866.77459385951 
1877.0283679689846 
1886.140176525249 
1896.004020493374 
1905.0897857542452 
1914.4152421262304 
1923.940926934775 
1933.129550097587 
1943.143123514349 
1952.808365400275 
1962.584970216099 
1972.2237713956374 
1981.6822310603952 
1991.4118050090417 
2000.7381616011132 
2009.716060907535 
2018.9278188439537 
2028.259690542024 
2037.449690672771 
2046.6034942654526 
2055.550643845302 
2064.0681021961927 
2073.2014596290987 
2082.3863687038697 
2091.4362634922527 
2100.771301166686 
2109.781188082798 
2119.160919860113 
2128.57375612818 
2137.4133049450306 
2146.314509119348 
2155.3856439551932 
2164.8803555879417 
2174.1086010477306 
2183.3984957210932 
2192.297264460889 
2201.038798710799 
2209.8448400787906 
2218.365961961317 
2226.760193041002 
2236.0933938655307 
2245.510022288468 
2254.4421918838407 
2263.2375153911194 
2272.6676159966105 
2282.046849171249 
2290.735144439344 
2300.451061399283 
2309.5415976161407 
2317.7724287977558 
2327.0543365132326 
2335.5486194236432 
2344.3020316716934 
2353.4345932372435 
2361.9431868032184 
2370.467346423113 
2379.736130584583 
2388.0254930526576 
2396.5543044894566 
2404.7543698121876 
2413.8634732053642 
2423.0279364039534 
2431.3904519349167 
2439.086072350243 
2447.799408094216 
2455.978579838456 
2464.149764677406 
2472.722039888885 
2481.315054997025 
2490.324199623918 
2499.1987126113927 
2507.6204430944053 
2515.9708507986093 
2524.8917224383567 
2533.4749247007994 
2541.0190448524354 
2549.5141389642345 
2557.760849336822 
2565.4656850207325 
2572.9847906103914 
2580.5703978978245 
2588.482537254385 
2596.579126535307 
2604.078415877572 
2612.104116823071 
2620.360206665381 
2628.7623554339366 
2636.785527823756 
2644.5213416019005 
2652.702453631895 
2660.1855581292084 
2667.988775153508 
2676.6844565030883 
2684.4375394580643 
2692.0806568485873 
2700.2265546911635 
2707.876062075458 
2715.597030490219 
2723.5631779346927 
2731.460963658691 
2739.815132602386 
2747.7084534906626 
2755.4576538168794 
2762.9761337110385 
2770.5039616707422 
2778.1605417900237 
2785.5938047330574 
2792.2200252966554 
2799.0298132084376 
2806.716784354723 
2813.9307178327604 
2821.455772399428 
2829.0265270130603 
2836.5803859074804 
2844.596628466373 
2852.5920519455135 
2859.923827779226 
2867.43037121417 
2874.806217678951 
2882.0774645209963 
2889.7210034820714 
2897.058101275798 
2904.433515270693 
2911.636778321223 
2918.9930772978 
2926.3642172547334 
2933.5787970520314 
2940.470309274382 
2947.101813798984 
2954.5912991430455 
2961.8837880262263 
2969.3840168804218 
2976.5329994170543 
2983.2264488097308 
2990.2102509173283 
2997.1684949560936 
3004.0381610826694 
3010.7362073767936 
3017.633485143753 
3024.559747143865 
3031.3018246789707 
3038.6534476164748 
3045.7372482610845 
3053.1462891337087 
3059.9323911703823 
3066.5603167453933 
3073.4444090622274 
3080.099908520103 
3086.8951094025547 
3094.1191253538814 
3100.696675228672 
3107.105076534057 
3113.5025431010367 
3120.4063905717485 
3127.5069331484237 
3134.1350442461376 
3140.998317968717 
3147.833035853138 
3153.758287251666 
3159.851892191885 
3166.0304797230606 
3172.3514753451277 
3178.2613697748156 
3184.7331603536627 
3190.7392719355685 
3196.9591630542213 
3203.9058370523285 
3210.5222974080143 
3216.5812403756368 
3222.577717467073 
3228.3820226265584 
3234.6885749835037 
3241.3309329987733 
3247.2189871602263 
3253.001392260291 
3259.056331479465 
3265.7726076876825 
3271.9399385920797 
3277.9441756341635 
3284.5246473812585 
3290.7504914637557 
3296.432264089854 
3303.163211680387 
3309.0606833376846 
3314.2275663188825 
3320.2538221244095 
3326.5320051369436 
3332.853551716431 
3338.4914741710845 
3345.069447190695 
3350.7568934833894 
3356.080442535589 
3362.172584362192 
3368.4975155702205 
3374.0426716954007 
3380.1017916280316 
3386.154262504588 
3392.0702518118474 
3397.418646297452 
3403.16246126647 
3409.751051838687 
3415.694571912636 
3421.785639306601 
3427.943440498515 
3433.796260351258 
3439.01213075748 
3445.5097976628317 
3450.825228060454 
3456.5676565701865 
3461.921948808356 
3468.199053080159 
3474.722990400725 
3481.3609324405866 
3486.887811766624 
3493.124946126304 
3498.7605243032285 
3503.8821149951164 
3510.184629162079 
3515.7947771839667 
3521.0447550738413 
3525.9821914969148 
3531.6013128129753 
3537.4068945452022 
3543.1509870829673 
3548.8002323639403 
3554.394467449674 
3559.4493417682716 
3564.7918837284947 
3570.912838527141 
3576.3844061882337 
3582.2451431814047 
3587.732243979033 
3593.3757225329114 
3598.219974687886 
3603.667058738991 
3608.789686476124 
3614.150493805357 
3619.2759612995437 
3624.933716749005 
3629.9659566505134 
3635.219785865424 
3640.565613228497 
3645.7315015912764 
3650.5330318887445 
3656.0298367137884 
3660.5647253919096 
3665.5525111060024 
3670.2968657683514 
3674.8093245188056 
3679.186919865239 
3683.991006511193 
3688.996038528004 
3694.192040170464 
3698.6010331239977 
3703.059016661795 
3707.4685768773743 
3712.472241609883 
3717.138257065124 
3722.059062976945 
3726.5450680910208 
3731.657948811911 
3735.898396158945 
3740.8418543311454 
3745.97470493775 
3750.667117860258 
3756.0218121251214 
3760.7512598508447 
3765.388858931058 
3770.4961431657102 
3774.904643621274 
3779.9365454842937 
3784.740272314408 
3789.6132732792926 
3794.0347223686686 
3799.070658258125 
3803.6358763527237 
3808.9087456552556 
3813.9495171641806 
3818.0714895727056 
3823.2463417459962 
3828.1185669601 
3832.284222117573 
3836.5583082396292 
3841.2790565854266 
3845.9274007569616 
3850.974173574566 
3855.066046378583 
3859.821615488744 
3864.163877509035 
3868.5819645558545 
3873.425721554807 
3878.1191273248537 
3881.8463532722067 
3886.3935279298325 
3890.7405996822736 
3894.937297517726 
3898.871899830243 
3903.1375057005757 
3907.279199954831 
3912.1697535493454 
3916.377882275133 
3920.7648746638124 
3925.4502244485193 
3929.989548275784 
3933.931366218529 
3937.763240339473 
3941.3822593589707 
3944.620366685309 
3948.6251709564885 
3952.4721350399504 
3957.015375106632 
3960.942036186896 
3965.3383822819815 
3969.4075917336595 
3973.4336533270393 
3977.2709171181723 
3981.694906705322 
3986.7025858503507 
3990.946444733315 
3995.073120178289 
3999.90145207004 
4004.1098914672857 
4008.5354990382207 
4012.6027593718673 
4016.5125271718784 
4020.7796929369624 
4025.1796055142377 
4029.425579690737 
4033.712157781041 
4037.3995298384216 
4042.2710902414437 
4045.5205298191663 
4049.906258304265 
4053.250229320821 
4057.1095751640223 
4060.7602198521763 
4064.622589238653 
4068.9957493518673 
4072.764369508087 
4076.6334376491977 
4080.624565593099 
4084.6751325361547 
4088.7125837292483 
4093.114459569508 
4097.147233070576 
4100.829730296792 
4104.875713715122 
4108.394716730641 
4112.0567102679925 
4115.696433716118 
4119.92004603464 
4124.210586399347 
4128.487684898464 
4132.3309434179755 
4135.578243036183 
4139.918980661726 
4143.8136643814405 
4147.173359811919 
4151.170586151694 
4154.646079797399 
4157.855223671219 
4161.185064865381 
4165.671235033085 
4169.807254380464 
4174.088181486761 
4178.140320956097 
4181.480167705613 
4185.562317441932 
4189.209261012346 
4193.489042743193 
4197.858737932038 
4201.270595738562 
4205.068512194523 
4209.157614378689 
4212.962221561726 
4216.293408442063 
4220.556098904893 
4224.692520652782 
4227.656880546002 
4229.763481617448 
4232.955070842902 
4236.674600046528 
4239.9929245511075 
4242.991884461754 
4246.254127754155 
4249.286138785769 
4252.7960299154975 
4256.861257640988 
4260.570612732883 
4264.282069741172 
4266.812029191051 
4270.710261448302 
4274.731146425502 
4278.572741587206 
4281.6711908435145 
4284.950732351314 
4287.806443053018 
4291.1476485792655 
4294.459558399212 
4297.893896631315 
4300.577787755065 
4303.580743509781 
4306.414586817006 
4309.635619828809 
4312.503523694226 
4315.278380094399 
4318.073170402399 
4321.071581568185 
4324.16874261964 
4327.292032098675 
4330.203325732517 
4333.534736509656 
4336.754654419754 
4339.518032253435 
4342.407110477167 
4345.390074169865 
4347.846218898701 
4350.654766393441 
4353.01070955915 
4356.542518650804 
4359.1612684862475 
4361.6344170821485 
4364.72210588269 
4367.845157724544 
4370.491483128694 
4373.669767182872 
4376.9787158019535 
4380.341262417633 
4382.406090893299 
4384.727899215854 
4387.653746118556 
4390.03690546719 
4392.916059451801 
4395.74074686932 
4397.868086111922 
4400.43842285832 
4403.281273438418 
4406.930897605809 
4410.027442132888 
4412.608776673721 
4415.002105547592 
4417.404182580768 
4419.698782710052 
4422.804265027521 
4425.539200968767 
4428.155494296372 
4430.626701529368 
4432.945385347562 
4435.558713187096 
4438.054758184753 
4440.433400876715 
4443.286972258139 
4446.287966181182 
4449.142234732696 
4452.398849381154 
4455.516854316854 
4457.828639509128 
4460.36902193413 
4462.894369764572 
4465.774721860906 
4468.561298899984 
4471.1959200973315 
4473.846916909753 
4476.385669885175 
4479.386129921233 
4481.888227542849 
4484.5755499876495 
4487.0294756375015 
4489.196062572191 
4492.15287135366 
4494.456627703615 
4496.617170354932 
4498.993172198841 
4501.622889983171 
4503.986001009362 
4506.47736129492 
4509.341786399605 
4511.64314213095 
4514.37095738874 
4516.744342379967 
4519.185723817563 
4520.994950944682 
4522.974322908555 
4524.9184234576915 
4527.0919962875305 
4529.1485368673575 
4531.991224983955 
4534.580469636938 
4537.071915268811 
4539.1216166845825 
4541.498203670415 
4544.0575625814745 
4546.356866972523 
4548.023382391356 
4550.854821812114 
4553.209510356418 
4555.231496155898 
4557.3706061224975 
4559.380456658499 
4561.66539870826 
4564.003298611 
4566.499806214923 
4568.65467451946 
4570.599410380829 
4573.0382650136935 
4575.211092220069 
4577.816857642322 
4580.440494617249 
4582.678148495462 
4585.123373640428 
4587.2102944096905 
4589.081136983638 
4591.043177576339 
4593.473329537192 
4595.9029564894 
4598.305645826818 
4600.167816601427 
4602.183612865095 
4604.445434200919 
4606.770332189545 
4609.175662035824 
4611.515005512354 
4613.516150881948 
4615.371698388734 
4617.457075102795 
4619.417957233229 
4621.03259997594 
4623.458844783933 
4625.663528152627 
4627.0373058857995 
4629.116071618511 
4631.248180000132 
4633.432182445572 
4635.650560361074 
4637.605897903555 
4639.67281480689 
4641.643356548676 
4643.442703851503 
4645.206636145923 
4647.030101520696 
4648.9482584927955 
4651.211415908857 
4653.254722114617 
4655.1146550329195 
4656.8018171762715 
4658.481069616055 
4660.733781278928 
4662.46618064286 
4664.073730701006 
4666.422626181354 
4668.009756647252 
4670.675195860405 
4672.838268987368 
4674.934120530238 
4677.133890086042 
4678.858791023919 
4681.332178966514 
4683.370112422037 
4685.385931679224 
4687.460272512366 
4689.293600517701 
4691.579314405609 
4693.76608680466 
4695.445978407693 
4697.466555126699 
4698.953951132528 
4700.9946202404335 
4703.218609592816 
4705.590468489443 
4707.057998809701 
4708.576083729599 
4710.402716003936 
4712.545555273624 
4714.189719061258 
4716.069134413427 
4718.085111914767 
4719.998210754578 
4721.097020408447 
4722.44538814139 
4724.0043527076505 
4725.563457789289 
4727.862195012571 
4729.639794435954 
4731.879782769021 
4733.8875781850575 
4735.879548337024 
4737.792467559733 
4739.956041319794 
4741.375996840138 
4743.31101486251 
4744.634092722687 
4746.295868772614 
4748.961699663046 
4750.774652775874 
4752.424531777322 
4754.3655811854005 
4755.926434307858 
4757.395797990433 
4759.205347148075 
4760.751716009133 
4762.061026318846 
4763.393850123257 
4765.107234391693 
4767.122883502999 
4768.205128394565 
4770.103311130443 
4771.459145829113 
4772.9831826139 
4774.403854199358 
4775.9121878188025 
4777.528183756607 
4778.983105263391 
4780.910072292538 
4782.071156821331 
4783.153405551831 
4784.6905369970455 
4785.866037555519 
4787.810315995629 
4789.754728625363 
4791.231448078462 
4793.142532801377 
4794.787837234194 
4796.076593456334 
4798.187128590257 
4799.294847157663 
4800.8666417790455 
4803.037050417812 
4804.278950139743 
4805.909738642511 
4807.389427638527 
4809.186602484961 
4810.554059382558 
4811.863110378341 
4812.224856920351 
4813.346316081747 
4814.652649593173 
4816.68353177592 
4818.860174403329 
4820.379323879714 
4821.646553665852 
4823.031068146327 
4824.638744080062 
4826.654338866542 
4828.125754853269 
4829.6364091553305 
4831.109428731853 
4832.426124932376 
4833.885645224138 
4835.3499096384285 
4836.677212153565 
4838.367697842727 
4840.010122657531 
4841.823900565394 
4843.160804953173 
4844.378435434322 
4846.5008383202385 
4848.179199759913 
4849.369730633629 
4850.890716699561 
4851.6304418915315 
4852.85271516769 
4853.909675986768 
4855.371051845148 
4856.34355192228 
4857.922871026103 
4859.579370220318 
4860.846754689542 
4861.98162845609 
4863.892087641063 
4865.327557519332 
4866.207937787838 
4867.762623950554 
4868.646053020767 
4870.340508783352 
4871.780695773945 
4872.426306729168 
4873.137715846768 
4874.5009123107075 
4875.731274473891 
4876.714563828808 
4878.423449705649 
4879.956673342131 
4881.442781797939 
4882.5825327556395 
4883.642836176827 
4884.894119408875 
4886.015468074499 
4887.421828465973 
4888.491927224103 
4889.56973308102 
4890.843183945448 
4892.123506658505 
4893.407990639557 
4894.3167726510055 
4895.717716512023 
4897.070837492758 
4897.843721433381 
4899.049954180743 
4899.952891300001 
4900.802957567661 
4901.582900199561 
4902.911608996242 
4904.1728675548975 
4905.492626639558 
4906.302824346194 
4906.88248811921 
4907.993916427719 
4908.618527124129 
4909.838534750046 
4910.9666590450015 
4912.378156998711 
4913.570951990599 
4914.390406779477 
4915.599499969811 
4917.197858051556 
4918.560916880909 
4919.535866045491 
4920.275745354635 
4921.1095261313 
4922.096662626162 
4923.058100422109 
4923.417280362912 
4924.409911695718 
4926.4851628219585 
4927.581714006671 
4928.40857797809 
4929.751005536232 
4930.626203848723 
4931.149653110926 
4931.5465329132285 
4932.395494790141 
4933.515534659709 
4934.2505181621345 
4935.754713419415 
4937.177479604524 
4938.103420070183 
4938.785035220218 
4940.1621802976 
4941.540076768041 
4942.021741366734 
4943.0327253380465 
4943.790274650106 
4944.799056424377 
4945.310494952887 
4946.57842703839 
4947.244910728965 
4948.44258794517 
4949.675860234326 
4950.324660375186 
4951.46567774373 
4952.406166546947 
4953.328585684398 
4954.541327891793 
4955.405476053076 
4956.324420398254 
4957.03277296971 
4957.678994020841 
4958.862053753419 
4959.458905936131 
4960.356668459565 
4961.15603794004 
4962.176889387925 
4963.120018765007 
4964.159320081042 
4964.676066539302 
4965.556470081481 
4966.58680332993 
4967.487249791729 
4968.599231178514 
4969.175208480114 
4969.978606204333 
4970.679888639263 
4971.679446850874 
4972.463147414317 
4973.306908536248 
4974.538744193415 
4975.61270228044 
4976.275452161675 
4977.72819958531 
4978.339496821656 
4979.272884336097 
4979.700717947059 
4980.611838557033 
4980.958508399612 
4981.831230542634 
4982.7302687162855 
4982.936152261495 
4983.726996319202 
4984.52274535145 
4985.509748115594 
4986.260786877194 
4987.02473241867 
4987.898707870916 
4988.992144825208 
4989.973170185719 
4991.005537479163 
4991.940248644631 
4993.104750528138 
4994.020356503675 
4994.635243944835 
4995.135388756899 
4995.865862004228 
4996.716734778454 
4997.358769267385 
4998.580994700183 
4999.693487783403 
5000.855688772053 
5001.5395683456645 
5002.218599396355 
5002.8153472744825 
5003.432061303726 
5004.270843299796 
5005.1736538618725 
5006.259757081188 
5006.752090359639 
5007.919077981667 
5008.680270483654 
5009.524037142312 
5010.218945456687 
5011.081012118563 
5011.720078798031 
5012.276829035952 
5013.415426552378 
5014.26643561159 
5015.182987082253 
5016.096223637914 
5016.963808196574 
