# "MSD"
0.0 
2.0781398191621236 
3.927080410495841 
5.773522848071949 
7.619546707493003 
9.489951727868581 
11.348601649935762 
13.18249156321167 
15.040491801159044 
16.854387045355345 
18.714151634106322 
20.529898040862196 
22.371035434918237 
24.20015738196399 
26.0326092190095 
27.858334787842292 
29.69433421777532 
31.55329730599175 
33.403877400424406 
35.19595673584377 
36.997420123685295 
38.82074575472449 
40.678884753194936 
42.434991984509075 
44.22282457629795 
46.00182786426587 
47.81630072675377 
49.5794980340025 
51.33961691550498 
53.097127768872205 
54.91270889633515 
56.69699685475005 
58.529470969146 
60.371559022055116 
62.15567538504967 
63.9480039729778 
65.75664813194426 
67.48761385433133 
69.30759292269293 
71.22996859557469 
73.10637824880843 
74.88338655292203 
76.62994664795778 
78.37761492372304 
80.17583086913825 
82.05089318356275 
83.75532377353996 
85.50363156471727 
87.17092609404189 
88.9073881372199 
90.66777240385568 
92.43266428322707 
94.32927515365277 
96.11317371948786 
97.83321106619944 
99.60067988922135 
101.32957379409993 
102.93875241082237 
104.71223691467075 
106.42728856318288 
108.1293935266486 
109.9852899976406 
111.71397310318335 
113.47386996884872 
115.28698294843977 
117.0039087755621 
118.76690319550666 
120.49933246341557 
122.30101560703216 
124.11980442268533 
125.86644123487011 
127.65395805581639 
129.30460735077568 
130.9257751241473 
132.7018910747271 
134.56488629426704 
136.27556084663146 
138.09756012747985 
139.89842676692052 
141.65101289548588 
143.42690997197164 
145.2346633989018 
146.94184024870938 
148.7750548871276 
150.51072780706386 
152.3581097677084 
154.22018171052736 
155.96381438817266 
157.55380371874065 
159.33309673776884 
161.20187900745492 
163.12344956801806 
164.9417613144794 
166.71681126195924 
168.47800576440108 
170.26568914737186 
172.12252737835743 
173.92078130361548 
175.80875997823662 
177.54405286377985 
179.4299901577719 
181.12454931328296 
182.89148653599787 
184.6838574347193 
186.23888811955644 
188.11175056491382 
190.03693654167458 
191.76777554258138 
193.47068332232666 
195.1953046401719 
197.01991197264962 
198.75906685619827 
200.52208200220628 
202.39009202983843 
204.24363515752125 
205.94626414073855 
207.8200364480336 
209.55832525159187 
211.18866075122875 
212.92990397919544 
214.67070429563765 
216.5268932493683 
218.3085274847815 
220.04982078027908 
221.82783265758792 
223.59274710470908 
225.40714319957183 
227.061297326141 
228.96748389875643 
230.74837355049317 
232.47129969282125 
234.37982234908762 
236.1143880870858 
238.08053440920435 
239.9233956571792 
241.645398551009 
243.47117891377934 
245.0486055735085 
246.82549612417117 
248.6484607913574 
250.34606570019758 
252.0723843482773 
253.6482320298431 
255.52537287927737 
257.2466440631612 
258.90563692321246 
260.48142202966216 
262.2574251493206 
264.170583350116 
266.00780105905733 
267.83757309310823 
269.48400766322476 
271.0912198816076 
272.8644089550211 
274.4516197866901 
276.11850620879 
277.54537724287826 
279.1334926147287 
280.8133702716653 
282.206250316454 
284.16044261357524 
285.7002285884006 
287.4317973212136 
289.20146334165815 
291.1468821914207 
292.7238121929063 
294.53226637708434 
296.3876539197331 
297.9951414474255 
299.8314790387581 
301.5604101279198 
303.18060745284504 
305.10577926432705 
306.7255401010743 
308.6501498899573 
310.48326202857663 
312.0378721347611 
313.7229327610206 
315.3834426637576 
316.86974618404423 
318.65818622385837 
320.11538983359713 
321.71918223014274 
323.3635700649156 
325.11464946854227 
326.66739932426384 
328.3961489493336 
329.9205806288581 
331.660634315071 
333.4422835084676 
335.33963456727474 
337.2646192306474 
338.8877816937021 
340.5592258187734 
342.1971826944542 
343.95391414202976 
345.7871661954716 
347.4641746279619 
349.15171874171074 
350.7819067398652 
352.5102528250303 
354.0798411023269 
355.5439669246045 
357.22065553641596 
358.73471788796945 
360.3405926939313 
361.99802245325714 
363.58896889169506 
365.02329492661767 
366.72281278655595 
368.4228479730479 
370.1491315581366 
371.7898436939263 
373.4349891101989 
375.0087473886648 
376.7313815892425 
378.3730397568398 
379.9014270469524 
381.69888667986135 
383.3043394267482 
385.2252353650306 
386.89540432660635 
388.2836712351613 
389.95599633038637 
391.63114312060253 
393.2384507118539 
394.61683748595675 
396.38913692547686 
397.8826667814332 
399.66700683697616 
401.28982394459325 
402.67820050762424 
404.25312193014463 
405.61576141655615 
407.3438909783548 
408.8587923703722 
410.39682129301093 
411.97078754909523 
413.6815496462771 
415.45629919400875 
416.9560764190372 
418.501992171934 
420.1715092300274 
421.65825956041 
423.37673241240077 
424.7228149988909 
426.376775423011 
427.73413680698303 
429.3777472771136 
431.06563896202425 
432.5250387532785 
434.1858501542382 
435.5855765203197 
437.2321652842374 
439.0302744875322 
440.65089109757844 
441.7933417194322 
443.3007368724477 
444.92255242216925 
446.26511106106614 
447.88513686225656 
449.4768792043858 
450.9223467417383 
452.4574487962181 
454.0351513631204 
455.4350663941673 
457.0448830948475 
458.4691668250466 
459.81409794379954 
461.3607884575066 
463.11950150222657 
464.51374842955 
465.9499467811644 
467.50935261856415 
468.95383669927986 
470.5077342224447 
471.7592945225896 
473.26078050685794 
474.59943327325374 
475.99079634279957 
477.4999871706426 
478.99875958900435 
480.6287393414463 
482.12526773164586 
483.5944051805305 
485.07785911025337 
486.7160679553261 
488.22230725363835 
489.4865318243008 
491.03789928143283 
492.517372330755 
494.0608727764657 
495.47409223393237 
496.92241027167216 
498.4748559370993 
500.12972700971216 
501.3762043272822 
502.9502370667809 
504.35395013058405 
505.5161415527015 
506.7712233515383 
508.3190154108893 
509.5966939062914 
511.02770489279675 
512.5358419227697 
513.8239555986121 
515.3459627416613 
516.7500452233007 
518.0601029849312 
519.7132248395744 
521.1420083957556 
522.4880136010976 
523.949247988452 
525.3787739367289 
526.7447321167846 
528.2099610333352 
529.4432666069629 
530.8912493823087 
532.1500545325534 
533.6904082150944 
535.0127421885992 
536.40176956508 
537.6917896780429 
539.0301291171448 
540.4107024299045 
541.7964372807538 
543.1888328471026 
544.718729720978 
546.1999997593061 
547.5409128039265 
548.9364325648982 
550.4231665206656 
551.4950372303233 
552.7047176664104 
554.1072982379935 
555.6873361105239 
556.9732503043975 
558.0425870007047 
559.3630443716453 
560.7086760955152 
562.1057324264133 
563.1677660130604 
564.321493109351 
565.6009107685882 
566.856662918026 
568.0176378328409 
569.2806358556452 
570.794366721758 
571.817719973714 
573.0575588465114 
574.3729898487564 
575.7450025757979 
576.9443059269584 
578.3845180673202 
579.5422465670808 
580.7979274590274 
581.9472442230523 
583.0707716627206 
584.5220496340195 
585.7372712718503 
587.2249625986944 
588.4878336765275 
589.6750622898878 
591.0189174634186 
592.1803521758112 
593.4392454511877 
594.9963978870159 
596.1932843617446 
597.3833253562264 
598.6035831867636 
599.8704548189132 
601.0329358778292 
602.2812490120054 
603.638333960663 
604.8732599454162 
606.2620827081066 
607.8144558257958 
609.055355987039 
610.1727948767685 
611.5251424454659 
612.6103124408058 
613.5663604287635 
614.5273904967543 
615.5224992644892 
616.9269755482885 
618.0398402296179 
619.0306159707455 
620.2232338780568 
621.5399682969302 
622.843167918018 
623.9904816185106 
625.1792715919046 
626.4973086897201 
627.6210605414161 
628.6453300910925 
629.7281650627272 
630.9661151877369 
632.1966229504374 
633.4379032970139 
634.4684935391203 
635.7721412995215 
636.7947517295497 
637.9075364312164 
639.3679264884739 
640.4462573802826 
641.5649378933812 
642.5256016129237 
643.7755579783062 
644.9644701166478 
646.1729075078271 
647.5814881062988 
648.8293203025924 
650.0438861088719 
650.8994596050476 
651.7006741605878 
652.7458990736758 
654.0643842599078 
654.9991601170583 
655.987430547003 
656.6629543931055 
657.5998910909236 
658.6001618083553 
659.6121563105748 
660.6323839817092 
661.9529191558411 
663.1159907760544 
664.2558121680166 
665.3760146755344 
666.3527044084341 
667.0991554933302 
667.8913867575164 
668.7850112580362 
669.8117049707223 
670.9905906366346 
672.0675254711915 
673.0042436487644 
673.8684373450075 
674.815933184674 
675.8718452697383 
676.8681548293456 
677.9541769326264 
678.6187596604349 
679.6412964090092 
680.7313431123636 
681.6855765091407 
682.528436976968 
683.3853315147104 
684.3605256623388 
685.3650510842467 
686.2727548175064 
687.3143161099057 
688.140896122447 
689.2466382439761 
690.3623044983666 
691.622156021898 
692.7075653007588 
693.764774322507 
694.8560069003543 
695.8504703521712 
697.2029337267222 
698.06438655543 
699.0176992508103 
700.1534173750921 
700.9182283903789 
701.5011689030189 
702.3477338398548 
703.4326124871748 
704.4196798756856 
705.1618122539475 
706.2676763417787 
707.1505399926971 
707.8887244381145 
708.9548816534448 
709.7621375426783 
710.4834324604916 
711.5205476457922 
712.5814911504925 
713.2621557807014 
713.9766035005665 
715.0103368172165 
716.0507966495887 
716.9427091742515 
717.2712266504566 
717.8380198058599 
718.5398795696738 
719.1602653630833 
720.0769493052998 
721.1574280806996 
722.1124371199538 
723.0077339996321 
723.9467105970664 
724.8762601231671 
725.8654529269782 
726.6164886525777 
727.4146079789363 
728.2443276859094 
729.2041804207789 
730.0109217668386 
730.6839168506234 
731.5159476279321 
732.2274681681167 
733.2682203565762 
733.624412576974 
734.6860367544227 
735.3934354017215 
736.3813507846477 
737.0376400084385 
737.9412339218751 
738.7288474705724 
739.5918627721992 
740.2967734855808 
740.9162189011366 
741.6325386319058 
742.2625216616974 
743.0152859735849 
743.9819829406485 
744.6169442679333 
745.3368993386191 
746.1523077936712 
746.7575510174225 
747.833383126923 
748.6753130573625 
749.2136789730322 
749.8669908864441 
750.8529265995255 
751.275173427487 
751.8095147336519 
752.3704176432565 
753.0742082010423 
753.6909880614226 
754.2677031286928 
755.0883450261031 
755.7558039469509 
756.4069453123158 
757.0561155725893 
757.8458796085475 
758.6470704258853 
759.3093490086295 
759.9348101401044 
760.753877669415 
761.5167284711471 
762.373318971641 
763.0760296589965 
763.9456843517225 
764.5314187182505 
765.1591038073965 
765.9767191841195 
766.4177105324258 
766.8690071760641 
767.6293893359358 
768.1352531887044 
768.801817268209 
769.6985239928499 
770.4684008624906 
771.0978000446407 
771.7120912544776 
772.5197160417246 
773.4014791539391 
774.1120089476557 
774.7447129770089 
775.2648126128037 
775.907610450381 
776.5993552632298 
777.4141170069646 
777.9834985015993 
778.3838597094648 
778.9257283737934 
779.808632689248 
780.4533839227363 
780.7933733042362 
781.1974911528037 
781.8374321648819 
782.3558385246967 
782.9252320702866 
783.6343610638146 
784.2776992193159 
784.9611490629625 
785.6692034891825 
786.2941773833031 
786.792807373566 
787.5342724826685 
788.2128235674976 
788.6244713285485 
788.9928648107599 
789.5283875868487 
790.0227344123921 
790.5357838368594 
791.0338468675536 
791.6619139873083 
792.0534646075733 
792.672445053026 
793.3076217851548 
793.8611349544937 
794.3917972924626 
795.2061178301916 
795.5042329997319 
796.1539486932677 
796.6583593017168 
797.2848692030225 
798.0332950150193 
798.4366774785296 
799.2772512129554 
799.8380182344957 
800.4259834124549 
800.7966130862563 
801.3508098217447 
802.0921467263746 
802.7391462983124 
803.2496654035281 
803.7560489999115 
804.0297501288244 
804.5198540972266 
805.1213093926939 
805.650905550824 
806.1879738578763 
806.6883385147528 
807.0439115417317 
807.3226545607761 
807.8428364201008 
808.2682038315086 
808.5738592214284 
809.0612887148137 
809.585260165655 
809.9576367430964 
810.327558242983 
810.8406596193364 
811.1941314996176 
811.49605635099 
811.9011118501204 
812.4879323209406 
813.0099026787962 
813.4009327701169 
813.9342827516524 
814.3056785267623 
814.4841381774155 
814.9634084618723 
815.4722820806754 
816.1000693472793 
816.4526415060999 
816.7833357775845 
817.0979685589394 
817.4187831391793 
818.1577401391163 
818.6143003876349 
818.7432415311208 
819.2525173992666 
819.6445122918989 
819.954694374073 
820.3655763255206 
820.9741111612803 
821.526549294114 
821.7780617141293 
822.1845397804469 
822.6603633831403 
823.0445919743463 
823.3040793893426 
823.5176919057332 
823.8779629246393 
824.235836545809 
824.4770319620488 
824.9212619206407 
825.1989268831096 
825.6187196027032 
826.1783018203415 
826.6839451465017 
827.2130993191231 
827.5033286469029 
827.7424064988342 
827.8747685977775 
827.9262099654712 
828.4244852215451 
828.7915231994668 
829.1895104696404 
829.5042624929549 
829.868548500458 
830.3425459035146 
830.4505143243086 
830.8862916695741 
831.2026549186523 
831.5371652308064 
831.7945555396161 
832.3497568748634 
832.5679632833095 
832.9033410786162 
833.2636498518794 
833.4331518271812 
833.7660750590567 
833.8579526675993 
834.1778912997307 
834.4218904850005 
834.8874466527757 
835.4265171944287 
835.8509909653088 
836.0957574320864 
836.4037922948767 
837.0738364063321 
837.3087807421683 
837.4645159325098 
837.7553406070477 
838.0746906106959 
838.4470360495017 
838.7643952117861 
839.0943710178267 
839.3872369958092 
839.7104454315946 
839.9797919024164 
840.3563995445135 
840.462879908289 
840.8758249514572 
841.2490165432363 
841.6135095173481 
841.6927414747142 
841.8018426530903 
842.2581710151625 
842.3397506543186 
842.9223960234033 
843.1641360890003 
843.5280202716341 
843.7389309035026 
843.9506922095621 
844.3444210550648 
844.8456897415474 
845.1875048750646 
845.6613355371454 
845.5517570402868 
845.7801044157968 
846.1606909539589 
846.3057519816117 
846.6047895025441 
846.8985662028551 
847.1182552824326 
847.4787360448681 
847.5949168815844 
847.908012340011 
848.3642639934416 
848.4712239292157 
848.8149213514514 
849.1212614607256 
849.36271452753 
849.5746568905149 
849.9674331620292 
850.0140837851193 
850.161458264199 
850.3449467604529 
850.6235568372164 
850.8742913441909 
851.2208250557335 
851.5794412013455 
851.9594067199184 
852.2622470812182 
852.4669375257014 
852.7438912460093 
852.9060147079083 
853.0675398299169 
853.3544893647168 
853.6279662235576 
853.8135828170972 
853.9385434449518 
854.4145435629449 
854.6466344984253 
854.8288316120043 
855.1658272423948 
855.3103472420319 
855.6652884404638 
855.9511888358293 
856.2334177211713 
856.5232640435316 
856.6764383117631 
856.9735454811575 
857.2424652015046 
857.374849039095 
857.5836075004029 
857.9088857132157 
858.1199424666297 
858.479068542667 
858.770090631187 
858.8273153590446 
859.054860852279 
859.0946264912008 
859.4165994279518 
859.5733536334549 
860.1546147284155 
860.3162672952677 
860.4729366080505 
860.6339542104932 
860.8489448930869 
861.003269395535 
861.3662442616968 
861.3429749021097 
861.3755539744782 
861.6431241866329 
861.8013976138562 
862.0110851304593 
862.3815738675974 
862.5905135100799 
862.7927918657267 
862.8920719995466 
863.1802862655001 
863.2613524210506 
863.4545954725485 
863.7023234667064 
863.9247045099876 
863.9446998947387 
864.2235337343378 
864.4040003271632 
864.594980330245 
864.993489013129 
864.9251160928704 
865.0468176910078 
865.2695159592739 
865.6838109313608 
865.8015229505642 
865.9586921950985 
866.248520469194 
866.2485785088462 
866.3970571900286 
866.6135358049688 
866.9177023759712 
867.0025103070376 
867.1866876340522 
867.5725541558413 
867.9554309761684 
868.0339746298305 
868.2487392336766 
868.2988019895859 
868.6587165449254 
868.7438861029394 
868.8204972806727 
869.1162534671345 
869.3951675951213 
869.5507176091957 
869.7664098761703 
870.0622865792076 
870.0763024597526 
870.2231871419793 
870.468016168964 
870.7321336521222 
870.9312153345095 
870.9509084121677 
871.2142251458979 
871.4696775227704 
871.6151389029988 
871.7291153738304 
872.072133360619 
872.275981886916 
872.403459875684 
872.5911118447837 
872.8446907533539 
872.8606122954873 
872.8210223505145 
873.0312410445974 
873.2128026601704 
873.523246574608 
873.5809586845478 
873.6881441561895 
873.9967302174355 
874.025547899387 
874.2272518541686 
874.332318940574 
874.3152249861978 
874.5605931188678 
874.6778731047217 
874.7433387805255 
874.8481192605773 
874.9638543868112 
875.0497251864188 
875.2099573296138 
875.5017310044002 
875.7008745379532 
875.7702432697924 
875.834342132857 
875.8356481957647 
876.0668671028851 
876.362511058893 
876.5914709964608 
876.7906708880857 
876.9356046669888 
877.0634946144869 
877.203042905492 
877.5249062060473 
877.7041490885962 
877.7079013117152 
878.0465683122463 
878.0772053215001 
878.2358441377822 
878.3722353576212 
878.5983856684413 
878.6629116310321 
878.7024790100072 
878.8635697037909 
878.8255807784892 
878.9088884237713 
879.1299952633353 
879.4371007807397 
879.5715531576301 
879.5315975117792 
879.5400706115454 
879.6117602373621 
879.8489100865104 
880.0725154750065 
880.0911951107763 
880.1902410373716 
880.1649967380511 
880.5711801090455 
880.6396919166771 
880.6572379632485 
880.7879087008023 
881.0307231614534 
881.2044154669225 
881.2936537189645 
881.3680687730376 
881.4987734348925 
881.6574724208772 
881.6880884703138 
881.9701408504593 
881.9973923517734 
882.1770659087324 
882.2925721270525 
882.3360388655701 
882.4824818545187 
882.5884367176644 
882.8019986864672 
883.077171002415 
883.1886512114054 
883.1772841642143 
883.2041677428164 
883.4479139327337 
883.4625887375837 
883.6838965183131 
883.635593154919 
883.8281240809454 
883.9292321134055 
884.0014995039533 
884.0382309612907 
884.0219027674029 
884.2412765246887 
884.5674592752566 
884.6989663019349 
884.7044526965446 
884.8251803518359 
884.8896364531331 
884.9015824217419 
885.1023944016385 
885.3317311019543 
885.4881241208204 
885.5162143738908 
885.647752962155 
885.7235859092558 
885.8943960488812 
885.9608989496888 
886.1939198190499 
886.2720332293386 
886.3010818980346 
886.269246663617 
886.5055679975419 
886.5764000070988 
886.6893965653738 
886.8918690432355 
887.0394696284776 
886.9879719458125 
887.2621954647115 
887.4384229891128 
887.4217734258998 
887.5648907020596 
887.7750514152873 
887.791825378239 
887.9926111266235 
888.2237636551902 
888.3213341747303 
888.1990892960331 
888.2564135278641 
888.3603938070814 
888.5788331014492 
888.7109199144721 
888.7603629967018 
888.8269224888116 
888.9241530775064 
889.0444211941598 
889.1784736890688 
889.3875027864055 
889.2940586740546 
889.3480424237049 
889.4452390518295 
889.5790407240468 
889.7769476935823 
889.8377860390556 
889.8128276465923 
889.9955346207656 
889.9266545894671 
890.0230329933769 
890.1824226967328 
890.3116520780451 
890.3848672881765 
890.6395237610477 
890.6653161667512 
890.8558581861982 
890.8298827644958 
890.9893371488942 
891.0034116504286 
891.2038901265463 
891.2143425773883 
