# "ClusterAnalysis.largest_size"
849 
787 
883 
793 
859 
803 
782 
833 
830 
847 
895 
890 
895 
832 
899 
867 
872 
882 
862 
816 
891 
836 
864 
893 
958 
932 
934 
907 
998 
989 
1029 
948 
1006 
989 
1039 
1058 
996 
1019 
1095 
1078 
1109 
1077 
1053 
1063 
1133 
1195 
1232 
1247 
1284 
1308 
1330 
1433 
1511 
1537 
1598 
1613 
1651 
1736 
1746 
1754 
1750 
1775 
1852 
1870 
1901 
1946 
1968 
1963 
1963 
1989 
2024 
2034 
2029 
2082 
2073 
2081 
2072 
2073 
2104 
2121 
2125 
2167 
2138 
2200 
2170 
2204 
2197 
2226 
2240 
2252 
2240 
2252 
2266 
2264 
2346 
2349 
2373 
2375 
2365 
2329 
2321 
