# "ClusterAnalysis.largest_size"
238 
443 
320 
421 
426 
344 
166 
221 
333 
390 
268 
455 
460 
517 
468 
574 
505 
437 
497 
525 
540 
614 
672 
646 
721 
777 
675 
762 
771 
706 
590 
599 
536 
699 
606 
654 
750 
650 
628 
602 
621 
669 
631 
657 
599 
691 
768 
738 
673 
568 
689 
620 
634 
638 
627 
638 
707 
762 
736 
826 
744 
818 
820 
720 
766 
769 
688 
832 
809 
706 
722 
746 
646 
648 
656 
696 
659 
595 
583 
695 
608 
675 
591 
549 
585 
603 
490 
593 
628 
599 
624 
657 
605 
672 
789 
732 
707 
746 
696 
674 
670 
