# "ClusterAnalysis.largest_size"
3061 
3080 
3093 
3065 
3043 
3056 
3078 
3069 
3043 
3097 
3059 
3047 
3057 
3089 
3054 
3093 
3076 
3071 
3071 
3087 
3112 
3105 
3106 
3118 
3132 
3135 
3133 
3149 
3141 
3129 
3117 
3105 
3131 
3157 
3185 
3151 
3137 
3149 
3168 
3177 
3153 
3176 
3176 
3167 
3156 
3159 
3179 
3169 
3185 
3202 
3196 
3173 
3201 
3199 
3200 
3219 
3202 
3206 
3217 
3213 
3213 
3225 
3204 
3212 
3210 
3214 
3220 
3231 
3251 
3255 
3244 
3243 
3289 
3267 
3255 
3256 
3237 
3241 
3250 
3262 
3262 
3235 
3247 
3255 
3247 
3263 
3249 
3252 
3245 
3230 
3208 
3251 
3192 
3216 
3230 
3253 
3261 
3257 
3257 
3224 
3254 
