# "ClusterAnalysis.largest_size"
2836 
2842 
2839 
2862 
2872 
2865 
2869 
2905 
2875 
2916 
2897 
2916 
2899 
2894 
2897 
2896 
2909 
2904 
2922 
2909 
2907 
2874 
2877 
2867 
2845 
2849 
2843 
2805 
2886 
2917 
2881 
2889 
2859 
2857 
2920 
2921 
2954 
2891 
2896 
2924 
2944 
2956 
2952 
2943 
2916 
2932 
2929 
2965 
2944 
2904 
2882 
2884 
2930 
2911 
2935 
2920 
2927 
2905 
2950 
2924 
2906 
2906 
2891 
2930 
2955 
2954 
2979 
2939 
2948 
2952 
2962 
2988 
2988 
2945 
2932 
2952 
2937 
2945 
2979 
2985 
2994 
3028 
3001 
3003 
3006 
3028 
3029 
3002 
3010 
3010 
3020 
3027 
3045 
3017 
3016 
3023 
3011 
3031 
3029 
3043 
3068 
