# "ClusterAnalysis.largest_size"
2321 
2303 
2360 
2357 
2421 
2367 
2367 
2379 
2409 
2397 
2375 
2398 
2407 
2380 
2415 
2424 
2424 
2441 
2464 
2476 
2428 
2413 
2439 
2460 
2453 
2499 
2512 
2470 
2459 
2485 
2532 
2502 
2521 
2511 
2547 
2520 
2536 
2523 
2553 
2546 
2521 
2522 
2542 
2534 
2547 
2511 
2527 
2519 
2580 
2572 
2585 
2606 
2589 
2613 
2605 
2612 
2618 
2616 
2614 
2596 
2618 
2631 
2582 
2626 
2623 
2646 
2693 
2610 
2621 
2657 
2624 
2651 
2663 
2679 
2646 
2662 
2670 
2714 
2692 
2691 
2677 
2623 
2670 
2676 
2705 
2705 
2668 
2717 
2724 
2707 
2721 
2706 
2675 
2707 
2741 
2731 
2718 
2701 
2708 
2718 
2745 
