# "ClusterAnalysis.largest_size"
3068 
3038 
3046 
3040 
3052 
3084 
3058 
3067 
3063 
3073 
3088 
3109 
3070 
3086 
3066 
3084 
3086 
3087 
3052 
3064 
3052 
3074 
3084 
3056 
3054 
3068 
3049 
3056 
3079 
3076 
3039 
3040 
3050 
3041 
3040 
3058 
3085 
3060 
3069 
3026 
3057 
3030 
3040 
3063 
3076 
3034 
3047 
3037 
3023 
3038 
3016 
3018 
3024 
3028 
3050 
3054 
3057 
3054 
3028 
3029 
3012 
3030 
3049 
3074 
3058 
3011 
3028 
3029 
3041 
3081 
3066 
3119 
3049 
3057 
3028 
3007 
2991 
2988 
2990 
3010 
3016 
3053 
3046 
3047 
3027 
3016 
3050 
3074 
3075 
3072 
3056 
3065 
3077 
3051 
3052 
3057 
3070 
3052 
3074 
3066 
3061 
