# "ClusterAnalysis.largest_size"
670 
590 
600 
598 
623 
653 
606 
711 
696 
786 
717 
722 
776 
779 
730 
805 
801 
791 
740 
719 
700 
807 
696 
721 
761 
569 
627 
673 
705 
714 
596 
616 
645 
721 
655 
672 
710 
661 
668 
669 
710 
677 
708 
676 
704 
689 
631 
641 
738 
692 
794 
849 
828 
795 
784 
809 
781 
808 
852 
841 
855 
864 
901 
915 
911 
860 
808 
895 
903 
946 
871 
910 
856 
922 
980 
909 
816 
802 
791 
831 
730 
818 
777 
769 
795 
881 
778 
895 
842 
774 
775 
807 
855 
911 
974 
924 
857 
939 
951 
847 
849 
