# "ClusterAnalysis.largest_size"
2745 
2752 
2782 
2781 
2783 
2796 
2810 
2786 
2794 
2809 
2778 
2791 
2783 
2768 
2754 
2758 
2767 
2754 
2787 
2781 
2779 
2790 
2786 
2817 
2797 
2804 
2790 
2791 
2814 
2846 
2847 
2834 
2854 
2872 
2871 
2867 
2870 
2891 
2884 
2868 
2862 
2827 
2845 
2813 
2847 
2804 
2834 
2775 
2812 
2815 
2795 
2812 
2859 
2827 
2833 
2835 
2834 
2838 
2807 
2839 
2850 
2830 
2837 
2858 
2870 
2874 
2870 
2879 
2863 
2836 
2908 
2915 
2894 
2904 
2945 
2938 
2918 
2892 
2861 
2904 
2910 
2891 
2866 
2914 
2913 
2849 
2839 
2870 
2846 
2824 
2814 
2807 
2826 
2840 
2838 
2824 
2820 
2836 
2836 
2818 
2836 
