# "ClusterAnalysis.largest_size"
1841 
1821 
1822 
1817 
1809 
1768 
1772 
1752 
1738 
1697 
1701 
1662 
1697 
1717 
1721 
1732 
1737 
1737 
1719 
1759 
1708 
1785 
1783 
1753 
1801 
1759 
1776 
1748 
1807 
1766 
1730 
1809 
1736 
1764 
1744 
1699 
1703 
1706 
1707 
1657 
1660 
1696 
1685 
1721 
1654 
1681 
1648 
1676 
1665 
1670 
1630 
1661 
1604 
1642 
1629 
1653 
1666 
1685 
1690 
1627 
1598 
1643 
1666 
1661 
1653 
1655 
1605 
1608 
1650 
1675 
1627 
1561 
1568 
1519 
1572 
1624 
1615 
1621 
1551 
1526 
1530 
1557 
1526 
1509 
1526 
1553 
1516 
1564 
1580 
1556 
1506 
1547 
1571 
1561 
1580 
1584 
1525 
1557 
1575 
1589 
1559 
