# "ClusterAnalysis.largest_size"
2140 
2119 
2127 
2158 
2144 
2168 
2138 
2129 
2162 
2163 
2168 
2185 
2132 
2152 
2165 
2154 
2163 
2132 
2131 
2093 
2124 
2143 
2134 
2100 
2095 
2102 
2101 
2078 
2085 
2066 
2028 
2022 
2031 
2010 
1982 
1961 
1994 
2011 
2029 
2045 
2049 
2047 
2065 
2055 
2030 
2043 
2036 
2030 
2059 
2046 
2044 
2036 
2052 
2037 
2032 
2037 
2070 
2014 
2016 
2024 
1958 
1969 
1964 
1868 
1843 
1885 
1911 
1888 
1918 
1856 
1896 
1930 
1899 
1889 
1929 
1860 
1830 
1902 
1906 
1920 
1892 
1884 
1884 
1883 
1827 
1872 
1862 
1840 
1810 
1807 
1843 
1874 
1847 
1867 
1841 
1803 
1807 
1853 
1809 
1823 
1841 
