# "ClusterAnalysis.largest_size"
2585 
2577 
2526 
2525 
2530 
2508 
2530 
2461 
2491 
2502 
2475 
2449 
2473 
2466 
2453 
2488 
2530 
2482 
2472 
2434 
2450 
2511 
2445 
2443 
2385 
2424 
2411 
2442 
2426 
2459 
2427 
2457 
2480 
2465 
2448 
2484 
2440 
2464 
2474 
2506 
2503 
2465 
2503 
2505 
2520 
2539 
2525 
2545 
2525 
2544 
2548 
2528 
2523 
2528 
2534 
2526 
2538 
2532 
2549 
2525 
2533 
2544 
2522 
2509 
2483 
2544 
2520 
2526 
2552 
2526 
2606 
2611 
2605 
2604 
2600 
2573 
2560 
2571 
2537 
2534 
2519 
2530 
2544 
2567 
2539 
2568 
2540 
2547 
2540 
2553 
2557 
2543 
2518 
2500 
2522 
2532 
2530 
2566 
2561 
2523 
2520 
