# "ClusterAnalysis.largest_size"
1559 
1591 
1606 
1548 
1503 
1550 
1545 
1534 
1557 
1558 
1615 
1589 
1601 
1609 
1587 
1543 
1559 
1500 
1589 
1542 
1515 
1547 
1546 
1530 
1534 
1539 
1501 
1504 
1518 
1422 
1449 
1417 
1380 
1404 
1421 
1438 
1481 
1474 
1448 
1395 
1416 
1386 
1422 
1473 
1441 
1378 
1388 
1456 
1405 
1438 
1385 
1433 
1430 
1437 
1442 
1412 
1385 
1387 
1387 
1415 
1430 
1395 
1383 
1402 
1400 
1415 
1412 
1407 
1443 
1393 
1343 
1304 
1237 
1280 
1226 
1246 
1246 
1231 
1143 
1174 
1145 
1218 
1181 
1245 
1197 
1182 
1114 
1137 
1142 
1061 
1069 
1004 
1037 
1039 
1046 
1025 
964 
976 
1002 
944 
854 
