# "ClusterAnalysis.largest_size"
2083 
2115 
2119 
2129 
2139 
2161 
2125 
2169 
2135 
2178 
2206 
2183 
2147 
2146 
2147 
2162 
2136 
2116 
2167 
2145 
2167 
2184 
2213 
2157 
2224 
2181 
2185 
2116 
2111 
2102 
2168 
2223 
2218 
2243 
2245 
2222 
2238 
2208 
2249 
2251 
2220 
2236 
2244 
2218 
2231 
2233 
2230 
2240 
2244 
2251 
2250 
2230 
2194 
2292 
2238 
2254 
2248 
2271 
2206 
2160 
2201 
2188 
2197 
2202 
2176 
2178 
2157 
2114 
2145 
2144 
2180 
2174 
2175 
2142 
2168 
2204 
2214 
2190 
2180 
2104 
2188 
2135 
2115 
2141 
2064 
2076 
2101 
2086 
2128 
2115 
2149 
2174 
2210 
2198 
2191 
2222 
2237 
2188 
2179 
2144 
2140 
