# "ClusterAnalysis.largest_size"
2853 
2831 
2814 
2803 
2779 
2810 
2842 
2813 
2809 
2826 
2867 
2851 
2825 
2836 
2832 
2802 
2815 
2850 
2808 
2853 
2831 
2800 
2806 
2834 
2784 
2778 
2763 
2746 
2739 
2765 
2785 
2820 
2819 
2773 
2754 
2720 
2751 
2728 
2714 
2756 
2701 
2715 
2704 
2712 
2694 
2703 
2721 
2737 
2747 
2698 
2696 
2708 
2720 
2710 
2763 
2710 
2741 
2700 
2734 
2674 
2702 
2698 
2688 
2671 
2680 
2620 
2663 
2678 
2611 
2621 
2651 
2615 
2634 
2677 
2645 
2699 
2688 
2677 
2693 
2665 
2627 
2636 
2594 
2561 
2554 
2532 
2583 
2566 
2578 
2546 
2528 
2541 
2526 
2513 
2501 
2485 
2534 
2584 
2552 
2576 
2585 
