# "ClusterAnalysis.largest_size"
3254 
3226 
3226 
3261 
3260 
3281 
3262 
3254 
3287 
3291 
3301 
3314 
3297 
3269 
3292 
3280 
3274 
3271 
3268 
3241 
3284 
3293 
3274 
3279 
3320 
3303 
3305 
3286 
3302 
3312 
3294 
3313 
3304 
3299 
3304 
3295 
3308 
3296 
3270 
3306 
3309 
3305 
3295 
3294 
3309 
3272 
3287 
3252 
3270 
3274 
3298 
3281 
3288 
3289 
3281 
3266 
3284 
3283 
3288 
3280 
3333 
3309 
3330 
3323 
3324 
3306 
3319 
3324 
3338 
3312 
3317 
3327 
3335 
3322 
3342 
3313 
3312 
3296 
3313 
3275 
3311 
3308 
3326 
3275 
3284 
3295 
3291 
3310 
3287 
3292 
3292 
3295 
3267 
3264 
3260 
3270 
3294 
3277 
3275 
3318 
3287 
