# "ClusterAnalysis.largest_size"
2824 
2800 
2835 
2828 
2827 
2823 
2833 
2839 
2826 
2842 
2836 
2817 
2816 
2851 
2833 
2845 
2809 
2797 
2772 
2778 
2795 
2793 
2795 
2749 
2768 
2790 
2803 
2790 
2815 
2749 
2767 
2799 
2815 
2801 
2824 
2821 
2812 
2836 
2841 
2843 
2820 
2835 
2842 
2797 
2813 
2821 
2816 
2813 
2787 
2787 
2811 
2848 
2872 
2865 
2869 
2845 
2859 
2826 
2828 
2801 
2850 
2866 
2824 
2807 
2836 
2818 
2803 
2838 
2840 
2812 
2832 
2845 
2825 
2843 
2869 
2861 
2880 
2859 
2874 
2821 
2825 
2833 
2829 
2848 
2810 
2827 
2822 
2851 
2834 
2842 
2787 
2824 
2849 
2796 
2803 
2792 
2795 
2812 
2819 
2845 
2853 
