# "ClusterAnalysis.largest_size"
3073 
3071 
3050 
3094 
3095 
3072 
3093 
3091 
3100 
3085 
3033 
3038 
3046 
3025 
3012 
3006 
3032 
3020 
3033 
3043 
3075 
3070 
3058 
3047 
3027 
3051 
3066 
3036 
3055 
3007 
3047 
3024 
3059 
3065 
3037 
3035 
3019 
3007 
2998 
3015 
2987 
3005 
3015 
2989 
3005 
2996 
2987 
2976 
2986 
2992 
2987 
2954 
2946 
2940 
2939 
2948 
2943 
2937 
2948 
2941 
2956 
2953 
2945 
2960 
2934 
2890 
2915 
2948 
2967 
2955 
2950 
2926 
2942 
2917 
2903 
2924 
2895 
2946 
2920 
2911 
2866 
2883 
2843 
2856 
2834 
2824 
2822 
2822 
2828 
2837 
2853 
2828 
2827 
2848 
2842 
2824 
2840 
2814 
2833 
2822 
2824 
