# "ClusterAnalysis.largest_size"
3095 
3106 
3096 
3102 
3093 
3133 
3088 
3085 
3093 
3062 
3066 
3067 
3036 
3046 
3083 
3083 
3118 
3104 
3133 
3116 
3109 
3083 
3086 
3094 
3103 
3081 
3057 
3067 
3058 
3085 
3059 
3062 
3006 
3026 
3012 
3056 
3049 
3028 
3086 
3031 
3047 
3059 
3060 
3050 
3051 
3047 
3050 
3018 
2996 
3020 
2995 
3036 
3050 
3049 
3023 
3036 
3068 
3072 
3048 
3063 
3013 
3051 
3030 
3072 
3046 
3046 
3062 
3061 
3075 
3046 
3034 
3022 
3057 
3052 
3027 
3022 
3025 
3057 
3072 
3071 
3090 
3084 
3052 
3044 
3044 
3021 
3010 
3018 
2969 
3020 
3036 
3039 
3057 
3057 
3059 
3048 
3057 
3056 
3041 
3075 
3073 
