# "ClusterAnalysis.largest_size"
3287 
3285 
3273 
3281 
3300 
3278 
3301 
3298 
3320 
3267 
3289 
3275 
3264 
3236 
3239 
3260 
3256 
3263 
3253 
3258 
3272 
3278 
3281 
3273 
3231 
3239 
3240 
3252 
3233 
3244 
3239 
3212 
3231 
3197 
3180 
3174 
3191 
3189 
3165 
3223 
3210 
3213 
3211 
3235 
3247 
3188 
3214 
3208 
3208 
3214 
3187 
3164 
3138 
3165 
3143 
3154 
3171 
3152 
3164 
3164 
3146 
3151 
3186 
3168 
3208 
3174 
3182 
3190 
3186 
3155 
3155 
3154 
3185 
3195 
3164 
3158 
3132 
3123 
3105 
3134 
3145 
3127 
3135 
3144 
3168 
3161 
3182 
3170 
3168 
3183 
3124 
3141 
3153 
3139 
3126 
3161 
3139 
3119 
3128 
3099 
3095 
