# "ClusterAnalysis.largest_size"
2520 
2552 
2551 
2521 
2496 
2502 
2507 
2503 
2493 
2479 
2519 
2526 
2524 
2522 
2514 
2534 
2525 
2491 
2473 
2478 
2482 
2518 
2503 
2469 
2481 
2518 
2515 
2528 
2512 
2476 
2515 
2544 
2491 
2476 
2469 
2439 
2516 
2462 
2473 
2466 
2511 
2478 
2468 
2432 
2440 
2437 
2422 
2389 
2408 
2379 
2340 
2364 
2349 
2371 
2351 
2377 
2381 
2398 
2373 
2325 
2364 
2350 
2358 
2384 
2364 
2356 
2353 
2312 
2297 
2301 
2349 
2323 
2343 
2287 
2268 
2305 
2350 
2294 
2286 
2265 
2268 
2236 
2230 
2212 
2241 
2236 
2257 
2245 
2261 
2255 
2184 
2174 
2160 
2105 
2114 
2095 
2087 
2040 
2107 
2092 
2083 
